## htsjdk.samtools.metrics.StringHeader
# CollectInsertSizeMetrics HISTOGRAM_FILE=/work/ugbogu/pipeline/data/nbl/GSE189367/results/picard/SRR17010997_insert_size_histogram.pdf MINIMUM_PCT=0.5 INPUT=/work/ugbogu/pipeline/data/nbl/GSE189367/results/star/SRR17010997.Aligned.sortedByCoord.out.bam OUTPUT=/work/ugbogu/pipeline/data/nbl/GSE189367/results/picard/SRR17010997_insert_size_metrics.txt    DEVIATIONS=10.0 METRIC_ACCUMULATION_LEVEL=[ALL_READS] INCLUDE_DUPLICATES=false ASSUME_SORTED=true STOP_AFTER=0 VERBOSITY=INFO QUIET=false VALIDATION_STRINGENCY=STRICT COMPRESSION_LEVEL=5 MAX_RECORDS_IN_RAM=500000 CREATE_INDEX=false CREATE_MD5_FILE=false USE_JDK_DEFLATER=false USE_JDK_INFLATER=false
## htsjdk.samtools.metrics.StringHeader
# Started on: Wed Apr 15 16:14:18 UTC 2026

## METRICS CLASS	picard.analysis.InsertSizeMetrics
MEDIAN_INSERT_SIZE	MODE_INSERT_SIZE	MEDIAN_ABSOLUTE_DEVIATION	MIN_INSERT_SIZE	MAX_INSERT_SIZE	MEAN_INSERT_SIZE	STANDARD_DEVIATION	READ_PAIRS	PAIR_ORIENTATION	WIDTH_OF_10_PERCENT	WIDTH_OF_20_PERCENT	WIDTH_OF_30_PERCENT	WIDTH_OF_40_PERCENT	WIDTH_OF_50_PERCENT	WIDTH_OF_60_PERCENT	WIDTH_OF_70_PERCENT	WIDTH_OF_80_PERCENT	WIDTH_OF_90_PERCENT	WIDTH_OF_95_PERCENT	WIDTH_OF_99_PERCENT	SAMPLE	LIBRARY	READ_GROUP
1027	133	885	24	3119910	1689.598539	2152.865394	51622556	FR	621	1185	1529	1687	1771	1853	4027	8865	24877	86257	153573			

## HISTOGRAM	java.lang.Integer
insert_size	All_Reads.fr_count
24	1
26	6
27	3
28	5
29	5
30	4
31	10
32	6
33	10
34	9
35	181
36	204
37	325
38	278
39	360
40	395
41	272
42	391
43	462
44	395
45	419
46	446
47	543
48	606
49	700
50	586
51	728
52	708
53	831
54	812
55	1121
56	1101
57	1074
58	1357
59	1347
60	1664
61	1728
62	1886
63	1961
64	2049
65	2309
66	2668
67	3083
68	3663
69	3555
70	4302
71	4765
72	4690
73	5786
74	6423
75	11756
76	8526
77	8850
78	10727
79	10458
80	11078
81	12806
82	12898
83	13936
84	16000
85	17655
86	19899
87	21676
88	22546
89	24568
90	27836
91	29682
92	33478
93	36079
94	40384
95	42961
96	44958
97	51331
98	55199
99	60641
100	61858
101	65475
102	67205
103	71186
104	79387
105	86545
106	87709
107	90868
108	91719
109	96797
110	99960
111	101256
112	104701
113	107248
114	108954
115	112236
116	116922
117	118341
118	125674
119	125272
120	130655
121	140017
122	136498
123	145367
124	146296
125	139624
126	135103
127	140028
128	136350
129	138517
130	144536
131	142601
132	142481
133	150169
134	146460
135	143154
136	145084
137	140398
138	140197
139	141887
140	143610
141	141221
142	140322
143	139406
144	138247
145	138621
146	132696
147	132556
148	133253
149	130920
150	128390
151	132527
152	130133
153	129653
154	130294
155	128797
156	127795
157	124445
158	120083
159	119075
160	119806
161	118486
162	118154
163	116898
164	113524
165	108851
166	110302
167	108999
168	108163
169	109547
170	108111
171	104703
172	105421
173	103007
174	99327
175	101422
176	101322
177	96518
178	95715
179	94963
180	93345
181	94268
182	91253
183	90991
184	88234
185	87807
186	88242
187	89567
188	86990
189	83610
190	83406
191	80937
192	81747
193	81446
194	81102
195	80131
196	77898
197	78495
198	76675
199	76072
200	74617
201	73836
202	73547
203	73171
204	69856
205	70067
206	68947
207	69513
208	70154
209	68157
210	66236
211	64174
212	67602
213	65434
214	63819
215	64944
216	62205
217	62245
218	62097
219	59969
220	61132
221	60651
222	58810
223	59136
224	58508
225	57904
226	57109
227	58752
228	55573
229	55652
230	56877
231	55537
232	54652
233	55701
234	54638
235	52726
236	53934
237	52522
238	51656
239	51093
240	49942
241	48963
242	48664
243	49317
244	48380
245	47671
246	47592
247	46778
248	48338
249	45486
250	45680
251	45547
252	45070
253	44259
254	44066
255	43155
256	43375
257	42500
258	42235
259	43219
260	43565
261	42244
262	42975
263	42708
264	41071
265	41104
266	39193
267	40002
268	39253
269	40130
270	39811
271	38734
272	38507
273	38977
274	38243
275	37669
276	36988
277	36916
278	36844
279	37032
280	35873
281	36433
282	35278
283	35427
284	34983
285	34790
286	36415
287	34905
288	34550
289	33813
290	33517
291	33022
292	33732
293	32591
294	32499
295	32514
296	31943
297	31166
298	31536
299	30895
300	30741
301	31034
302	30280
303	30913
304	30808
305	30529
306	29521
307	29801
308	29806
309	29503
310	28224
311	28155
312	28421
313	27638
314	28058
315	27946
316	27105
317	27682
318	27463
319	26203
320	26953
321	26284
322	26546
323	25983
324	26321
325	25913
326	25531
327	25305
328	25622
329	24801
330	25221
331	24651
332	25323
333	23733
334	24620
335	24254
336	24679
337	24237
338	23622
339	23579
340	23786
341	23701
342	23093
343	22829
344	22975
345	22835
346	23169
347	23428
348	22767
349	22461
350	21563
351	21431
352	21967
353	21662
354	21736
355	21068
356	20632
357	21845
358	20402
359	21284
360	20744
361	20996
362	20634
363	19875
364	20089
365	20236
366	20484
367	19945
368	19832
369	20168
370	20387
371	19566
372	18747
373	19200
374	19937
375	19497
376	19055
377	19013
378	19331
379	19165
380	19254
381	18490
382	18169
383	18110
384	18439
385	18046
386	18412
387	18210
388	17552
389	17391
390	17445
391	18198
392	17358
393	17791
394	17074
395	17042
396	17311
397	17361
398	17146
399	16566
400	17428
401	17352
402	17041
403	16840
404	16310
405	16415
406	15524
407	15830
408	16275
409	16572
410	16552
411	16391
412	16442
413	15205
414	16398
415	15456
416	15237
417	15618
418	15928
419	16017
420	15156
421	15244
422	15447
423	15217
424	15650
425	15779
426	15223
427	15782
428	15683
429	15577
430	14604
431	14742
432	15054
433	14564
434	14528
435	14841
436	14773
437	14620
438	14338
439	14636
440	14741
441	14515
442	14214
443	14451
444	14882
445	14101
446	14910
447	14057
448	14315
449	14572
450	14502
451	14351
452	14373
453	14135
454	14632
455	14973
456	13596
457	13759
458	13267
459	14310
460	13006
461	13686
462	13301
463	13556
464	13644
465	13727
466	13445
467	13859
468	13380
469	13363
470	13330
471	13191
472	13356
473	13148
474	12324
475	12445
476	12477
477	13021
478	12403
479	12851
480	12961
481	12238
482	12235
483	12512
484	12170
485	12884
486	12177
487	12871
488	12295
489	12458
490	12606
491	12557
492	12143
493	12218
494	12625
495	12510
496	12122
497	12482
498	12457
499	12771
500	12608
501	11722
502	12012
503	12672
504	12226
505	12500
506	12308
507	12679
508	12226
509	12242
510	12554
511	11940
512	11999
513	12343
514	12079
515	12274
516	12287
517	12317
518	12128
519	12739
520	12604
521	12424
522	12511
523	11717
524	11862
525	11847
526	11834
527	12372
528	11674
529	11955
530	12026
531	11773
532	12264
533	12032
534	11970
535	12174
536	12255
537	12738
538	11753
539	12356
540	12479
541	12008
542	12322
543	12506
544	11846
545	11851
546	11928
547	11584
548	11155
549	11768
550	11926
551	12015
552	11434
553	11777
554	11190
555	12114
556	11857
557	11960
558	12105
559	11532
560	11635
561	11273
562	11670
563	11732
564	11602
565	11386
566	11436
567	11312
568	11384
569	11322
570	12336
571	11300
572	10980
573	11471
574	11598
575	11919
576	11566
577	11401
578	11676
579	11560
580	11513
581	11456
582	11980
583	11580
584	11467
585	11929
586	11309
587	11523
588	11590
589	11556
590	11193
591	11152
592	12064
593	11950
594	11097
595	11400
596	11650
597	11636
598	11491
599	11147
600	11512
601	11024
602	11292
603	10955
604	10681
605	11429
606	11351
607	11044
608	11039
609	10445
610	11144
611	10895
612	10868
613	11407
614	11239
615	11352
616	11087
617	10722
618	11696
619	10597
620	11040
621	11101
622	10809
623	10618
624	11027
625	10910
626	11694
627	11207
628	11295
629	11372
630	10446
631	10633
632	11128
633	11069
634	11298
635	11186
636	11259
637	10874
638	11617
639	11814
640	11090
641	10991
642	10542
643	10685
644	11028
645	11020
646	11344
647	11117
648	10624
649	11998
650	10518
651	10474
652	10787
653	10590
654	11432
655	10811
656	10374
657	10909
658	10731
659	10551
660	10934
661	10921
662	10499
663	10917
664	10843
665	10491
666	11006
667	11027
668	10729
669	10463
670	10997
671	10736
672	10961
673	10268
674	10592
675	10229
676	10551
677	10445
678	10787
679	10665
680	10878
681	11039
682	11332
683	10432
684	10503
685	10914
686	10060
687	10833
688	10219
689	10297
690	10509
691	11161
692	10720
693	10858
694	11112
695	10690
696	10985
697	10540
698	10927
699	10875
700	10810
701	11180
702	11201
703	11058
704	10814
705	10620
706	10332
707	10236
708	10981
709	10663
710	10447
711	9787
712	10551
713	10328
714	10752
715	10630
716	10429
717	10461
718	10204
719	10339
720	10299
721	10638
722	9819
723	10391
724	10666
725	9987
726	10497
727	10114
728	9778
729	10092
730	10349
731	10305
732	9878
733	10292
734	10265
735	10228
736	10074
737	10257
738	10258
739	10218
740	10073
741	10562
742	10395
743	9993
744	10107
745	10376
746	10560
747	9768
748	10111
749	10148
750	10308
751	10002
752	10141
753	9633
754	9601
755	9996
756	9638
757	10202
758	10330
759	10081
760	10171
761	9874
762	10303
763	10217
764	10104
765	10139
766	10351
767	9881
768	10096
769	10011
770	9960
771	9523
772	9922
773	10073
774	10054
775	10383
776	9833
777	9527
778	9350
779	9669
780	9935
781	9912
782	10057
783	9766
784	9776
785	9472
786	10106
787	9972
788	10365
789	10136
790	9624
791	9475
792	10215
793	9843
794	10616
795	9725
796	9687
797	9780
798	9907
799	10033
800	9635
801	10139
802	10337
803	10037
804	10393
805	10056
806	10298
807	9467
808	9539
809	9710
810	9663
811	9721
812	9595
813	9171
814	9910
815	9552
816	9586
817	9391
818	9557
819	9677
820	9412
821	9396
822	9683
823	9352
824	9446
825	9540
826	9392
827	9497
828	8940
829	9471
830	9893
831	9959
832	9364
833	9668
834	9294
835	9378
836	9693
837	9997
838	9630
839	9748
840	9116
841	9312
842	9203
843	9456
844	9762
845	9319
846	9232
847	9050
848	9524
849	9161
850	9158
851	8636
852	8959
853	9595
854	8984
855	9583
856	9153
857	9479
858	9397
859	9060
860	9380
861	9571
862	8665
863	8921
864	8981
865	9076
866	9440
867	9068
868	9041
869	9200
870	8736
871	8827
872	8995
873	8806
874	8911
875	9196
876	9610
877	9385
878	9494
879	9248
880	8988
881	9027
882	9513
883	9199
884	9294
885	8767
886	9145
887	9446
888	9286
889	8986
890	9226
891	9224
892	9508
893	9484
894	8766
895	9280
896	8722
897	8946
898	8952
899	8780
900	9094
901	9119
902	9264
903	9303
904	8477
905	8758
906	8792
907	8664
908	8934
909	8671
910	8749
911	9040
912	8713
913	9038
914	8944
915	8786
916	9280
917	9007
918	8838
919	9275
920	8834
921	9072
922	9140
923	9194
924	9066
925	8823
926	8979
927	8693
928	8682
929	8923
930	8905
931	8765
932	8625
933	9546
934	8939
935	8669
936	8795
937	9036
938	8482
939	9196
940	8951
941	9184
942	9012
943	8520
944	8839
945	8521
946	8820
947	8687
948	8836
949	8711
950	8743
951	9099
952	8447
953	8332
954	8642
955	8466
956	8647
957	8707
958	8057
959	8263
960	8209
961	8120
962	8632
963	8209
964	7944
965	8493
966	7882
967	8607
968	8573
969	8277
970	8533
971	8151
972	8185
973	7905
974	8391
975	8468
976	8255
977	8476
978	8699
979	8270
980	8409
981	8122
982	7955
983	8186
984	7896
985	8124
986	8535
987	7919
988	8334
989	8104
990	8333
991	7980
992	7985
993	7893
994	8056
995	7899
996	7899
997	7892
998	8046
999	8052
1000	8309
1001	7901
1002	7740
1003	8087
1004	8289
1005	8013
1006	7838
1007	8001
1008	7803
1009	8323
1010	8278
1011	7615
1012	7909
1013	8009
1014	8209
1015	8304
1016	7874
1017	7838
1018	8006
1019	8276
1020	8366
1021	7484
1022	8134
1023	7626
1024	7755
1025	7705
1026	8126
1027	7758
1028	7803
1029	8063
1030	7751
1031	7786
1032	7693
1033	7590
1034	7790
1035	7989
1036	7489
1037	7851
1038	7735
1039	7604
1040	7530
1041	7541
1042	7681
1043	7516
1044	7854
1045	7422
1046	7835
1047	7799
1048	7802
1049	7563
1050	7784
1051	7768
1052	8192
1053	7787
1054	7464
1055	7575
1056	7407
1057	7739
1058	7025
1059	7477
1060	7383
1061	7263
1062	7212
1063	7564
1064	7562
1065	7419
1066	7389
1067	7467
1068	7622
1069	6819
1070	6838
1071	7215
1072	7013
1073	7026
1074	7188
1075	7298
1076	6934
1077	7042
1078	7773
1079	7519
1080	7354
1081	7759
1082	7512
1083	7443
1084	7121
1085	7512
1086	7633
1087	7218
1088	7471
1089	7589
1090	7366
1091	7325
1092	6950
1093	7247
1094	7434
1095	7503
1096	7095
1097	7446
1098	6818
1099	7642
1100	7311
1101	6985
1102	7435
1103	7315
1104	7365
1105	7710
1106	7531
1107	7112
1108	7402
1109	7638
1110	7512
1111	7475
1112	7361
1113	7208
1114	7097
1115	7068
1116	7128
1117	7492
1118	7291
1119	7511
1120	7362
1121	7616
1122	7385
1123	7831
1124	7830
1125	7362
1126	7032
1127	7563
1128	7205
1129	7416
1130	7277
1131	7060
1132	7251
1133	7115
1134	7269
1135	7384
1136	7463
1137	7323
1138	7432
1139	7409
1140	6991
1141	7895
1142	7672
1143	7488
1144	7472
1145	7979
1146	7436
1147	7653
1148	7242
1149	7569
1150	7696
1151	7964
1152	7525
1153	7286
1154	7116
1155	7478
1156	7784
1157	7680
1158	7708
1159	7777
1160	7691
1161	7634
1162	7812
1163	7866
1164	7772
1165	7673
1166	7663
1167	7418
1168	7270
1169	7255
1170	7141
1171	7254
1172	7318
1173	7549
1174	7282
1175	7034
1176	7465
1177	7006
1178	7185
1179	7094
1180	7605
1181	7233
1182	7608
1183	7491
1184	7495
1185	7776
1186	7652
1187	7343
1188	7264
1189	6851
1190	7009
1191	7395
1192	7423
1193	7893
1194	6966
1195	7497
1196	7333
1197	7374
1198	7244
1199	7107
1200	7560
1201	7504
1202	7085
1203	7365
1204	7146
1205	7106
1206	6903
1207	7165
1208	7121
1209	7527
1210	7218
1211	7100
1212	7082
1213	7321
1214	7367
1215	7234
1216	6899
1217	6871
1218	7483
1219	7457
1220	7502
1221	7097
1222	7434
1223	7622
1224	7078
1225	7273
1226	7508
1227	7415
1228	7586
1229	7091
1230	7310
1231	7286
1232	7214
1233	7059
1234	6893
1235	7323
1236	7030
1237	7291
1238	7184
1239	7118
1240	6844
1241	7052
1242	7374
1243	6807
1244	7039
1245	6704
1246	6875
1247	7019
1248	7029
1249	6861
1250	7119
1251	6942
1252	7001
1253	7003
1254	7257
1255	8077
1256	7575
1257	7788
1258	7360
1259	7135
1260	7539
1261	7229
1262	7055
1263	7664
1264	7652
1265	7920
1266	7816
1267	7725
1268	7114
1269	7375
1270	7194
1271	7064
1272	7270
1273	7542
1274	7059
1275	7040
1276	6798
1277	7200
1278	7015
1279	6674
1280	6953
1281	6845
1282	7157
1283	7025
1284	6598
1285	7008
1286	6787
1287	6756
1288	7085
1289	7468
1290	6797
1291	7140
1292	7063
1293	6863
1294	7108
1295	7014
1296	7070
1297	7021
1298	7329
1299	7699
1300	7252
1301	7512
1302	7254
1303	7743
1304	7416
1305	7686
1306	7380
1307	7092
1308	8112
1309	7818
1310	8004
1311	7930
1312	7455
1313	7971
1314	9191
1315	9002
1316	8107
1317	8011
1318	8119
1319	8163
1320	7641
1321	7487
1322	8023
1323	7865
1324	8916
1325	10257
1326	10083
1327	8714
1328	8635
1329	8719
1330	7593
1331	7950
1332	8037
1333	7744
1334	8574
1335	9425
1336	7910
1337	8204
1338	8052
1339	7196
1340	7828
1341	7479
1342	7333
1343	8249
1344	7073
1345	6872
1346	7254
1347	6731
1348	6870
1349	6740
1350	6959
1351	7148
1352	6890
1353	7159
1354	7000
1355	6837
1356	6894
1357	6693
1358	7050
1359	6682
1360	6732
1361	6795
1362	6760
1363	7169
1364	6359
1365	6544
1366	6453
1367	6610
1368	6968
1369	7007
1370	6764
1371	6685
1372	6833
1373	7061
1374	6730
1375	6723
1376	7111
1377	6607
1378	6707
1379	6407
1380	6650
1381	6829
1382	6787
1383	6661
1384	6744
1385	6811
1386	6825
1387	6722
1388	6715
1389	6200
1390	6463
1391	6947
1392	6502
1393	6473
1394	7018
1395	6751
1396	6813
1397	6875
1398	6724
1399	6853
1400	6401
1401	6238
1402	6447
1403	6748
1404	6462
1405	6761
1406	6547
1407	6650
1408	6480
1409	6932
1410	6248
1411	6479
1412	6330
1413	6624
1414	6699
1415	6458
1416	6545
1417	5959
1418	6941
1419	6502
1420	6518
1421	6899
1422	6726
1423	6564
1424	6363
1425	5915
1426	6407
1427	6468
1428	6533
1429	6346
1430	6156
1431	6528
1432	6282
1433	6329
1434	6489
1435	6145
1436	6280
1437	6293
1438	6139
1439	6519
1440	6554
1441	6498
1442	6279
1443	6112
1444	6290
1445	6228
1446	6108
1447	6372
1448	6261
1449	6051
1450	6174
1451	6291
1452	6247
1453	6242
1454	5745
1455	6217
1456	6405
1457	6283
1458	6555
1459	6434
1460	6184
1461	6153
1462	6357
1463	6320
1464	6199
1465	5926
1466	6028
1467	6236
1468	5955
1469	6229
1470	6086
1471	5967
1472	6372
1473	6161
1474	6405
1475	5971
1476	6341
1477	6448
1478	5968
1479	6182
1480	6149
1481	6145
1482	6213
1483	6222
1484	6425
1485	6120
1486	6055
1487	6517
1488	6398
1489	6630
1490	6102
1491	6756
1492	6920
1493	6664
1494	6698
1495	6326
1496	6512
1497	6334
1498	6796
1499	6756
1500	6746
1501	6295
1502	6502
1503	6180
1504	6121
1505	6092
1506	6511
1507	6691
1508	5908
1509	6080
1510	6617
1511	6554
1512	6210
1513	6731
1514	6264
1515	6131
1516	6588
1517	6551
1518	6144
1519	5861
1520	6020
1521	6325
1522	6404
1523	6505
1524	6758
1525	6677
1526	7199
1527	6382
1528	6156
1529	6371
1530	6162
1531	6681
1532	6684
1533	6468
1534	6435
1535	6691
1536	6723
1537	7010
1538	6365
1539	6655
1540	6785
1541	6662
1542	6863
1543	6210
1544	6442
1545	6154
1546	6411
1547	6507
1548	6253
1549	6276
1550	6674
1551	6895
1552	6386
1553	6906
1554	6886
1555	6775
1556	6997
1557	6906
1558	6977
1559	6668
1560	6220
1561	6923
1562	6541
1563	6835
1564	6637
1565	6787
1566	6447
1567	6458
1568	6676
1569	6401
1570	6746
1571	6901
1572	6189
1573	6636
1574	6812
1575	6649
1576	6609
1577	6180
1578	6456
1579	6251
1580	6522
1581	6300
1582	6570
1583	6439
1584	6165
1585	6800
1586	6341
1587	7189
1588	6429
1589	6317
1590	6435
1591	6553
1592	6531
1593	6726
1594	6718
1595	6408
1596	6095
1597	6121
1598	6456
1599	6522
1600	6355
1601	6525
1602	6295
1603	7011
1604	6596
1605	6562
1606	6166
1607	6847
1608	5815
1609	6247
1610	6218
1611	6274
1612	6021
1613	6318
1614	6292
1615	6110
1616	6188
1617	6081
1618	6047
1619	6080
1620	6015
1621	6255
1622	6288
1623	6035
1624	6148
1625	5885
1626	5978
1627	6543
1628	6205
1629	5972
1630	6144
1631	5921
1632	5944
1633	5745
1634	5674
1635	5795
1636	6275
1637	5786
1638	5874
1639	6111
1640	5787
1641	6037
1642	6351
1643	5882
1644	5663
1645	6083
1646	6168
1647	6019
1648	5561
1649	6120
1650	5469
1651	6607
1652	5698
1653	5835
1654	5642
1655	5724
1656	5835
1657	5772
1658	5689
1659	5667
1660	6026
1661	5708
1662	5784
1663	5683
1664	5721
1665	6183
1666	5653
1667	5813
1668	5721
1669	5855
1670	6684
1671	5406
1672	6350
1673	5873
1674	5987
1675	5958
1676	5408
1677	5990
1678	5975
1679	6127
1680	5741
1681	6092
1682	5641
1683	5674
1684	5703
1685	5457
1686	5743
1687	5738
1688	5930
1689	5417
1690	5830
1691	5727
1692	6044
1693	6088
1694	6013
1695	5801
1696	5793
1697	5756
1698	5809
1699	5692
1700	5455
1701	6056
1702	6041
1703	5964
1704	5702
1705	5903
1706	5920
1707	5975
1708	5840
1709	5994
1710	6326
1711	6142
1712	6257
1713	6079
1714	5805
1715	6062
1716	6112
1717	5839
1718	5740
1719	5681
1720	5613
1721	6285
1722	5887
1723	5492
1724	5825
1725	5927
1726	5499
1727	5585
1728	5623
1729	5928
1730	6182
1731	5859
1732	5503
1733	5840
1734	5459
1735	5492
1736	5972
1737	5627
1738	5662
1739	5885
1740	5430
1741	5817
1742	5949
1743	5363
1744	5207
1745	5710
1746	5698
1747	5862
1748	5807
1749	5396
1750	5369
1751	5382
1752	5785
1753	5271
1754	6003
1755	5486
1756	5355
1757	5443
1758	5723
1759	5407
1760	5497
1761	5567
1762	5336
1763	5741
1764	5316
1765	5765
1766	5407
1767	5526
1768	5264
1769	5942
1770	5534
1771	5489
1772	5408
1773	5747
1774	5565
1775	5415
1776	5216
1777	5480
1778	5120
1779	5408
1780	5335
1781	5268
1782	5183
1783	5343
1784	5379
1785	5124
1786	4958
1787	5597
1788	5432
1789	5168
1790	5388
1791	5012
1792	5297
1793	4972
1794	5317
1795	5277
1796	5152
1797	4995
1798	5036
1799	5448
1800	5156
1801	5138
1802	5619
1803	5072
1804	5006
1805	5064
1806	5061
1807	5021
1808	5311
1809	4943
1810	5384
1811	5152
1812	5279
1813	4906
1814	5226
1815	5393
1816	4931
1817	5227
1818	4913
1819	5198
1820	5224
1821	5074
1822	5177
1823	4916
1824	5276
1825	4882
1826	4874
1827	4837
1828	5145
1829	4671
1830	4800
1831	4825
1832	4823
1833	4620
1834	4706
1835	4616
1836	4774
1837	4783
1838	5040
1839	4997
1840	4787
1841	4917
1842	5055
1843	4571
1844	4963
1845	4793
1846	4784
1847	4852
1848	4843
1849	4890
1850	4869
1851	4920
1852	4782
1853	5352
1854	5193
1855	4905
1856	5017
1857	5074
1858	4726
1859	4783
1860	4766
1861	4961
1862	5306
1863	5246
1864	5404
1865	4907
1866	5049
1867	4779
1868	4771
1869	5183
1870	5220
1871	4871
1872	4749
1873	5050
1874	5057
1875	4779
1876	5051
1877	5165
1878	4909
1879	5155
1880	4876
1881	4865
1882	4930
1883	5201
1884	4804
1885	5161
1886	4948
1887	4798
1888	5018
1889	4986
1890	4881
1891	4973
1892	4982
1893	5021
1894	5161
1895	4910
1896	5077
1897	5201
1898	4807
1899	5465
1900	5519
1901	4851
1902	5182
1903	5267
1904	5020
1905	5243
1906	5235
1907	5054
1908	5182
1909	5121
1910	5353
1911	5210
1912	5390
1913	5095
1914	5223
1915	4953
1916	5099
1917	5368
1918	5294
1919	5122
1920	5409
1921	5215
1922	5313
1923	5498
1924	5310
1925	5623
1926	5397
1927	5298
1928	4931
1929	5414
1930	5101
1931	5132
1932	5094
1933	5396
1934	5232
1935	5418
1936	5084
1937	5427
1938	5555
1939	5144
1940	5056
1941	5417
1942	4969
1943	5426
1944	5236
1945	5217
1946	5373
1947	5205
1948	5219
1949	5087
1950	5354
1951	5299
1952	5471
1953	5547
1954	5459
1955	5182
1956	4997
1957	5225
1958	5181
1959	5183
1960	5223
1961	5618
1962	5519
1963	5558
1964	5144
1965	5324
1966	5321
1967	5029
1968	5088
1969	5264
1970	5100
1971	5392
1972	5207
1973	5413
1974	5400
1975	5466
1976	5647
1977	5727
1978	5560
1979	5301
1980	5515
1981	5356
1982	5281
1983	5573
1984	5327
1985	5478
1986	5406
1987	5240
1988	5452
1989	5482
1990	6209
1991	5687
1992	6267
1993	5645
1994	5838
1995	5708
1996	5941
1997	5829
1998	5749
1999	6034
2000	5562
2001	5874
2002	5701
2003	5791
2004	5762
2005	5743
2006	5741
2007	6043
2008	5569
2009	5856
2010	5695
2011	5835
2012	5873
2013	5708
2014	5925
2015	6126
2016	5425
2017	5649
2018	5786
2019	5581
2020	6009
2021	5898
2022	5809
2023	5961
2024	5985
2025	5849
2026	5659
2027	5632
2028	5717
2029	5515
2030	5414
2031	5497
2032	5864
2033	5520
2034	5516
2035	5558
2036	5911
2037	5752
2038	5732
2039	5565
2040	5695
2041	5702
2042	5885
2043	5829
2044	5977
2045	5522
2046	5564
2047	5485
2048	6023
2049	5531
2050	5807
2051	5558
2052	5391
2053	5410
2054	6164
2055	5790
2056	5359
2057	5983
2058	5747
2059	5667
2060	5328
2061	5309
2062	5384
2063	5742
2064	5734
2065	5399
2066	5628
2067	5436
2068	5578
2069	5665
2070	5478
2071	5424
2072	5696
2073	5647
2074	5765
2075	5293
2076	5711
2077	4794
2078	5397
2079	5443
2080	5329
2081	5280
2082	5617
2083	5791
2084	5063
2085	4906
2086	4811
2087	5042
2088	5235
2089	5220
2090	5578
2091	5482
2092	5004
2093	5048
2094	5069
2095	4835
2096	5405
2097	5230
2098	5052
2099	5429
2100	5159
2101	4914
2102	5343
2103	5004
2104	4693
2105	5041
2106	4626
2107	5190
2108	4901
2109	5139
2110	4945
2111	4650
2112	4923
2113	5094
2114	4750
2115	4530
2116	4974
2117	4599
2118	4765
2119	4451
2120	5063
2121	4649
2122	4762
2123	4941
2124	4681
2125	4710
2126	4635
2127	4751
2128	4814
2129	5045
2130	4399
2131	4895
2132	4769
2133	5167
2134	4450
2135	4732
2136	4274
2137	4705
2138	4638
2139	4571
2140	4402
2141	4289
2142	4610
2143	4708
2144	4546
2145	4610
2146	4606
2147	4274
2148	4321
2149	4229
2150	4328
2151	4604
2152	4274
2153	4621
2154	4477
2155	4431
2156	4121
2157	4167
2158	4186
2159	4149
2160	4807
2161	4247
2162	4320
2163	4146
2164	4429
2165	4434
2166	4491
2167	4649
2168	4380
2169	4657
2170	4409
2171	4409
2172	4556
2173	4538
2174	4592
2175	4544
2176	4346
2177	4628
2178	4355
2179	4725
2180	4422
2181	4357
2182	4108
2183	4227
2184	4233
2185	4493
2186	4327
2187	4734
2188	4247
2189	4089
2190	4487
2191	4231
2192	4153
2193	4287
2194	4219
2195	4077
2196	3953
2197	4354
2198	4336
2199	4625
2200	4366
2201	4192
2202	4495
2203	4369
2204	4700
2205	4538
2206	4483
2207	4366
2208	4465
2209	4574
2210	4262
2211	4332
2212	4398
2213	4386
2214	4424
2215	4184
2216	4084
2217	4247
2218	4188
2219	4444
2220	4303
2221	4515
2222	4462
2223	4337
2224	4290
2225	4303
2226	4805
2227	4017
2228	4220
2229	4176
2230	4446
2231	4367
2232	4314
2233	4574
2234	4623
2235	4533
2236	4570
2237	4364
2238	4448
2239	4383
2240	4588
2241	4657
2242	4838
2243	4742
2244	4680
2245	4565
2246	4383
2247	4466
2248	4280
2249	4269
2250	4261
2251	4466
2252	4637
2253	4554
2254	4658
2255	4187
2256	4743
2257	4618
2258	4302
2259	4911
2260	4727
2261	5107
2262	4784
2263	4546
2264	4739
2265	4904
2266	4376
2267	4594
2268	4668
2269	4725
2270	4572
2271	4544
2272	4643
2273	4288
2274	4382
2275	4269
2276	4692
2277	4656
2278	4604
2279	4293
2280	4134
2281	4517
2282	4567
2283	4765
2284	4406
2285	4284
2286	4739
2287	4666
2288	4469
2289	4555
2290	4640
2291	4401
2292	4117
2293	4251
2294	4638
2295	4390
2296	4638
2297	4605
2298	4149
2299	4358
2300	4312
2301	4551
2302	4328
2303	4333
2304	4310
2305	4415
2306	4195
2307	4290
2308	4452
2309	4536
2310	4584
2311	4415
2312	4423
2313	4258
2314	4159
2315	4446
2316	4168
2317	4217
2318	4288
2319	4690
2320	4196
2321	4338
2322	4470
2323	3987
2324	4467
2325	4558
2326	4499
2327	4285
2328	4268
2329	4432
2330	4183
2331	4400
2332	4292
2333	3965
2334	4380
2335	4461
2336	4304
2337	4412
2338	3923
2339	4376
2340	4129
2341	4220
2342	4420
2343	4411
2344	4074
2345	4308
2346	4199
2347	3998
2348	4020
2349	4194
2350	4162
2351	4118
2352	4332
2353	4353
2354	4040
2355	4052
2356	4205
2357	4160
2358	3830
2359	4119
2360	4286
2361	4188
2362	4590
2363	4114
2364	4125
2365	4247
2366	4278
2367	4435
2368	3940
2369	4024
2370	4039
2371	3846
2372	4008
2373	3841
2374	4172
2375	4105
2376	4025
2377	4178
2378	4133
2379	3863
2380	3935
2381	3968
2382	4057
2383	3953
2384	3699
2385	3834
2386	4125
2387	3860
2388	4063
2389	3958
2390	3961
2391	3865
2392	4080
2393	4031
2394	3941
2395	4112
2396	3977
2397	3537
2398	4098
2399	4206
2400	3756
2401	4023
2402	3993
2403	3852
2404	3823
2405	4248
2406	3944
2407	3888
2408	3752
2409	3904
2410	3514
2411	3716
2412	3968
2413	3722
2414	3944
2415	3732
2416	3945
2417	3843
2418	3896
2419	3891
2420	3668
2421	3833
2422	3830
2423	3958
2424	3675
2425	3747
2426	3826
2427	3696
2428	3855
2429	3788
2430	3631
2431	3491
2432	3642
2433	3372
2434	3489
2435	3820
2436	3891
2437	3654
2438	3734
2439	3454
2440	3677
2441	3622
2442	3787
2443	4017
2444	3553
2445	3717
2446	3676
2447	3553
2448	3653
2449	3501
2450	3621
2451	3390
2452	3798
2453	3536
2454	3666
2455	3598
2456	3698
2457	3762
2458	3615
2459	3428
2460	3746
2461	3902
2462	3708
2463	3686
2464	3627
2465	3501
2466	3473
2467	3744
2468	4053
2469	3762
2470	3664
2471	4036
2472	3842
2473	3634
2474	3779
2475	3725
2476	3779
2477	3961
2478	3783
2479	3646
2480	3789
2481	3950
2482	3656
2483	3841
2484	3672
2485	3752
2486	3583
2487	3514
2488	3730
2489	3875
2490	3748
2491	3616
2492	3718
2493	3823
2494	3844
2495	3759
2496	3547
2497	3891
2498	3785
2499	3530
2500	3575
2501	3936
2502	3526
2503	3834
2504	3949
2505	3926
2506	3641
2507	3735
2508	3951
2509	3730
2510	4049
2511	4040
2512	3617
2513	3858
2514	3946
2515	4135
2516	3938
2517	3878
2518	3836
2519	3971
2520	4004
2521	3784
2522	4043
2523	3961
2524	3857
2525	4057
2526	3737
2527	3843
2528	3947
2529	3920
2530	4072
2531	3882
2532	3879
2533	3951
2534	3930
2535	3667
2536	3949
2537	3912
2538	3907
2539	3791
2540	4079
2541	3863
2542	3759
2543	3935
2544	3621
2545	4148
2546	4017
2547	4024
2548	3855
2549	3939
2550	3831
2551	3674
2552	3766
2553	3730
2554	3789
2555	3679
2556	3960
2557	3981
2558	4120
2559	3951
2560	3920
2561	3788
2562	3784
2563	3756
2564	3772
2565	4245
2566	3885
2567	3825
2568	4070
2569	3992
2570	3782
2571	4015
2572	3766
2573	3866
2574	3717
2575	3861
2576	3827
2577	3798
2578	3784
2579	3879
2580	3831
2581	3427
2582	3586
2583	3641
2584	3983
2585	3478
2586	3803
2587	3750
2588	3855
2589	4009
2590	3997
2591	4071
2592	3649
2593	3935
2594	3472
2595	3513
2596	3837
2597	3454
2598	3707
2599	3667
2600	3453
2601	3580
2602	3755
2603	3399
2604	3381
2605	3504
2606	3702
2607	3478
2608	3526
2609	3764
2610	3478
2611	3628
2612	3424
2613	3619
2614	3423
2615	3384
2616	3488
2617	3686
2618	3744
2619	3644
2620	3581
2621	3684
2622	3612
2623	3534
2624	3818
2625	3634
2626	3636
2627	3590
2628	3440
2629	3591
2630	3650
2631	3678
2632	3601
2633	3707
2634	3722
2635	3552
2636	3589
2637	3532
2638	3781
2639	3941
2640	3748
2641	3812
2642	3474
2643	3477
2644	3580
2645	4277
2646	3847
2647	3647
2648	3696
2649	3770
2650	3769
2651	3673
2652	4246
2653	3926
2654	4418
2655	3743
2656	3746
2657	3644
2658	3663
2659	3462
2660	3743
2661	3397
2662	3456
2663	3755
2664	3600
2665	3832
2666	3929
2667	3728
2668	3804
2669	3713
2670	3619
2671	3526
2672	3459
2673	3567
2674	3305
2675	3792
2676	3651
2677	3723
2678	3598
2679	4292
2680	3882
2681	3340
2682	3647
2683	3637
2684	4149
2685	3642
2686	3748
2687	3284
2688	3674
2689	3774
2690	3750
2691	3453
2692	3521
2693	3578
2694	3397
2695	3665
2696	3817
2697	3687
2698	3667
2699	3942
2700	3764
2701	3942
2702	3798
2703	3607
2704	3644
2705	3622
2706	3374
2707	3763
2708	3879
2709	4263
2710	4030
2711	4232
2712	3723
2713	3813
2714	3832
2715	3628
2716	3586
2717	3480
2718	3534
2719	3849
2720	3756
2721	3593
2722	4048
2723	3513
2724	3408
2725	3414
2726	3426
2727	3215
2728	3429
2729	3368
2730	3579
2731	3464
2732	3365
2733	3592
2734	3670
2735	3478
2736	3495
2737	3642
2738	3473
2739	3627
2740	3535
2741	3583
2742	3372
2743	3151
2744	3224
2745	3476
2746	3364
2747	3363
2748	3350
2749	3418
2750	3092
2751	3416
2752	3343
2753	3197
2754	3376
2755	3685
2756	3489
2757	3248
2758	3408
2759	3345
2760	3504
2761	3363
2762	3569
2763	3547
2764	3699
2765	3456
2766	3617
2767	3340
2768	3502
2769	3643
2770	3673
2771	3576
2772	3479
2773	3777
2774	3457
2775	3593
2776	3618
2777	3209
2778	3416
2779	3225
2780	3370
2781	3499
2782	3119
2783	3253
2784	3238
2785	3269
2786	3178
2787	3340
2788	3414
2789	3404
2790	3433
2791	3422
2792	3277
2793	3278
2794	3138
2795	3046
2796	3233
2797	3116
2798	3262
2799	3031
2800	2927
2801	3492
2802	3128
2803	3141
2804	3052
2805	2872
2806	3572
2807	3339
2808	3300
2809	3149
2810	3215
2811	3246
2812	3533
2813	3288
2814	3150
2815	3648
2816	3568
2817	3584
2818	3367
2819	3561
2820	3198
2821	3329
2822	3305
2823	3415
2824	3207
2825	3158
2826	3510
2827	3286
2828	3260
2829	3169
2830	3275
2831	3283
2832	3266
2833	3344
2834	3315
2835	3037
2836	3093
2837	3018
2838	3204
2839	3080
2840	3178
2841	3219
2842	3170
2843	3270
2844	3147
2845	3286
2846	3173
2847	3285
2848	3123
2849	3150
2850	3133
2851	3240
2852	3337
2853	3355
2854	3320
2855	3001
2856	3430
2857	3271
2858	3294
2859	3286
2860	3457
2861	3584
2862	3184
2863	3610
2864	3439
2865	3519
2866	3526
2867	3237
2868	3217
2869	3288
2870	3168
2871	3388
2872	3031
2873	3101
2874	3225
2875	3120
2876	3471
2877	2939
2878	3208
2879	3024
2880	3033
2881	3132
2882	3190
2883	3196
2884	3266
2885	3063
2886	3162
2887	3079
2888	3391
2889	3159
2890	3117
2891	3064
2892	2921
2893	2917
2894	3236
2895	2894
2896	2860
2897	3182
2898	3047
2899	2909
2900	2947
2901	3104
2902	3185
2903	3304
2904	3131
2905	3278
2906	3022
2907	3380
2908	3089
2909	3230
2910	2964
2911	2950
2912	3006
2913	2981
2914	2878
2915	2978
2916	3051
2917	3059
2918	3152
2919	2851
2920	2871
2921	3003
2922	2733
2923	2919
2924	2831
2925	2999
2926	2862
2927	2957
2928	2879
2929	2886
2930	2892
2931	2990
2932	2843
2933	3129
2934	2806
2935	2868
2936	2955
2937	3131
2938	2925
2939	2792
2940	2784
2941	2817
2942	2886
2943	3011
2944	3184
2945	2968
2946	2764
2947	3101
2948	2906
2949	2857
2950	2999
2951	2929
2952	2658
2953	3083
2954	2971
2955	3086
2956	3015
2957	2979
2958	3013
2959	2821
2960	3135
2961	3088
2962	3192
2963	2799
2964	3111
2965	3068
2966	3005
2967	3087
2968	3185
2969	3207
2970	2975
2971	3234
2972	2944
2973	3359
2974	3139
2975	3096
2976	3108
2977	3141
2978	2867
2979	3217
2980	2990
2981	2965
2982	3076
2983	3194
2984	2929
2985	3230
2986	2867
2987	2921
2988	3164
2989	3114
2990	3023
2991	3364
2992	3285
2993	3081
2994	2932
2995	2922
2996	3392
2997	2930
2998	3054
2999	2951
3000	3082
3001	3209
3002	3344
3003	3220
3004	3267
3005	3199
3006	3450
3007	3093
3008	3386
3009	3214
3010	3178
3011	3534
3012	3221
3013	3089
3014	3148
3015	3284
3016	3351
3017	3054
3018	3348
3019	3149
3020	3167
3021	2810
3022	3205
3023	3178
3024	3028
3025	3101
3026	2790
3027	3161
3028	3037
3029	3026
3030	3091
3031	3243
3032	3147
3033	3103
3034	2968
3035	3036
3036	3169
3037	3184
3038	3336
3039	3252
3040	3108
3041	3141
3042	3134
3043	3097
3044	2988
3045	3190
3046	3349
3047	3467
3048	3100
3049	3450
3050	3163
3051	3457
3052	3411
3053	3587
3054	3412
3055	3893
3056	3479
3057	3522
3058	3401
3059	3304
3060	3375
3061	3732
3062	3343
3063	3397
3064	3380
3065	3487
3066	3205
3067	3173
3068	3352
3069	3297
3070	3290
3071	3259
3072	3534
3073	3163
3074	3224
3075	3295
3076	3481
3077	3402
3078	3317
3079	3324
3080	3092
3081	3536
3082	3487
3083	3457
3084	3454
3085	3291
3086	3375
3087	3218
3088	3368
3089	3190
3090	3146
3091	3261
3092	3149
3093	3107
3094	2956
3095	3769
3096	3044
3097	3504
3098	3243
3099	3391
3100	3308
3101	3528
3102	3701
3103	3565
3104	3214
3105	3607
3106	3284
3107	3356
3108	3377
3109	3372
3110	3212
3111	3004
3112	3212
3113	3447
3114	3297
3115	3386
3116	3359
3117	3232
3118	3235
3119	3183
3120	3560
3121	3366
3122	3081
3123	3216
3124	3332
3125	3273
3126	3056
3127	3188
3128	3205
3129	3048
3130	3088
3131	3027
3132	3134
3133	2774
3134	3104
3135	3154
3136	3231
3137	3168
3138	3199
3139	3228
3140	3287
3141	3510
3142	3228
3143	3234
3144	3144
3145	3215
3146	3045
3147	3205
3148	2842
3149	3311
3150	2786
3151	3038
3152	3091
3153	3107
3154	2976
3155	2962
3156	3241
3157	3099
3158	3035
3159	3171
3160	3221
3161	3144
3162	2935
3163	3150
3164	3048
3165	3419
3166	3580
3167	3630
3168	3052
3169	3135
3170	3128
3171	3080
3172	3085
3173	3005
3174	3017
3175	3162
3176	3187
3177	3186
3178	3380
3179	3121
3180	3132
3181	3270
3182	2878
3183	2986
3184	3072
3185	3023
3186	3084
3187	3175
3188	3210
3189	3195
3190	3205
3191	3015
3192	3106
3193	3320
3194	3216
3195	3079
3196	3300
3197	3244
3198	3208
3199	3270
3200	3201
3201	3327
3202	3360
3203	3135
3204	3141
3205	3153
3206	3232
3207	3376
3208	3078
3209	3193
3210	3254
3211	3293
3212	3222
3213	3014
3214	3097
3215	3124
3216	2934
3217	2983
3218	3315
3219	3208
3220	3449
3221	3346
3222	3289
3223	3204
3224	3202
3225	3231
3226	3607
3227	3472
3228	3066
3229	3032
3230	3344
3231	3308
3232	3285
3233	3078
3234	3037
3235	3418
3236	3136
3237	3204
3238	3292
3239	3214
3240	3343
3241	3186
3242	3311
3243	3278
3244	3231
3245	3215
3246	3410
3247	2994
3248	3244
3249	3130
3250	3285
3251	3142
3252	2992
3253	3261
3254	3144
3255	3246
3256	3095
3257	3188
3258	3114
3259	3168
3260	3263
3261	3301
3262	3301
3263	3113
3264	3075
3265	3001
3266	3003
3267	3029
3268	3338
3269	2933
3270	3013
3271	2899
3272	3088
3273	2997
3274	3015
3275	3089
3276	3218
3277	3356
3278	3069
3279	3281
3280	3393
3281	3087
3282	3093
3283	3126
3284	3209
3285	3379
3286	3584
3287	3117
3288	3015
3289	3277
3290	3101
3291	3155
3292	3035
3293	3339
3294	2994
3295	3322
3296	3084
3297	3038
3298	3411
3299	3282
3300	3283
3301	3308
3302	3303
3303	3397
3304	3544
3305	3059
3306	2924
3307	3270
3308	3490
3309	3186
3310	3302
3311	3335
3312	3229
3313	3132
3314	2783
3315	2881
3316	3287
3317	3285
3318	3348
3319	3139
3320	3168
3321	3458
3322	3270
3323	3427
3324	3076
3325	3137
3326	3222
3327	3079
3328	3027
3329	3048
3330	3152
3331	2902
3332	3261
3333	2961
3334	3129
3335	3295
3336	2991
3337	3257
3338	2960
3339	3114
3340	3240
3341	2795
3342	3074
3343	3090
3344	2987
3345	2882
3346	3184
3347	3195
3348	3167
3349	3355
3350	3153
3351	2851
3352	2661
3353	2882
3354	2780
3355	3045
3356	2904
3357	2964
3358	2864
3359	3141
3360	3072
3361	2852
3362	3145
3363	3014
3364	2899
3365	2738
3366	2769
3367	2949
3368	2941
3369	2910
3370	2860
3371	2921
3372	2563
3373	2881
3374	2832
3375	3022
3376	2875
3377	2956
3378	2716
3379	2706
3380	2893
3381	2649
3382	2771
3383	2608
3384	2808
3385	2634
3386	2647
3387	2825
3388	2793
3389	2925
3390	2826
3391	2615
3392	2801
3393	2654
3394	2718
3395	2800
3396	2797
3397	2636
3398	2526
3399	2538
3400	2609
3401	2558
3402	2705
3403	2435
3404	2660
3405	2750
3406	2729
3407	2669
3408	2729
3409	2897
3410	2616
3411	2717
3412	2589
3413	2757
3414	2712
3415	2830
3416	2504
3417	2475
3418	2538
3419	2618
3420	2670
3421	2648
3422	2740
3423	2604
3424	3016
3425	2587
3426	2588
3427	2610
3428	2669
3429	2711
3430	2641
3431	2688
3432	3060
3433	2504
3434	2745
3435	2617
3436	2568
3437	2442
3438	2782
3439	2773
3440	2609
3441	2876
3442	2704
3443	2769
3444	2781
3445	2621
3446	2588
3447	2732
3448	2675
3449	2694
3450	2697
3451	2300
3452	2674
3453	2696
3454	2585
3455	2745
3456	2665
3457	2631
3458	2692
3459	2889
3460	2593
3461	2547
3462	2569
3463	2699
3464	2557
3465	2381
3466	2752
3467	2469
3468	2654
3469	2762
3470	2480
3471	2502
3472	2685
3473	2512
3474	2664
3475	2463
3476	2606
3477	2962
3478	2702
3479	2576
3480	2785
3481	2686
3482	2655
3483	2705
3484	2637
3485	2517
3486	2452
3487	2720
3488	2775
3489	2549
3490	2646
3491	2504
3492	2712
3493	2723
3494	2382
3495	2510
3496	2756
3497	2486
3498	2473
3499	2494
3500	2647
3501	2405
3502	2395
3503	2608
3504	2447
3505	2627
3506	2476
3507	2797
3508	2366
3509	2289
3510	2509
3511	2716
3512	2507
3513	2499
3514	2625
3515	2412
3516	2515
3517	2492
3518	2463
3519	2420
3520	2475
3521	2376
3522	2438
3523	2598
3524	2626
3525	2350
3526	2510
3527	2446
3528	2437
3529	2377
3530	2345
3531	2428
3532	2343
3533	2439
3534	2337
3535	2449
3536	2625
3537	2414
3538	2716
3539	2410
3540	2564
3541	2727
3542	2358
3543	2431
3544	2501
3545	2531
3546	2551
3547	2337
3548	2582
3549	2519
3550	2348
3551	2424
3552	2499
3553	2360
3554	2497
3555	2495
3556	2197
3557	2459
3558	2429
3559	2596
3560	2743
3561	2533
3562	2349
3563	2302
3564	2441
3565	2623
3566	2576
3567	2494
3568	2308
3569	2354
3570	2185
3571	2292
3572	2359
3573	2686
3574	2471
3575	2357
3576	2718
3577	2421
3578	2359
3579	2545
3580	2734
3581	2515
3582	2319
3583	2412
3584	2450
3585	2834
3586	2479
3587	2646
3588	2597
3589	2844
3590	2484
3591	2420
3592	2534
3593	2458
3594	2489
3595	2556
3596	2614
3597	2350
3598	2513
3599	2370
3600	2621
3601	2471
3602	2623
3603	2582
3604	2491
3605	2497
3606	2553
3607	2775
3608	2544
3609	2649
3610	2790
3611	2448
3612	2684
3613	2541
3614	2619
3615	2614
3616	2347
3617	2576
3618	2922
3619	2789
3620	2458
3621	2576
3622	2690
3623	2673
3624	2586
3625	2552
3626	2394
3627	2681
3628	2617
3629	2608
3630	2647
3631	2856
3632	2660
3633	2530
3634	2382
3635	2916
3636	2366
3637	2574
3638	2561
3639	2688
3640	2700
3641	2544
3642	2600
3643	2610
3644	2581
3645	2595
3646	2849
3647	2606
3648	2514
3649	2563
3650	2502
3651	2704
3652	2603
3653	2543
3654	2543
3655	2456
3656	2491
3657	2502
3658	2500
3659	2760
3660	2729
3661	2631
3662	2407
3663	2597
3664	2607
3665	2500
3666	2447
3667	2465
3668	2577
3669	2433
3670	2400
3671	2546
3672	2700
3673	2725
3674	2553
3675	2675
3676	2609
3677	2426
3678	2704
3679	2567
3680	2531
3681	2494
3682	2728
3683	2727
3684	2460
3685	2652
3686	2499
3687	2352
3688	2621
3689	2512
3690	2548
3691	2620
3692	2519
3693	2875
3694	2545
3695	2374
3696	2589
3697	2510
3698	2824
3699	2888
3700	3023
3701	2712
3702	2691
3703	2456
3704	2641
3705	2835
3706	2560
3707	2615
3708	2529
3709	2397
3710	2924
3711	2727
3712	2676
3713	2748
3714	2523
3715	2638
3716	2529
3717	2418
3718	2928
3719	2497
3720	2416
3721	2679
3722	2339
3723	2511
3724	2304
3725	2512
3726	2429
3727	2334
3728	2625
3729	2387
3730	2463
3731	2524
3732	2498
3733	2289
3734	2513
3735	2499
3736	2413
3737	2399
3738	2326
3739	2378
3740	2410
3741	2395
3742	2420
3743	2279
3744	2390
3745	2473
3746	2409
3747	2563
3748	2475
3749	2279
3750	2398
3751	2426
3752	2383
3753	2374
3754	2454
3755	2425
3756	2526
3757	2437
3758	2358
3759	2686
3760	2371
3761	2392
3762	2263
3763	2462
3764	2430
3765	2316
3766	2586
3767	2546
3768	2411
3769	2357
3770	2518
3771	2742
3772	2467
3773	2312
3774	2212
3775	2446
3776	2381
3777	2248
3778	2552
3779	2371
3780	2429
3781	2514
3782	2496
3783	2211
3784	2478
3785	2215
3786	2562
3787	2575
3788	2544
3789	2534
3790	2282
3791	2482
3792	2622
3793	2272
3794	2222
3795	2214
3796	2295
3797	2607
3798	2223
3799	2458
3800	2574
3801	2445
3802	2424
3803	2378
3804	2264
3805	2346
3806	2323
3807	2495
3808	2175
3809	2266
3810	2406
3811	2166
3812	2250
3813	2285
3814	2292
3815	2468
3816	2269
3817	2164
3818	2274
3819	2476
3820	2242
3821	2419
3822	2109
3823	2333
3824	2132
3825	2136
3826	2362
3827	2258
3828	2266
3829	2152
3830	2208
3831	2239
3832	2354
3833	2410
3834	2141
3835	2303
3836	2507
3837	2174
3838	2190
3839	2305
3840	2140
3841	2156
3842	2270
3843	2034
3844	2322
3845	2155
3846	2320
3847	2305
3848	2186
3849	2168
3850	2298
3851	2276
3852	2361
3853	2033
3854	2323
3855	2264
3856	2022
3857	2378
3858	2168
3859	2130
3860	2055
3861	2185
3862	2200
3863	2553
3864	2217
3865	2084
3866	2208
3867	2146
3868	2192
3869	1945
3870	2010
3871	2234
3872	2293
3873	2147
3874	1959
3875	2200
3876	2189
3877	2067
3878	2322
3879	2076
3880	2140
3881	2260
3882	2186
3883	2259
3884	2124
3885	2367
3886	2078
3887	2170
3888	2245
3889	2440
3890	2107
3891	2329
3892	2449
3893	2007
3894	2062
3895	2284
3896	2262
3897	2160
3898	2278
3899	2242
3900	2279
3901	2312
3902	2163
3903	2220
3904	2260
3905	2308
3906	2367
3907	2137
3908	2430
3909	2417
3910	2594
3911	2582
3912	2442
3913	2486
3914	2262
3915	2367
3916	2361
3917	2794
3918	2371
3919	2410
3920	2646
3921	2379
3922	2398
3923	2515
3924	2314
3925	2586
3926	2475
3927	2471
3928	2547
3929	2656
3930	2361
3931	2251
3932	2431
3933	2432
3934	2431
3935	2333
3936	2368
3937	2561
3938	2659
3939	2606
3940	2399
3941	2502
3942	2224
3943	2504
3944	2452
3945	2452
3946	2287
3947	2346
3948	2450
3949	2354
3950	2355
3951	2409
3952	2453
3953	2355
3954	2497
3955	2486
3956	2741
3957	2389
3958	2380
3959	2398
3960	2743
3961	2485
3962	2573
3963	2767
3964	2396
3965	2333
3966	2534
3967	2540
3968	2321
3969	2647
3970	2520
3971	2368
3972	2464
3973	2320
3974	2412
3975	2420
3976	2558
3977	2462
3978	2449
3979	2380
3980	2387
3981	2350
3982	2471
3983	2485
3984	2386
3985	2550
3986	2347
3987	2669
3988	2497
3989	2520
3990	2552
3991	2418
3992	2171
3993	2536
3994	2352
3995	2359
3996	2264
3997	1985
3998	2468
3999	2470
4000	2482
4001	2175
4002	2402
4003	2445
4004	2441
4005	2543
4006	2284
4007	2658
4008	2403
4009	2394
4010	2560
4011	2645
4012	2318
4013	2841
4014	2327
4015	2582
4016	2454
4017	2618
4018	2562
4019	2559
4020	2629
4021	2348
4022	2584
4023	2468
4024	2751
4025	2432
4026	2606
4027	2556
4028	2357
4029	2543
4030	2490
4031	2431
4032	3068
4033	2850
4034	2631
4035	3288
4036	2603
4037	2640
4038	2636
4039	2270
4040	2566
4041	2401
4042	2577
4043	2504
4044	2518
4045	2310
4046	2345
4047	2439
4048	2328
4049	2411
4050	2385
4051	2617
4052	2456
4053	2513
4054	2328
4055	2490
4056	2545
4057	2610
4058	2449
4059	2269
4060	2434
4061	2519
4062	2355
4063	2290
4064	2540
4065	2664
4066	2823
4067	2612
4068	2763
4069	2443
4070	2526
4071	2334
4072	2421
4073	2407
4074	2348
4075	2462
4076	2369
4077	2764
4078	2369
4079	2586
4080	2711
4081	2663
4082	2665
4083	2610
4084	2522
4085	2535
4086	2582
4087	2421
4088	2509
4089	2401
4090	2485
4091	2541
4092	2420
4093	2548
4094	2480
4095	2392
4096	2643
4097	2671
4098	3339
4099	2407
4100	2814
4101	2665
4102	2543
4103	2326
4104	2242
4105	2248
4106	2386
4107	2250
4108	2105
4109	2223
4110	2460
4111	2494
4112	2320
4113	2480
4114	2253
4115	2427
4116	2351
4117	2344
4118	2416
4119	2281
4120	2583
4121	2370
4122	2357
4123	2428
4124	2212
4125	2196
4126	2363
4127	2393
4128	2253
4129	2525
4130	2399
4131	2137
4132	2127
4133	2201
4134	2391
4135	2197
4136	2019
4137	2283
4138	2008
4139	2308
4140	2072
4141	2051
4142	2106
4143	2165
4144	2323
4145	2273
4146	2152
4147	2164
4148	2027
4149	2398
4150	2249
4151	2115
4152	2088
4153	2145
4154	2311
4155	2072
4156	2190
4157	2075
4158	2071
4159	2110
4160	2193
4161	2083
4162	2132
4163	2001
4164	2326
4165	2026
4166	2145
4167	2043
4168	2261
4169	2215
4170	2263
4171	2012
4172	2098
4173	2138
4174	2063
4175	2016
4176	2205
4177	1874
4178	1934
4179	2202
4180	1933
4181	2127
4182	2016
4183	1982
4184	2129
4185	2052
4186	2227
4187	2006
4188	2074
4189	2017
4190	1943
4191	2147
4192	1952
4193	2193
4194	2021
4195	2129
4196	1975
4197	2115
4198	1960
4199	1953
4200	2048
4201	1896
4202	2029
4203	1951
4204	2040
4205	2096
4206	2005
4207	2057
4208	2082
4209	1902
4210	2201
4211	2086
4212	1982
4213	2174
4214	2012
4215	2034
4216	2083
4217	2027
4218	1902
4219	2131
4220	2073
4221	2047
4222	1924
4223	1951
4224	2005
4225	2172
4226	2207
4227	2130
4228	2167
4229	2163
4230	1994
4231	1943
4232	1940
4233	2167
4234	2001
4235	2185
4236	2075
4237	2258
4238	2123
4239	2090
4240	2072
4241	2129
4242	2105
4243	2085
4244	2071
4245	2095
4246	1918
4247	2150
4248	1913
4249	1875
4250	2002
4251	2066
4252	1807
4253	1823
4254	1986
4255	1953
4256	2027
4257	1981
4258	2022
4259	1877
4260	1952
4261	1881
4262	2067
4263	2184
4264	2251
4265	2166
4266	2269
4267	2339
4268	2408
4269	2057
4270	2194
4271	2163
4272	2243
4273	2331
4274	1971
4275	2058
4276	2058
4277	2119
4278	2013
4279	2199
4280	2116
4281	2191
4282	2187
4283	2049
4284	2027
4285	2180
4286	1998
4287	2061
4288	2086
4289	1833
4290	2142
4291	1954
4292	1884
4293	2123
4294	2202
4295	1955
4296	2046
4297	2111
4298	2284
4299	2068
4300	2130
4301	1974
4302	2230
4303	2279
4304	2103
4305	2024
4306	1850
4307	2010
4308	2104
4309	2287
4310	1980
4311	1994
4312	1992
4313	1897
4314	1892
4315	1975
4316	1907
4317	1937
4318	1850
4319	1875
4320	1875
4321	1922
4322	1781
4323	2057
4324	1898
4325	1835
4326	1809
4327	1789
4328	1746
4329	1939
4330	1873
4331	1895
4332	1911
4333	1864
4334	1684
4335	1865
4336	1876
4337	1706
4338	1736
4339	1914
4340	1939
4341	1564
4342	1751
4343	1862
4344	2065
4345	2019
4346	1717
4347	1947
4348	1772
4349	1753
4350	1800
4351	1887
4352	1692
4353	1674
4354	1655
4355	2016
4356	1729
4357	1750
4358	1742
4359	1888
4360	1779
4361	1718
4362	1795
4363	1715
4364	1755
4365	1896
4366	1813
4367	1839
4368	1753
4369	1719
4370	1681
4371	1871
4372	1649
4373	1732
4374	1922
4375	1674
4376	1856
4377	1576
4378	1917
4379	1966
4380	1652
4381	1529
4382	1591
4383	1760
4384	1800
4385	1659
4386	1964
4387	1642
4388	1779
4389	1787
4390	1874
4391	2002
4392	1880
4393	1873
4394	1766
4395	1845
4396	1611
4397	1683
4398	1716
4399	1687
4400	1707
4401	1742
4402	1831
4403	1789
4404	1612
4405	1795
4406	1809
4407	1750
4408	1709
4409	1644
4410	1825
4411	1899
4412	1730
4413	1892
4414	1733
4415	1730
4416	1700
4417	1655
4418	1754
4419	1830
4420	1811
4421	1839
4422	1772
4423	1732
4424	1678
4425	1816
4426	1730
4427	1679
4428	1747
4429	1698
4430	1732
4431	1814
4432	1765
4433	1816
4434	1769
4435	1646
4436	1719
4437	1713
4438	1646
4439	1886
4440	1763
4441	1897
4442	1729
4443	1729
4444	1663
4445	1761
4446	1898
4447	1701
4448	1549
4449	1806
4450	1692
4451	1633
4452	1795
4453	1728
4454	1468
4455	1618
4456	1702
4457	1656
4458	1702
4459	1508
4460	1593
4461	1939
4462	1712
4463	1772
4464	1838
4465	1962
4466	1804
4467	1738
4468	1640
4469	1803
4470	1568
4471	1622
4472	1725
4473	1944
4474	1795
4475	1789
4476	1844
4477	1627
4478	1811
4479	1758
4480	1720
4481	1679
4482	1748
4483	1839
4484	1813
4485	1707
4486	1662
4487	1654
4488	1736
4489	1766
4490	1900
4491	1778
4492	1618
4493	1770
4494	1881
4495	1848
4496	1706
4497	1937
4498	1773
4499	1626
4500	1767
4501	1730
4502	1837
4503	1798
4504	1668
4505	1680
4506	1905
4507	1898
4508	1781
4509	1791
4510	1738
4511	1808
4512	1758
4513	1668
4514	1703
4515	1957
4516	1743
4517	1862
4518	1933
4519	1697
4520	1761
4521	1912
4522	1860
4523	1627
4524	1888
4525	1733
4526	1919
4527	1773
4528	1988
4529	1611
4530	1869
4531	1633
4532	2002
4533	1926
4534	1653
4535	1766
4536	1859
4537	1809
4538	1851
4539	1825
4540	1929
4541	1805
4542	1822
4543	1849
4544	1730
4545	1836
4546	1901
4547	2078
4548	1777
4549	1764
4550	1790
4551	1823
4552	1751
4553	1720
4554	1654
4555	1781
4556	1911
4557	1837
4558	1625
4559	1667
4560	1621
4561	1888
4562	1603
4563	1859
4564	1697
4565	1813
4566	1642
4567	1646
4568	1910
4569	1562
4570	1693
4571	1583
4572	1547
4573	1577
4574	1720
4575	1706
4576	1643
4577	1542
4578	1815
4579	1712
4580	1684
4581	1724
4582	1662
4583	1577
4584	1772
4585	1725
4586	1636
4587	1681
4588	1710
4589	1786
4590	1611
4591	1628
4592	1638
4593	1534
4594	1699
4595	1551
4596	1731
4597	1472
4598	1770
4599	1556
4600	1573
4601	1795
4602	1498
4603	1609
4604	1605
4605	1644
4606	1835
4607	1787
4608	1708
4609	1556
4610	1740
4611	1656
4612	1744
4613	1941
4614	1921
4615	1643
4616	1578
4617	1802
4618	1809
4619	1844
4620	1845
4621	1833
4622	1959
4623	1826
4624	1687
4625	1771
4626	1688
4627	1615
4628	1659
4629	1847
4630	1967
4631	1817
4632	1696
4633	1725
4634	1829
4635	1903
4636	1909
4637	1683
4638	1810
4639	1769
4640	1979
4641	1823
4642	1766
4643	1675
4644	1852
4645	1808
4646	1801
4647	1703
4648	1911
4649	1572
4650	1871
4651	1692
4652	1729
4653	1650
4654	1820
4655	1839
4656	1745
4657	1645
4658	1703
4659	1740
4660	1817
4661	1824
4662	1704
4663	1864
4664	1705
4665	1641
4666	1898
4667	1717
4668	1794
4669	1815
4670	1699
4671	1828
4672	1592
4673	1920
4674	1572
4675	1985
4676	1640
4677	1838
4678	1746
4679	1682
4680	1773
4681	1652
4682	1857
4683	1841
4684	1828
4685	1658
4686	1508
4687	1689
4688	1828
4689	1774
4690	1845
4691	1736
4692	1706
4693	1595
4694	2076
4695	1725
4696	1598
4697	2052
4698	1724
4699	1770
4700	1712
4701	1709
4702	1750
4703	1714
4704	1805
4705	1840
4706	1871
4707	1760
4708	1752
4709	1998
4710	1522
4711	1610
4712	1682
4713	1515
4714	1732
4715	1553
4716	1634
4717	1624
4718	1671
4719	1642
4720	1465
4721	1626
4722	1637
4723	1659
4724	1492
4725	1755
4726	1563
4727	1813
4728	1621
4729	1711
4730	1564
4731	1860
4732	1756
4733	1697
4734	1669
4735	1738
4736	1727
4737	1619
4738	1563
4739	1618
4740	1582
4741	1582
4742	1819
4743	1623
4744	1768
4745	1585
4746	1646
4747	1658
4748	1659
4749	1613
4750	1903
4751	1616
4752	1635
4753	1607
4754	1613
4755	1641
4756	1655
4757	1620
4758	1618
4759	1850
4760	2040
4761	1863
4762	1597
4763	1688
4764	1599
4765	1667
4766	1913
4767	1746
4768	1738
4769	1698
4770	1555
4771	1585
4772	1768
4773	1530
4774	1726
4775	1662
4776	1619
4777	1714
4778	1648
4779	1680
4780	1531
4781	1626
4782	1626
4783	1699
4784	1545
4785	1567
4786	1516
4787	1472
4788	1748
4789	1528
4790	1488
4791	1624
4792	1635
4793	1646
4794	1886
4795	1687
4796	1974
4797	1608
4798	1753
4799	1526
4800	1698
4801	1429
4802	1612
4803	1705
4804	1639
4805	1668
4806	1455
4807	1770
4808	1552
4809	1696
4810	1544
4811	1795
4812	1652
4813	1639
4814	1602
4815	1509
4816	1564
4817	1695
4818	1611
4819	1675
4820	1652
4821	1793
4822	1861
4823	1800
4824	1790
4825	1830
4826	1759
4827	1701
4828	1897
4829	1782
4830	1791
4831	1705
4832	1655
4833	1755
4834	1611
4835	1594
4836	1646
4837	1705
4838	1762
4839	1638
4840	1783
4841	1574
4842	1649
4843	1575
4844	1463
4845	1809
4846	1586
4847	1483
4848	1614
4849	1527
4850	1608
4851	1474
4852	1608
4853	1587
4854	1545
4855	1476
4856	1552
4857	1506
4858	1592
4859	1599
4860	1682
4861	1643
4862	1552
4863	1651
4864	1679
4865	1420
4866	1493
4867	1550
4868	1635
4869	1600
4870	1592
4871	1540
4872	1505
4873	1481
4874	1500
4875	1468
4876	1531
4877	1547
4878	1589
4879	1459
4880	1440
4881	1534
4882	1396
4883	1537
4884	1554
4885	1404
4886	1562
4887	1557
4888	1516
4889	1741
4890	1424
4891	1520
4892	1226
4893	1675
4894	1577
4895	1453
4896	1316
4897	1487
4898	1861
4899	1469
4900	1645
4901	1476
4902	1561
4903	1567
4904	1537
4905	1690
4906	1626
4907	1640
4908	1706
4909	1629
4910	1881
4911	1618
4912	1628
4913	1767
4914	1549
4915	1711
4916	1682
4917	1541
4918	1471
4919	1586
4920	1604
4921	1687
4922	1557
4923	1803
4924	1576
4925	1678
4926	1486
4927	1579
4928	1548
4929	1508
4930	1522
4931	1696
4932	1523
4933	1578
4934	1602
4935	1850
4936	1634
4937	1711
4938	1615
4939	1825
4940	1677
4941	1535
4942	1625
4943	1574
4944	1512
4945	1646
4946	1656
4947	1504
4948	1749
4949	1608
4950	1687
4951	1665
4952	1650
4953	1758
4954	1670
4955	1530
4956	1482
4957	1620
4958	1702
4959	1524
4960	1614
4961	1526
4962	1812
4963	1713
4964	1648
4965	1725
4966	1702
4967	1609
4968	1572
4969	1804
4970	1692
4971	1591
4972	1526
4973	1672
4974	1499
4975	1414
4976	1406
4977	1624
4978	1510
4979	1636
4980	1590
4981	1508
4982	1588
4983	1454
4984	1637
4985	1526
4986	1711
4987	1693
4988	1534
4989	1721
4990	1561
4991	1578
4992	1536
4993	1642
4994	1478
4995	1542
4996	1643
4997	1608
4998	1491
4999	1559
5000	1838
5001	1540
5002	1747
5003	1624
5004	1536
5005	1683
5006	1543
5007	1765
5008	1641
5009	1516
5010	1758
5011	1689
5012	1579
5013	1497
5014	1514
5015	1632
5016	1538
5017	1507
5018	1541
5019	1638
5020	1573
5021	1574
5022	1642
5023	1484
5024	1441
5025	1414
5026	1784
5027	1662
5028	1528
5029	1645
5030	1649
5031	1431
5032	1688
5033	1685
5034	1603
5035	1530
5036	1625
5037	1524
5038	1422
5039	1574
5040	1358
5041	1268
5042	1602
5043	1472
5044	1610
5045	1442
5046	1507
5047	1409
5048	1442
5049	1583
5050	1538
5051	1414
5052	1527
5053	1444
5054	1568
5055	1406
5056	1663
5057	1630
5058	1639
5059	1704
5060	1539
5061	1478
5062	1380
5063	1556
5064	1393
5065	1416
5066	1445
5067	1447
5068	1683
5069	1634
5070	1498
5071	1499
5072	1504
5073	1444
5074	1559
5075	1416
5076	1596
5077	1606
5078	1543
5079	1499
5080	1485
5081	1548
5082	1643
5083	1664
5084	1425
5085	1615
5086	1617
5087	1716
5088	1536
5089	1686
5090	1670
5091	1508
5092	1647
5093	1709
5094	1523
5095	1418
5096	1763
5097	1352
5098	1540
5099	1557
5100	1393
5101	1474
5102	1637
5103	1446
5104	1515
5105	1548
5106	1472
5107	1478
5108	1435
5109	1432
5110	1329
5111	1633
5112	1447
5113	1563
5114	1453
5115	1544
5116	1473
5117	1407
5118	1656
5119	1514
5120	1415
5121	1552
5122	1515
5123	1592
5124	1586
5125	1512
5126	1715
5127	1494
5128	1416
5129	1481
5130	1546
5131	1430
5132	1589
5133	1640
5134	1401
5135	1518
5136	1369
5137	1744
5138	1571
5139	1583
5140	1523
5141	1421
5142	1545
5143	1455
5144	1576
5145	1408
5146	1444
5147	1491
5148	1584
5149	1462
5150	1444
5151	1246
5152	1535
5153	1559
5154	1550
5155	1416
5156	1431
5157	1510
5158	1481
5159	1581
5160	1463
5161	1499
5162	1537
5163	1627
5164	1464
5165	1610
5166	1501
5167	1464
5168	1447
5169	1492
5170	1401
5171	1568
5172	1434
5173	1475
5174	1326
5175	1499
5176	1565
5177	1599
5178	1435
5179	1509
5180	1513
5181	1529
5182	1417
5183	1497
5184	1571
5185	1397
5186	1440
5187	1598
5188	1338
5189	1495
5190	1450
5191	1453
5192	1480
5193	1424
5194	1537
5195	1513
5196	1507
5197	1454
5198	1534
5199	1427
5200	1644
5201	1524
5202	1396
5203	1359
5204	1584
5205	1432
5206	1590
5207	1395
5208	1629
5209	1516
5210	1383
5211	1329
5212	1446
5213	1324
5214	1493
5215	1484
5216	1364
5217	1452
5218	1402
5219	1302
5220	1599
5221	1474
5222	1461
5223	1302
5224	1332
5225	1327
5226	1397
5227	1405
5228	1473
5229	1409
5230	1238
5231	1586
5232	1385
5233	1360
5234	1542
5235	1417
5236	1493
5237	1593
5238	1389
5239	1396
5240	1405
5241	1580
5242	1480
5243	1493
5244	1366
5245	1406
5246	1547
5247	1321
5248	1476
5249	1419
5250	1374
5251	1566
5252	1475
5253	1378
5254	1588
5255	1562
5256	1421
5257	1465
5258	1400
5259	1241
5260	1367
5261	1346
5262	1474
5263	1409
5264	1558
5265	1413
5266	1522
5267	1454
5268	1354
5269	1636
5270	1261
5271	1399
5272	1461
5273	1577
5274	1377
5275	1378
5276	1331
5277	1333
5278	1527
5279	1396
5280	1310
5281	1359
5282	1401
5283	1331
5284	1425
5285	1327
5286	1422
5287	1430
5288	1517
5289	1308
5290	1358
5291	1351
5292	1386
5293	1253
5294	1391
5295	1390
5296	1376
5297	1465
5298	1427
5299	1347
5300	1502
5301	1466
5302	1464
5303	1439
5304	1317
5305	1310
5306	1247
5307	1250
5308	1333
5309	1305
5310	1366
5311	1135
5312	1278
5313	1383
5314	1361
5315	1459
5316	1451
5317	1283
5318	1272
5319	1277
5320	1460
5321	1280
5322	1377
5323	1289
5324	1257
5325	1269
5326	1284
5327	1178
5328	1147
5329	1627
5330	1314
5331	1200
5332	1264
5333	1265
5334	1303
5335	1214
5336	1316
5337	1303
5338	1093
5339	1148
5340	1328
5341	1443
5342	1391
5343	1308
5344	1280
5345	1178
5346	1355
5347	1414
5348	1153
5349	1337
5350	1525
5351	1280
5352	1361
5353	1183
5354	1221
5355	1382
5356	1271
5357	1294
5358	1342
5359	1290
5360	1179
5361	1245
5362	1435
5363	1326
5364	1228
5365	1342
5366	1373
5367	1295
5368	1340
5369	1503
5370	1270
5371	1330
5372	1311
5373	1291
5374	1246
5375	1478
5376	1492
5377	1309
5378	1298
5379	1353
5380	1360
5381	1289
5382	1335
5383	1322
5384	1251
5385	1242
5386	1307
5387	1405
5388	1189
5389	1109
5390	1409
5391	1298
5392	1368
5393	1468
5394	1216
5395	1185
5396	1323
5397	1383
5398	1390
5399	1313
5400	1230
5401	1281
5402	1281
5403	1555
5404	1242
5405	1400
5406	1325
5407	1558
5408	1395
5409	1239
5410	1319
5411	1347
5412	1441
5413	1317
5414	1288
5415	1319
5416	1391
5417	1380
5418	1406
5419	1487
5420	1446
5421	1341
5422	1262
5423	1482
5424	1339
5425	1242
5426	1306
5427	1290
5428	1503
5429	1291
5430	1357
5431	1346
5432	1317
5433	1370
5434	1230
5435	1326
5436	1454
5437	1252
5438	1247
5439	1409
5440	1581
5441	1540
5442	1357
5443	1515
5444	1430
5445	1505
5446	1446
5447	1329
5448	1605
5449	1277
5450	1344
5451	1390
5452	1537
5453	1458
5454	1387
5455	1458
5456	1322
5457	1460
5458	1242
5459	1324
5460	1404
5461	1337
5462	1385
5463	1207
5464	1606
5465	1432
5466	1405
5467	1365
5468	1504
5469	1472
5470	1580
5471	1455
5472	1426
5473	1285
5474	1667
5475	1312
5476	1601
5477	1511
5478	1426
5479	1663
5480	1451
5481	1464
5482	1490
5483	1534
5484	1554
5485	1506
5486	1629
5487	1566
5488	1547
5489	1550
5490	1841
5491	1717
5492	1442
5493	1578
5494	1758
5495	1466
5496	1628
5497	1588
5498	1711
5499	1616
5500	1630
5501	1469
5502	1650
5503	1489
5504	1538
5505	1673
5506	1601
5507	1632
5508	1578
5509	1684
5510	1496
5511	1574
5512	1464
5513	1549
5514	1492
5515	1604
5516	1633
5517	1576
5518	1470
5519	1389
5520	1602
5521	1872
5522	1573
5523	1492
5524	1819
5525	1637
5526	1585
5527	1676
5528	1755
5529	1683
5530	1615
5531	1586
5532	1575
5533	1628
5534	1565
5535	1510
5536	1544
5537	1627
5538	1652
5539	1746
5540	1507
5541	1534
5542	1688
5543	1686
5544	1770
5545	1590
5546	1338
5547	1659
5548	1586
5549	1673
5550	1607
5551	1611
5552	1743
5553	1755
5554	1717
5555	1676
5556	1591
5557	1599
5558	1686
5559	1576
5560	1757
5561	1582
5562	1435
5563	1486
5564	1462
5565	1617
5566	1648
5567	1599
5568	1496
5569	1605
5570	1603
5571	1471
5572	1589
5573	1738
5574	1658
5575	1615
5576	1528
5577	1673
5578	1478
5579	1553
5580	1582
5581	1780
5582	1543
5583	1629
5584	1506
5585	1409
5586	1514
5587	1384
5588	1581
5589	1559
5590	1599
5591	1520
5592	1582
5593	1646
5594	1472
5595	1425
5596	1553
5597	1526
5598	1484
5599	1556
5600	1488
5601	1557
5602	1660
5603	1503
5604	1427
5605	1771
5606	1480
5607	1561
5608	1524
5609	1491
5610	1594
5611	1557
5612	1568
5613	1592
5614	1509
5615	1487
5616	1548
5617	1541
5618	1408
5619	1441
5620	1457
5621	1448
5622	1521
5623	1574
5624	1337
5625	1447
5626	1417
5627	1582
5628	1520
5629	1515
5630	1521
5631	1570
5632	1479
5633	1569
5634	1499
5635	1581
5636	1555
5637	1456
5638	1413
5639	1511
5640	1457
5641	1473
5642	1382
5643	1650
5644	1380
5645	1497
5646	1430
5647	1486
5648	1484
5649	1674
5650	1518
5651	1683
5652	1466
5653	1520
5654	1419
5655	1620
5656	1412
5657	1449
5658	1367
5659	1545
5660	1429
5661	1400
5662	1600
5663	1531
5664	1381
5665	1576
5666	1424
5667	1503
5668	1382
5669	1485
5670	1312
5671	1359
5672	1474
5673	1394
5674	1414
5675	1295
5676	1323
5677	1501
5678	1382
5679	1394
5680	1263
5681	1502
5682	1481
5683	1386
5684	1292
5685	1420
5686	1469
5687	1307
5688	1582
5689	1474
5690	1424
5691	1449
5692	1320
5693	1382
5694	1397
5695	1409
5696	1306
5697	1278
5698	1450
5699	1427
5700	1394
5701	1393
5702	1314
5703	1487
5704	1297
5705	1533
5706	1398
5707	1291
5708	1380
5709	1252
5710	1514
5711	1437
5712	1201
5713	1336
5714	1421
5715	1478
5716	1579
5717	1525
5718	1362
5719	1387
5720	1313
5721	1231
5722	1413
5723	1299
5724	1344
5725	1296
5726	1295
5727	1535
5728	1261
5729	1329
5730	1179
5731	1470
5732	1488
5733	1389
5734	1357
5735	1328
5736	1378
5737	1465
5738	1341
5739	1254
5740	1401
5741	1340
5742	1474
5743	1232
5744	1433
5745	1438
5746	1402
5747	1585
5748	1409
5749	1467
5750	1466
5751	1311
5752	1488
5753	1518
5754	1412
5755	1373
5756	1503
5757	1362
5758	1343
5759	1488
5760	1329
5761	1306
5762	1356
5763	1283
5764	1503
5765	1314
5766	1488
5767	1220
5768	1480
5769	1365
5770	1261
5771	1402
5772	1383
5773	1256
5774	1426
5775	1279
5776	1353
5777	1364
5778	1441
5779	1440
5780	1301
5781	1344
5782	1264
5783	1320
5784	1277
5785	1315
5786	1216
5787	1354
5788	1301
5789	1570
5790	1170
5791	1451
5792	1275
5793	1289
5794	1480
5795	1138
5796	1234
5797	1266
5798	1316
5799	1300
5800	1394
5801	1240
5802	1204
5803	1177
5804	1291
5805	1190
5806	1231
5807	1266
5808	1207
5809	1234
5810	1345
5811	1277
5812	1186
5813	1197
5814	1342
5815	1068
5816	1318
5817	1163
5818	1140
5819	1108
5820	1321
5821	1073
5822	1372
5823	1196
5824	1207
5825	1238
5826	1252
5827	1329
5828	1348
5829	1412
5830	1339
5831	1415
5832	1479
5833	1305
5834	1153
5835	1458
5836	1146
5837	1360
5838	1162
5839	1330
5840	1365
5841	1337
5842	1191
5843	1247
5844	1270
5845	1346
5846	1267
5847	1487
5848	1302
5849	1240
5850	1241
5851	1299
5852	1431
5853	1287
5854	1300
5855	1355
5856	1432
5857	1377
5858	1236
5859	1263
5860	1419
5861	1220
5862	1522
5863	1182
5864	1466
5865	1460
5866	1351
5867	1359
5868	1341
5869	1078
5870	1252
5871	1211
5872	1250
5873	1186
5874	1148
5875	1120
5876	1093
5877	1418
5878	1335
5879	1325
5880	1322
5881	1324
5882	1321
5883	1120
5884	1393
5885	1383
5886	1350
5887	1186
5888	1280
5889	1202
5890	1282
5891	1271
5892	1510
5893	1438
5894	1476
5895	1358
5896	1298
5897	1342
5898	1367
5899	1170
5900	1461
5901	1295
5902	1269
5903	1262
5904	1190
5905	1247
5906	1263
5907	1251
5908	1259
5909	1261
5910	1177
5911	1284
5912	1296
5913	1266
5914	1260
5915	1253
5916	1430
5917	1254
5918	1261
5919	1155
5920	1229
5921	1353
5922	1378
5923	1097
5924	1304
5925	1263
5926	1353
5927	1295
5928	1296
5929	1285
5930	1193
5931	1369
5932	1294
5933	1255
5934	1226
5935	1461
5936	1245
5937	1268
5938	1303
5939	1239
5940	1400
5941	1427
5942	1405
5943	1210
5944	1214
5945	1208
5946	1233
5947	1284
5948	1270
5949	1201
5950	1233
5951	1169
5952	1236
5953	1271
5954	1224
5955	1226
5956	1282
5957	1297
5958	1295
5959	1348
5960	1208
5961	1276
5962	1218
5963	1414
5964	1211
5965	1230
5966	1140
5967	1092
5968	1232
5969	1240
5970	1380
5971	1412
5972	1311
5973	1288
5974	1145
5975	1390
5976	1202
5977	1201
5978	1220
5979	1256
5980	1169
5981	1330
5982	1302
5983	1121
5984	1268
5985	1144
5986	1250
5987	1162
5988	1287
5989	1193
5990	1210
5991	1196
5992	1204
5993	1140
5994	1213
5995	1220
5996	1170
5997	1232
5998	1157
5999	1295
6000	1241
6001	1346
6002	1126
6003	1213
6004	1355
6005	1148
6006	1198
6007	1195
6008	1306
6009	1151
6010	1331
6011	1307
6012	1243
6013	1300
6014	1149
6015	1222
6016	1302
6017	1193
6018	1305
6019	1192
6020	1150
6021	1167
6022	1153
6023	1121
6024	1129
6025	1429
6026	1060
6027	1031
6028	1185
6029	1254
6030	1263
6031	1186
6032	1170
6033	1196
6034	1304
6035	1152
6036	1264
6037	1190
6038	1274
6039	1083
6040	1279
6041	1113
6042	1258
6043	1244
6044	1239
6045	1208
6046	1294
6047	1252
6048	1218
6049	1122
6050	1316
6051	1088
6052	1162
6053	1218
6054	1306
6055	1193
6056	1210
6057	1281
6058	1098
6059	1180
6060	1300
6061	997
6062	1257
6063	1083
6064	1215
6065	1191
6066	1126
6067	1081
6068	1205
6069	1255
6070	1163
6071	1314
6072	1235
6073	1057
6074	1228
6075	1207
6076	1270
6077	1187
6078	1140
6079	1106
6080	1169
6081	1307
6082	1109
6083	1208
6084	1081
6085	1195
6086	1229
6087	1186
6088	1116
6089	1169
6090	1296
6091	1215
6092	1173
6093	1327
6094	1263
6095	1161
6096	1147
6097	1246
6098	1223
6099	1148
6100	1075
6101	1171
6102	1141
6103	1227
6104	1139
6105	1097
6106	1120
6107	1062
6108	1076
6109	1081
6110	1114
6111	1218
6112	1131
6113	1015
6114	1277
6115	1327
6116	1206
6117	1270
6118	1063
6119	1096
6120	1066
6121	1188
6122	1162
6123	1182
6124	1164
6125	1113
6126	1171
6127	1056
6128	1045
6129	1108
6130	1185
6131	1160
6132	1330
6133	1196
6134	1146
6135	1195
6136	1205
6137	1223
6138	1135
6139	1182
6140	1104
6141	1206
6142	1141
6143	1213
6144	1194
6145	1125
6146	1173
6147	1278
6148	1151
6149	1004
6150	1153
6151	1054
6152	1096
6153	1064
6154	1023
6155	1218
6156	1072
6157	1161
6158	1151
6159	1114
6160	1075
6161	1129
6162	1045
6163	1155
6164	1074
6165	1198
6166	1183
6167	1133
6168	1076
6169	1128
6170	1052
6171	965
6172	1005
6173	1004
6174	1088
6175	1200
6176	994
6177	1055
6178	1070
6179	1060
6180	996
6181	1109
6182	1100
6183	1047
6184	1058
6185	1170
6186	994
6187	1181
6188	1034
6189	1023
6190	1098
6191	1059
6192	904
6193	1093
6194	1195
6195	1089
6196	1112
6197	1174
6198	913
6199	966
6200	1172
6201	1049
6202	1113
6203	1115
6204	1116
6205	1123
6206	1014
6207	1065
6208	1050
6209	1032
6210	1005
6211	1106
6212	1105
6213	1125
6214	1215
6215	1091
6216	1160
6217	1089
6218	961
6219	1015
6220	1041
6221	988
6222	1190
6223	1232
6224	1093
6225	1064
6226	1138
6227	1051
6228	1003
6229	1014
6230	1087
6231	1066
6232	1103
6233	1126
6234	1086
6235	955
6236	1126
6237	1081
6238	1152
6239	1130
6240	1029
6241	1298
6242	1348
6243	1003
6244	1201
6245	1170
6246	1190
6247	1116
6248	1240
6249	1083
6250	1204
6251	1032
6252	1113
6253	1170
6254	1223
6255	915
6256	1129
6257	1231
6258	1072
6259	1244
6260	1178
6261	1173
6262	1175
6263	1063
6264	1120
6265	1166
6266	1048
6267	1081
6268	1046
6269	1167
6270	1260
6271	1077
6272	1097
6273	1206
6274	1230
6275	1148
6276	1131
6277	1126
6278	1240
6279	1026
6280	1129
6281	1140
6282	1032
6283	1055
6284	1080
6285	874
6286	1029
6287	1163
6288	1104
6289	1049
6290	1063
6291	1171
6292	1241
6293	1128
6294	1134
6295	1095
6296	952
6297	1167
6298	925
6299	1243
6300	1053
6301	1109
6302	966
6303	1158
6304	1231
6305	1207
6306	1201
6307	1046
6308	1077
6309	1121
6310	1175
6311	1162
6312	1065
6313	1154
6314	1026
6315	1141
6316	1027
6317	1169
6318	1077
6319	1051
6320	1035
6321	1094
6322	1163
6323	1209
6324	1103
6325	1190
6326	1160
6327	1084
6328	1210
6329	1114
6330	1089
6331	1098
6332	1097
6333	1126
6334	962
6335	1202
6336	1133
6337	1140
6338	1124
6339	1192
6340	1196
6341	1348
6342	1295
6343	1228
6344	1229
6345	1126
6346	1019
6347	1047
6348	1209
6349	1052
6350	1252
6351	1041
6352	1286
6353	1220
6354	1217
6355	1036
6356	1187
6357	1253
6358	1220
6359	1095
6360	1296
6361	1131
6362	1057
6363	1084
6364	1243
6365	1089
6366	1120
6367	1185
6368	1126
6369	998
6370	1061
6371	999
6372	1052
6373	1121
6374	1129
6375	1061
6376	1089
6377	1134
6378	1042
6379	962
6380	1148
6381	1154
6382	1085
6383	1221
6384	1175
6385	1289
6386	1275
6387	1168
6388	1234
6389	1056
6390	1083
6391	1184
6392	1234
6393	1026
6394	1136
6395	1103
6396	1160
6397	1031
6398	1192
6399	1209
6400	1209
6401	1074
6402	1197
6403	1084
6404	1144
6405	1038
6406	1105
6407	1192
6408	1117
6409	1046
6410	1172
6411	1136
6412	1228
6413	1059
6414	1289
6415	1081
6416	999
6417	1125
6418	1120
6419	1106
6420	1215
6421	1205
6422	1079
6423	1169
6424	1232
6425	996
6426	1124
6427	1269
6428	1185
6429	1207
6430	1110
6431	1153
6432	1111
6433	977
6434	929
6435	1167
6436	1364
6437	1106
6438	1176
6439	1317
6440	1214
6441	1231
6442	1155
6443	1044
6444	1218
6445	1145
6446	1100
6447	1138
6448	1122
6449	1012
6450	1132
6451	1077
6452	1021
6453	1018
6454	968
6455	1090
6456	1070
6457	1105
6458	1054
6459	1169
6460	1130
6461	996
6462	1136
6463	1128
6464	1026
6465	1028
6466	1133
6467	1175
6468	1177
6469	1031
6470	926
6471	1056
6472	1210
6473	1020
6474	1116
6475	1295
6476	1112
6477	1042
6478	1205
6479	1030
6480	1125
6481	1105
6482	1116
6483	1079
6484	1140
6485	1149
6486	1049
6487	1160
6488	1187
6489	1070
6490	1296
6491	1124
6492	1194
6493	976
6494	1039
6495	1147
6496	1093
6497	1153
6498	894
6499	1136
6500	1042
6501	1094
6502	1288
6503	1303
6504	1288
6505	1076
6506	1182
6507	1247
6508	1174
6509	1245
6510	1194
6511	1322
6512	1147
6513	1160
6514	1193
6515	1206
6516	1091
6517	1250
6518	1051
6519	1258
6520	1085
6521	1195
6522	1172
6523	1121
6524	1268
6525	1384
6526	1179
6527	1376
6528	1138
6529	1317
6530	1212
6531	1056
6532	1087
6533	1271
6534	1150
6535	1254
6536	1173
6537	1172
6538	1148
6539	1196
6540	1288
6541	1180
6542	1107
6543	1083
6544	1159
6545	1288
6546	1075
6547	1158
6548	1107
6549	1281
6550	1130
6551	1191
6552	1134
6553	1376
6554	1162
6555	1245
6556	1045
6557	1036
6558	1088
6559	1252
6560	1083
6561	1031
6562	1247
6563	1078
6564	1157
6565	1037
6566	1156
6567	1096
6568	1074
6569	1031
6570	1105
6571	1021
6572	1108
6573	1034
6574	1134
6575	1028
6576	1070
6577	1093
6578	1335
6579	1268
6580	1006
6581	1057
6582	1106
6583	1046
6584	1038
6585	1160
6586	1134
6587	1090
6588	1113
6589	1267
6590	1045
6591	1000
6592	1097
6593	1068
6594	1008
6595	1055
6596	1187
6597	1187
6598	1058
6599	1147
6600	1151
6601	1124
6602	1095
6603	1069
6604	965
6605	1046
6606	969
6607	973
6608	1053
6609	1165
6610	940
6611	993
6612	1111
6613	945
6614	1005
6615	999
6616	924
6617	968
6618	1021
6619	973
6620	972
6621	1007
6622	959
6623	1119
6624	938
6625	1133
6626	934
6627	947
6628	969
6629	911
6630	915
6631	1114
6632	886
6633	831
6634	952
6635	944
6636	1012
6637	861
6638	891
6639	934
6640	877
6641	1048
6642	961
6643	885
6644	927
6645	924
6646	976
6647	911
6648	861
6649	901
6650	839
6651	901
6652	979
6653	907
6654	991
6655	993
6656	982
6657	916
6658	874
6659	832
6660	892
6661	877
6662	958
6663	884
6664	829
6665	893
6666	817
6667	842
6668	894
6669	895
6670	855
6671	866
6672	874
6673	844
6674	921
6675	1042
6676	879
6677	973
6678	817
6679	815
6680	877
6681	952
6682	921
6683	994
6684	954
6685	1118
6686	824
6687	914
6688	903
6689	1028
6690	919
6691	810
6692	760
6693	965
6694	959
6695	1052
6696	894
6697	872
6698	1027
6699	897
6700	793
6701	1036
6702	1081
6703	917
6704	854
6705	923
6706	853
6707	922
6708	976
6709	976
6710	906
6711	943
6712	926
6713	984
6714	990
6715	933
6716	972
6717	1034
6718	842
6719	974
6720	1024
6721	1014
6722	866
6723	898
6724	995
6725	1115
6726	1128
6727	1128
6728	995
6729	943
6730	1017
6731	1003
6732	976
6733	1006
6734	872
6735	927
6736	1035
6737	1069
6738	941
6739	1011
6740	918
6741	972
6742	1006
6743	970
6744	954
6745	1028
6746	896
6747	1024
6748	1028
6749	957
6750	1042
6751	1114
6752	960
6753	1077
6754	981
6755	1007
6756	1074
6757	882
6758	891
6759	1062
6760	982
6761	909
6762	1059
6763	903
6764	908
6765	923
6766	1105
6767	1078
6768	1089
6769	1249
6770	1097
6771	1073
6772	1036
6773	1033
6774	977
6775	934
6776	1027
6777	1003
6778	1046
6779	991
6780	978
6781	1092
6782	1013
6783	987
6784	1034
6785	1146
6786	867
6787	952
6788	1007
6789	938
6790	1086
6791	1068
6792	1090
6793	1078
6794	1048
6795	871
6796	1131
6797	996
6798	996
6799	1080
6800	1067
6801	847
6802	1050
6803	1002
6804	1066
6805	1090
6806	968
6807	1140
6808	1031
6809	949
6810	899
6811	1003
6812	894
6813	983
6814	1273
6815	1031
6816	1061
6817	990
6818	1010
6819	901
6820	963
6821	944
6822	935
6823	999
6824	1022
6825	867
6826	877
6827	1022
6828	985
6829	1110
6830	1020
6831	1005
6832	929
6833	1091
6834	1095
6835	916
6836	1094
6837	1001
6838	1020
6839	1063
6840	1001
6841	1050
6842	1074
6843	974
6844	1030
6845	1127
6846	973
6847	1057
6848	1023
6849	1017
6850	959
6851	1126
6852	1094
6853	1071
6854	976
6855	1192
6856	1053
6857	1005
6858	877
6859	1016
6860	938
6861	866
6862	971
6863	975
6864	1014
6865	1069
6866	1084
6867	1022
6868	1057
6869	973
6870	1017
6871	986
6872	935
6873	1007
6874	1101
6875	911
6876	1008
6877	899
6878	962
6879	1009
6880	892
6881	1026
6882	1046
6883	1057
6884	836
6885	1128
6886	991
6887	1046
6888	953
6889	992
6890	940
6891	1102
6892	918
6893	983
6894	1024
6895	1032
6896	1055
6897	1088
6898	1006
6899	988
6900	1161
6901	1030
6902	1116
6903	1045
6904	1036
6905	1070
6906	1032
6907	1134
6908	1172
6909	939
6910	1184
6911	908
6912	1151
6913	1025
6914	1090
6915	1201
6916	1156
6917	1061
6918	1074
6919	1007
6920	1035
6921	1036
6922	1016
6923	1008
6924	1111
6925	1006
6926	1090
6927	910
6928	1021
6929	1058
6930	1155
6931	1044
6932	1078
6933	1051
6934	997
6935	962
6936	980
6937	993
6938	979
6939	1085
6940	1095
6941	1128
6942	958
6943	952
6944	1141
6945	1038
6946	1105
6947	1007
6948	942
6949	1069
6950	957
6951	853
6952	924
6953	1095
6954	958
6955	1019
6956	1096
6957	1066
6958	1112
6959	1156
6960	1153
6961	1062
6962	1050
6963	1105
6964	1059
6965	1107
6966	1033
6967	1052
6968	970
6969	891
6970	1134
6971	928
6972	909
6973	1100
6974	988
6975	982
6976	1015
6977	999
6978	960
6979	990
6980	1055
6981	963
6982	910
6983	1018
6984	1043
6985	843
6986	1042
6987	831
6988	996
6989	969
6990	1024
6991	984
6992	1080
6993	1072
6994	902
6995	942
6996	927
6997	858
6998	894
6999	1123
7000	1039
7001	964
7002	1078
7003	944
7004	1093
7005	994
7006	933
7007	1030
7008	974
7009	872
7010	915
7011	926
7012	938
7013	889
7014	1024
7015	989
7016	899
7017	1041
7018	970
7019	850
7020	1044
7021	838
7022	882
7023	1004
7024	954
7025	929
7026	835
7027	1009
7028	898
7029	923
7030	968
7031	897
7032	976
7033	862
7034	960
7035	1001
7036	860
7037	714
7038	872
7039	768
7040	852
7041	905
7042	801
7043	911
7044	905
7045	943
7046	1091
7047	994
7048	988
7049	908
7050	986
7051	961
7052	900
7053	920
7054	873
7055	940
7056	898
7057	957
7058	919
7059	884
7060	1001
7061	899
7062	920
7063	809
7064	910
7065	876
7066	888
7067	827
7068	1038
7069	802
7070	778
7071	914
7072	860
7073	1040
7074	890
7075	850
7076	814
7077	960
7078	913
7079	822
7080	877
7081	886
7082	911
7083	821
7084	860
7085	800
7086	728
7087	732
7088	979
7089	655
7090	849
7091	729
7092	833
7093	755
7094	895
7095	882
7096	993
7097	986
7098	828
7099	933
7100	894
7101	930
7102	896
7103	868
7104	813
7105	911
7106	990
7107	916
7108	927
7109	777
7110	881
7111	796
7112	987
7113	807
7114	831
7115	874
7116	900
7117	885
7118	942
7119	947
7120	824
7121	843
7122	910
7123	840
7124	970
7125	825
7126	810
7127	842
7128	930
7129	815
7130	915
7131	826
7132	879
7133	901
7134	896
7135	856
7136	805
7137	894
7138	938
7139	904
7140	819
7141	928
7142	987
7143	914
7144	855
7145	915
7146	946
7147	826
7148	965
7149	903
7150	899
7151	966
7152	947
7153	1014
7154	883
7155	1015
7156	975
7157	993
7158	958
7159	929
7160	956
7161	1032
7162	964
7163	903
7164	927
7165	996
7166	908
7167	1014
7168	866
7169	1069
7170	952
7171	922
7172	832
7173	921
7174	722
7175	974
7176	1024
7177	839
7178	906
7179	932
7180	984
7181	963
7182	896
7183	926
7184	1021
7185	734
7186	974
7187	818
7188	984
7189	901
7190	978
7191	959
7192	974
7193	916
7194	933
7195	911
7196	1000
7197	938
7198	995
7199	911
7200	918
7201	902
7202	897
7203	893
7204	909
7205	932
7206	1015
7207	976
7208	1018
7209	833
7210	1011
7211	1009
7212	849
7213	1043
7214	976
7215	982
7216	883
7217	957
7218	825
7219	922
7220	1056
7221	931
7222	785
7223	900
7224	821
7225	1072
7226	920
7227	924
7228	903
7229	810
7230	976
7231	960
7232	1016
7233	846
7234	980
7235	1088
7236	877
7237	945
7238	942
7239	833
7240	969
7241	818
7242	899
7243	961
7244	995
7245	971
7246	998
7247	1000
7248	1036
7249	900
7250	934
7251	801
7252	926
7253	966
7254	891
7255	958
7256	912
7257	916
7258	930
7259	940
7260	939
7261	903
7262	959
7263	957
7264	907
7265	850
7266	861
7267	899
7268	813
7269	811
7270	798
7271	937
7272	879
7273	768
7274	953
7275	847
7276	937
7277	927
7278	923
7279	922
7280	969
7281	907
7282	927
7283	950
7284	820
7285	962
7286	788
7287	879
7288	996
7289	878
7290	980
7291	828
7292	791
7293	855
7294	933
7295	745
7296	704
7297	868
7298	926
7299	903
7300	790
7301	838
7302	846
7303	782
7304	928
7305	801
7306	830
7307	863
7308	887
7309	930
7310	702
7311	848
7312	845
7313	867
7314	917
7315	841
7316	966
7317	902
7318	955
7319	794
7320	854
7321	840
7322	881
7323	906
7324	944
7325	867
7326	955
7327	858
7328	840
7329	827
7330	844
7331	922
7332	842
7333	749
7334	954
7335	803
7336	790
7337	929
7338	810
7339	981
7340	827
7341	801
7342	908
7343	917
7344	1018
7345	849
7346	767
7347	785
7348	779
7349	767
7350	816
7351	848
7352	873
7353	955
7354	817
7355	848
7356	860
7357	727
7358	871
7359	816
7360	792
7361	857
7362	763
7363	891
7364	880
7365	775
7366	930
7367	833
7368	915
7369	816
7370	948
7371	982
7372	938
7373	792
7374	837
7375	907
7376	809
7377	777
7378	851
7379	863
7380	886
7381	871
7382	832
7383	798
7384	848
7385	895
7386	922
7387	942
7388	765
7389	885
7390	804
7391	962
7392	772
7393	760
7394	792
7395	755
7396	830
7397	693
7398	927
7399	773
7400	717
7401	891
7402	781
7403	793
7404	868
7405	883
7406	840
7407	722
7408	829
7409	833
7410	782
7411	857
7412	804
7413	738
7414	839
7415	793
7416	827
7417	846
7418	858
7419	785
7420	668
7421	810
7422	839
7423	835
7424	872
7425	743
7426	884
7427	954
7428	799
7429	801
7430	709
7431	749
7432	748
7433	768
7434	832
7435	869
7436	742
7437	918
7438	719
7439	884
7440	756
7441	799
7442	776
7443	917
7444	792
7445	803
7446	837
7447	820
7448	786
7449	876
7450	785
7451	942
7452	823
7453	774
7454	773
7455	720
7456	804
7457	876
7458	745
7459	942
7460	648
7461	799
7462	848
7463	746
7464	753
7465	774
7466	846
7467	771
7468	799
7469	855
7470	763
7471	671
7472	746
7473	619
7474	637
7475	851
7476	862
7477	732
7478	817
7479	750
7480	713
7481	654
7482	680
7483	804
7484	810
7485	743
7486	760
7487	786
7488	771
7489	821
7490	655
7491	704
7492	758
7493	804
7494	749
7495	734
7496	841
7497	739
7498	605
7499	732
7500	701
7501	805
7502	778
7503	628
7504	844
7505	719
7506	778
7507	755
7508	658
7509	687
7510	782
7511	784
7512	778
7513	749
7514	834
7515	729
7516	640
7517	627
7518	676
7519	763
7520	797
7521	758
7522	666
7523	783
7524	785
7525	619
7526	741
7527	671
7528	692
7529	838
7530	724
7531	709
7532	733
7533	735
7534	782
7535	766
7536	740
7537	639
7538	706
7539	737
7540	769
7541	751
7542	766
7543	716
7544	810
7545	854
7546	736
7547	773
7548	894
7549	743
7550	764
7551	798
7552	730
7553	716
7554	813
7555	753
7556	769
7557	712
7558	791
7559	745
7560	638
7561	807
7562	666
7563	722
7564	769
7565	583
7566	868
7567	794
7568	734
7569	835
7570	740
7571	794
7572	751
7573	724
7574	839
7575	769
7576	725
7577	875
7578	811
7579	700
7580	689
7581	723
7582	673
7583	753
7584	681
7585	808
7586	626
7587	790
7588	620
7589	737
7590	656
7591	743
7592	669
7593	662
7594	809
7595	722
7596	792
7597	659
7598	776
7599	834
7600	679
7601	767
7602	888
7603	697
7604	725
7605	713
7606	791
7607	732
7608	760
7609	709
7610	797
7611	917
7612	706
7613	711
7614	736
7615	711
7616	753
7617	877
7618	709
7619	745
7620	757
7621	706
7622	638
7623	770
7624	743
7625	689
7626	788
7627	718
7628	688
7629	868
7630	753
7631	817
7632	728
7633	788
7634	762
7635	852
7636	769
7637	783
7638	782
7639	757
7640	710
7641	829
7642	710
7643	655
7644	715
7645	862
7646	899
7647	705
7648	796
7649	790
7650	814
7651	968
7652	790
7653	766
7654	873
7655	828
7656	796
7657	943
7658	935
7659	825
7660	859
7661	868
7662	756
7663	821
7664	876
7665	779
7666	880
7667	854
7668	805
7669	749
7670	843
7671	843
7672	873
7673	766
7674	950
7675	816
7676	760
7677	822
7678	895
7679	802
7680	906
7681	868
7682	901
7683	747
7684	874
7685	891
7686	936
7687	925
7688	812
7689	863
7690	832
7691	725
7692	839
7693	828
7694	740
7695	878
7696	818
7697	724
7698	1007
7699	898
7700	763
7701	851
7702	827
7703	794
7704	880
7705	827
7706	903
7707	677
7708	871
7709	804
7710	844
7711	782
7712	859
7713	838
7714	653
7715	845
7716	726
7717	829
7718	840
7719	910
7720	833
7721	802
7722	761
7723	935
7724	878
7725	772
7726	919
7727	941
7728	925
7729	881
7730	806
7731	728
7732	843
7733	845
7734	932
7735	787
7736	923
7737	816
7738	864
7739	860
7740	943
7741	811
7742	677
7743	771
7744	822
7745	840
7746	871
7747	868
7748	795
7749	761
7750	772
7751	916
7752	811
7753	901
7754	913
7755	813
7756	852
7757	894
7758	776
7759	750
7760	846
7761	798
7762	859
7763	848
7764	805
7765	965
7766	777
7767	895
7768	836
7769	884
7770	874
7771	858
7772	871
7773	819
7774	873
7775	906
7776	738
7777	906
7778	940
7779	982
7780	908
7781	935
7782	744
7783	758
7784	879
7785	803
7786	942
7787	927
7788	1035
7789	804
7790	861
7791	743
7792	816
7793	836
7794	927
7795	858
7796	830
7797	941
7798	800
7799	892
7800	832
7801	842
7802	919
7803	820
7804	820
7805	839
7806	933
7807	882
7808	845
7809	926
7810	775
7811	888
7812	847
7813	883
7814	752
7815	751
7816	871
7817	779
7818	795
7819	818
7820	827
7821	778
7822	741
7823	944
7824	695
7825	847
7826	914
7827	826
7828	906
7829	694
7830	749
7831	816
7832	853
7833	776
7834	790
7835	690
7836	817
7837	863
7838	752
7839	756
7840	856
7841	790
7842	745
7843	829
7844	801
7845	861
7846	777
7847	904
7848	848
7849	850
7850	912
7851	812
7852	904
7853	728
7854	797
7855	814
7856	914
7857	869
7858	844
7859	839
7860	861
7861	934
7862	898
7863	855
7864	802
7865	775
7866	793
7867	722
7868	747
7869	800
7870	998
7871	825
7872	933
7873	744
7874	809
7875	786
7876	795
7877	852
7878	702
7879	855
7880	752
7881	884
7882	846
7883	822
7884	811
7885	936
7886	804
7887	765
7888	863
7889	936
7890	869
7891	737
7892	837
7893	840
7894	727
7895	936
7896	672
7897	845
7898	861
7899	939
7900	796
7901	877
7902	919
7903	782
7904	779
7905	712
7906	833
7907	824
7908	894
7909	933
7910	768
7911	893
7912	896
7913	901
7914	860
7915	823
7916	895
7917	670
7918	977
7919	870
7920	900
7921	959
7922	809
7923	964
7924	954
7925	806
7926	955
7927	921
7928	892
7929	908
7930	843
7931	885
7932	866
7933	929
7934	836
7935	873
7936	916
7937	889
7938	852
7939	1016
7940	979
7941	767
7942	987
7943	801
7944	879
7945	990
7946	1021
7947	805
7948	1006
7949	875
7950	760
7951	778
7952	858
7953	904
7954	778
7955	857
7956	828
7957	828
7958	848
7959	893
7960	800
7961	813
7962	930
7963	1001
7964	859
7965	827
7966	746
7967	861
7968	867
7969	886
7970	825
7971	793
7972	746
7973	837
7974	765
7975	698
7976	895
7977	711
7978	831
7979	779
7980	915
7981	839
7982	717
7983	727
7984	822
7985	818
7986	748
7987	670
7988	864
7989	717
7990	714
7991	623
7992	727
7993	728
7994	915
7995	911
7996	805
7997	783
7998	693
7999	809
8000	742
8001	706
8002	636
8003	740
8004	684
8005	729
8006	812
8007	656
8008	771
8009	717
8010	663
8011	787
8012	710
8013	751
8014	750
8015	765
8016	797
8017	778
8018	768
8019	774
8020	666
8021	692
8022	663
8023	793
8024	749
8025	709
8026	809
8027	807
8028	795
8029	805
8030	733
8031	757
8032	635
8033	744
8034	666
8035	933
8036	825
8037	918
8038	794
8039	748
8040	804
8041	856
8042	726
8043	911
8044	853
8045	804
8046	919
8047	794
8048	940
8049	850
8050	750
8051	696
8052	836
8053	803
8054	792
8055	852
8056	808
8057	1011
8058	822
8059	1053
8060	904
8061	840
8062	847
8063	758
8064	924
8065	1068
8066	954
8067	892
8068	1009
8069	962
8070	947
8071	781
8072	674
8073	766
8074	817
8075	801
8076	981
8077	862
8078	767
8079	794
8080	867
8081	928
8082	703
8083	681
8084	829
8085	884
8086	824
8087	905
8088	840
8089	636
8090	724
8091	785
8092	783
8093	949
8094	955
8095	874
8096	806
8097	828
8098	899
8099	817
8100	910
8101	687
8102	810
8103	866
8104	860
8105	791
8106	939
8107	799
8108	866
8109	770
8110	957
8111	860
8112	821
8113	816
8114	997
8115	868
8116	911
8117	786
8118	884
8119	775
8120	992
8121	808
8122	819
8123	881
8124	909
8125	831
8126	708
8127	744
8128	806
8129	746
8130	783
8131	798
8132	872
8133	939
8134	760
8135	703
8136	704
8137	766
8138	752
8139	768
8140	818
8141	766
8142	836
8143	950
8144	793
8145	715
8146	811
8147	833
8148	767
8149	778
8150	758
8151	814
8152	782
8153	826
8154	830
8155	845
8156	578
8157	723
8158	748
8159	803
8160	808
8161	712
8162	808
8163	803
8164	894
8165	817
8166	810
8167	758
8168	734
8169	803
8170	730
8171	840
8172	727
8173	787
8174	797
8175	711
8176	642
8177	753
8178	728
8179	894
8180	905
8181	749
8182	765
8183	689
8184	709
8185	696
8186	754
8187	706
8188	716
8189	666
8190	756
8191	778
8192	779
8193	671
8194	740
8195	809
8196	848
8197	740
8198	697
8199	699
8200	632
8201	822
8202	783
8203	747
8204	653
8205	728
8206	792
8207	709
8208	792
8209	722
8210	783
8211	641
8212	733
8213	849
8214	685
8215	723
8216	805
8217	827
8218	789
8219	637
8220	869
8221	709
8222	739
8223	731
8224	740
8225	607
8226	745
8227	734
8228	740
8229	888
8230	722
8231	608
8232	764
8233	690
8234	674
8235	670
8236	775
8237	693
8238	703
8239	798
8240	628
8241	711
8242	779
8243	615
8244	772
8245	607
8246	670
8247	704
8248	685
8249	561
8250	579
8251	570
8252	656
8253	590
8254	661
8255	591
8256	570
8257	649
8258	661
8259	706
8260	706
8261	673
8262	592
8263	693
8264	699
8265	749
8266	596
8267	552
8268	685
8269	707
8270	571
8271	598
8272	621
8273	726
8274	769
8275	683
8276	603
8277	472
8278	661
8279	582
8280	641
8281	642
8282	745
8283	720
8284	498
8285	609
8286	635
8287	671
8288	533
8289	702
8290	623
8291	783
8292	616
8293	608
8294	613
8295	563
8296	550
8297	665
8298	673
8299	700
8300	702
8301	709
8302	718
8303	738
8304	699
8305	654
8306	670
8307	665
8308	789
8309	677
8310	653
8311	771
8312	752
8313	677
8314	737
8315	620
8316	681
8317	595
8318	687
8319	753
8320	677
8321	697
8322	646
8323	714
8324	744
8325	629
8326	650
8327	697
8328	665
8329	768
8330	598
8331	759
8332	649
8333	794
8334	751
8335	780
8336	621
8337	717
8338	711
8339	735
8340	718
8341	685
8342	748
8343	722
8344	733
8345	669
8346	844
8347	843
8348	731
8349	718
8350	802
8351	686
8352	728
8353	675
8354	650
8355	680
8356	773
8357	747
8358	745
8359	696
8360	791
8361	768
8362	677
8363	803
8364	735
8365	645
8366	683
8367	629
8368	716
8369	619
8370	655
8371	667
8372	728
8373	719
8374	761
8375	580
8376	642
8377	648
8378	705
8379	657
8380	658
8381	627
8382	677
8383	780
8384	656
8385	655
8386	476
8387	662
8388	685
8389	705
8390	797
8391	652
8392	632
8393	638
8394	714
8395	570
8396	757
8397	557
8398	646
8399	613
8400	732
8401	649
8402	675
8403	589
8404	568
8405	588
8406	725
8407	780
8408	636
8409	613
8410	642
8411	860
8412	627
8413	643
8414	594
8415	560
8416	564
8417	624
8418	661
8419	698
8420	612
8421	575
8422	675
8423	728
8424	681
8425	710
8426	779
8427	682
8428	626
8429	682
8430	690
8431	727
8432	650
8433	663
8434	632
8435	588
8436	669
8437	596
8438	586
8439	618
8440	679
8441	638
8442	763
8443	636
8444	656
8445	633
8446	738
8447	702
8448	694
8449	685
8450	570
8451	730
8452	644
8453	586
8454	676
8455	652
8456	669
8457	661
8458	728
8459	557
8460	703
8461	531
8462	537
8463	618
8464	604
8465	747
8466	569
8467	570
8468	545
8469	634
8470	631
8471	624
8472	628
8473	663
8474	711
8475	568
8476	533
8477	621
8478	545
8479	618
8480	731
8481	672
8482	682
8483	654
8484	620
8485	560
8486	624
8487	582
8488	674
8489	655
8490	684
8491	739
8492	613
8493	610
8494	647
8495	502
8496	554
8497	803
8498	620
8499	582
8500	499
8501	578
8502	615
8503	643
8504	533
8505	549
8506	646
8507	581
8508	522
8509	643
8510	584
8511	632
8512	503
8513	592
8514	597
8515	604
8516	587
8517	595
8518	570
8519	602
8520	618
8521	620
8522	601
8523	596
8524	527
8525	627
8526	612
8527	623
8528	613
8529	650
8530	653
8531	646
8532	680
8533	563
8534	631
8535	648
8536	626
8537	568
8538	683
8539	657
8540	552
8541	651
8542	605
8543	592
8544	683
8545	733
8546	611
8547	607
8548	767
8549	686
8550	617
8551	606
8552	582
8553	637
8554	617
8555	632
8556	640
8557	542
8558	624
8559	717
8560	454
8561	591
8562	577
8563	751
8564	680
8565	673
8566	631
8567	599
8568	578
8569	641
8570	605
8571	596
8572	716
8573	645
8574	715
8575	544
8576	611
8577	665
8578	636
8579	614
8580	719
8581	641
8582	646
8583	680
8584	586
8585	548
8586	573
8587	714
8588	609
8589	787
8590	602
8591	613
8592	603
8593	706
8594	652
8595	634
8596	576
8597	692
8598	612
8599	531
8600	563
8601	634
8602	701
8603	606
8604	583
8605	602
8606	653
8607	721
8608	611
8609	707
8610	597
8611	565
8612	547
8613	674
8614	669
8615	562
8616	534
8617	619
8618	659
8619	506
8620	624
8621	770
8622	697
8623	547
8624	669
8625	593
8626	600
8627	591
8628	618
8629	610
8630	624
8631	709
8632	495
8633	697
8634	636
8635	621
8636	635
8637	589
8638	593
8639	518
8640	663
8641	499
8642	653
8643	533
8644	694
8645	570
8646	573
8647	489
8648	669
8649	559
8650	729
8651	620
8652	652
8653	575
8654	623
8655	654
8656	605
8657	751
8658	620
8659	598
8660	676
8661	490
8662	616
8663	584
8664	520
8665	583
8666	580
8667	619
8668	575
8669	629
8670	564
8671	625
8672	629
8673	640
8674	635
8675	623
8676	480
8677	516
8678	559
8679	664
8680	675
8681	565
8682	600
8683	469
8684	548
8685	596
8686	527
8687	633
8688	565
8689	595
8690	609
8691	606
8692	630
8693	566
8694	706
8695	437
8696	534
8697	579
8698	550
8699	496
8700	638
8701	641
8702	531
8703	557
8704	622
8705	592
8706	685
8707	530
8708	597
8709	605
8710	586
8711	534
8712	600
8713	562
8714	587
8715	604
8716	540
8717	512
8718	515
8719	550
8720	619
8721	557
8722	541
8723	588
8724	603
8725	705
8726	705
8727	628
8728	472
8729	550
8730	629
8731	570
8732	675
8733	598
8734	609
8735	628
8736	382
8737	564
8738	598
8739	614
8740	647
8741	559
8742	545
8743	662
8744	626
8745	487
8746	656
8747	543
8748	611
8749	667
8750	514
8751	611
8752	627
8753	623
8754	564
8755	614
8756	534
8757	590
8758	631
8759	605
8760	690
8761	577
8762	651
8763	653
8764	594
8765	599
8766	690
8767	628
8768	578
8769	593
8770	552
8771	597
8772	657
8773	645
8774	522
8775	690
8776	613
8777	657
8778	523
8779	605
8780	680
8781	528
8782	633
8783	674
8784	585
8785	575
8786	636
8787	618
8788	667
8789	580
8790	527
8791	598
8792	634
8793	583
8794	588
8795	640
8796	574
8797	535
8798	603
8799	740
8800	522
8801	564
8802	575
8803	577
8804	574
8805	577
8806	576
8807	577
8808	614
8809	765
8810	525
8811	604
8812	651
8813	570
8814	580
8815	577
8816	612
8817	644
8818	733
8819	626
8820	648
8821	669
8822	612
8823	521
8824	519
8825	518
8826	599
8827	503
8828	619
8829	603
8830	552
8831	614
8832	599
8833	570
8834	600
8835	650
8836	711
8837	651
8838	663
8839	527
8840	647
8841	494
8842	535
8843	594
8844	637
8845	697
8846	625
8847	550
8848	631
8849	572
8850	619
8851	570
8852	656
8853	643
8854	680
8855	627
8856	666
8857	692
8858	628
8859	647
8860	583
8861	666
8862	550
8863	544
8864	586
8865	554
8866	665
8867	715
8868	569
8869	632
8870	711
8871	595
8872	638
8873	637
8874	592
8875	589
8876	603
8877	633
8878	560
8879	726
8880	459
8881	560
8882	635
8883	628
8884	687
8885	492
8886	657
8887	595
8888	578
8889	582
8890	549
8891	552
8892	585
8893	557
8894	549
8895	668
8896	492
8897	629
8898	543
8899	589
8900	541
8901	538
8902	481
8903	668
8904	598
8905	615
8906	502
8907	602
8908	542
8909	540
8910	557
8911	585
8912	494
8913	546
8914	613
8915	636
8916	556
8917	498
8918	652
8919	570
8920	589
8921	600
8922	593
8923	596
8924	584
8925	671
8926	601
8927	558
8928	545
8929	556
8930	557
8931	488
8932	560
8933	524
8934	642
8935	570
8936	647
8937	611
8938	584
8939	509
8940	596
8941	561
8942	612
8943	526
8944	563
8945	565
8946	583
8947	622
8948	556
8949	563
8950	592
8951	579
8952	652
8953	561
8954	535
8955	639
8956	624
8957	506
8958	634
8959	527
8960	639
8961	566
8962	502
8963	510
8964	640
8965	599
8966	519
8967	517
8968	628
8969	532
8970	583
8971	524
8972	586
8973	594
8974	531
8975	595
8976	588
8977	593
8978	638
8979	558
8980	542
8981	558
8982	650
8983	516
8984	544
8985	583
8986	605
8987	516
8988	515
8989	483
8990	608
8991	538
8992	558
8993	566
8994	604
8995	609
8996	557
8997	528
8998	574
8999	596
9000	637
9001	656
9002	533
9003	573
9004	623
9005	540
9006	541
9007	578
9008	575
9009	560
9010	553
9011	546
9012	557
9013	611
9014	513
9015	557
9016	569
9017	537
9018	651
9019	509
9020	503
9021	473
9022	609
9023	586
9024	567
9025	489
9026	495
9027	533
9028	511
9029	521
9030	523
9031	578
9032	634
9033	435
9034	538
9035	486
9036	552
9037	515
9038	432
9039	574
9040	456
9041	555
9042	645
9043	590
9044	633
9045	616
9046	642
9047	488
9048	570
9049	582
9050	536
9051	543
9052	531
9053	483
9054	493
9055	486
9056	422
9057	470
9058	506
9059	563
9060	586
9061	569
9062	630
9063	572
9064	510
9065	647
9066	547
9067	521
9068	551
9069	585
9070	603
9071	548
9072	498
9073	416
9074	491
9075	562
9076	500
9077	513
9078	614
9079	505
9080	683
9081	658
9082	606
9083	503
9084	548
9085	540
9086	409
9087	502
9088	571
9089	560
9090	484
9091	595
9092	552
9093	535
9094	513
9095	608
9096	601
9097	497
9098	514
9099	623
9100	534
9101	515
9102	486
9103	556
9104	486
9105	448
9106	564
9107	553
9108	461
9109	547
9110	523
9111	566
9112	542
9113	586
9114	512
9115	604
9116	513
9117	575
9118	523
9119	582
9120	489
9121	523
9122	608
9123	535
9124	526
9125	578
9126	588
9127	580
9128	605
9129	555
9130	636
9131	597
9132	584
9133	733
9134	548
9135	598
9136	605
9137	592
9138	475
9139	521
9140	573
9141	624
9142	662
9143	581
9144	592
9145	492
9146	584
9147	642
9148	474
9149	608
9150	432
9151	548
9152	577
9153	453
9154	591
9155	513
9156	567
9157	572
9158	710
9159	520
9160	545
9161	543
9162	521
9163	592
9164	535
9165	598
9166	616
9167	545
9168	500
9169	537
9170	408
9171	502
9172	580
9173	638
9174	504
9175	618
9176	403
9177	635
9178	567
9179	584
9180	575
9181	495
9182	510
9183	431
9184	456
9185	594
9186	544
9187	538
9188	522
9189	608
9190	522
9191	579
9192	605
9193	624
9194	464
9195	660
9196	614
9197	624
9198	538
9199	590
9200	513
9201	565
9202	510
9203	580
9204	594
9205	642
9206	545
9207	660
9208	644
9209	580
9210	444
9211	506
9212	525
9213	604
9214	598
9215	613
9216	546
9217	571
9218	579
9219	675
9220	507
9221	572
9222	549
9223	538
9224	545
9225	627
9226	513
9227	495
9228	540
9229	525
9230	620
9231	586
9232	589
9233	483
9234	496
9235	525
9236	570
9237	667
9238	611
9239	594
9240	502
9241	554
9242	592
9243	504
9244	590
9245	589
9246	560
9247	574
9248	618
9249	507
9250	635
9251	606
9252	623
9253	574
9254	564
9255	449
9256	531
9257	634
9258	620
9259	639
9260	503
9261	544
9262	557
9263	537
9264	535
9265	578
9266	553
9267	637
9268	555
9269	508
9270	631
9271	590
9272	463
9273	641
9274	652
9275	576
9276	583
9277	603
9278	532
9279	525
9280	552
9281	559
9282	525
9283	497
9284	498
9285	555
9286	485
9287	555
9288	539
9289	588
9290	556
9291	511
9292	594
9293	667
9294	543
9295	511
9296	478
9297	663
9298	586
9299	556
9300	587
9301	431
9302	551
9303	480
9304	560
9305	644
9306	546
9307	454
9308	511
9309	545
9310	471
9311	461
9312	467
9313	573
9314	479
9315	543
9316	556
9317	489
9318	602
9319	567
9320	476
9321	460
9322	529
9323	413
9324	570
9325	546
9326	562
9327	594
9328	533
9329	509
9330	543
9331	479
9332	525
9333	476
9334	476
9335	623
9336	489
9337	501
9338	464
9339	564
9340	494
9341	487
9342	478
9343	487
9344	504
9345	468
9346	530
9347	501
9348	546
9349	532
9350	482
9351	500
9352	553
9353	531
9354	579
9355	540
9356	493
9357	484
9358	617
9359	458
9360	538
9361	570
9362	399
9363	445
9364	494
9365	539
9366	414
9367	649
9368	462
9369	528
9370	514
9371	564
9372	504
9373	608
9374	466
9375	569
9376	504
9377	489
9378	414
9379	432
9380	453
9381	464
9382	646
9383	465
9384	630
9385	570
9386	506
9387	541
9388	529
9389	449
9390	480
9391	487
9392	492
9393	489
9394	474
9395	491
9396	489
9397	417
9398	417
9399	511
9400	589
9401	448
9402	523
9403	470
9404	415
9405	532
9406	573
9407	513
9408	531
9409	492
9410	528
9411	433
9412	540
9413	432
9414	457
9415	529
9416	670
9417	409
9418	456
9419	514
9420	501
9421	489
9422	491
9423	446
9424	473
9425	462
9426	488
9427	497
9428	552
9429	549
9430	548
9431	449
9432	531
9433	570
9434	481
9435	579
9436	482
9437	446
9438	470
9439	598
9440	484
9441	466
9442	514
9443	493
9444	495
9445	451
9446	473
9447	552
9448	431
9449	433
9450	502
9451	571
9452	542
9453	457
9454	472
9455	514
9456	479
9457	479
9458	482
9459	519
9460	509
9461	450
9462	614
9463	614
9464	678
9465	575
9466	657
9467	475
9468	643
9469	558
9470	490
9471	658
9472	460
9473	528
9474	539
9475	549
9476	469
9477	514
9478	483
9479	467
9480	517
9481	568
9482	520
9483	553
9484	618
9485	575
9486	493
9487	625
9488	506
9489	610
9490	605
9491	527
9492	592
9493	499
9494	452
9495	546
9496	441
9497	482
9498	564
9499	531
9500	412
9501	476
9502	603
9503	540
9504	478
9505	645
9506	608
9507	569
9508	526
9509	614
9510	657
9511	498
9512	579
9513	443
9514	448
9515	566
9516	440
9517	491
9518	450
9519	464
9520	412
9521	500
9522	583
9523	585
9524	463
9525	502
9526	494
9527	493
9528	555
9529	496
9530	547
9531	421
9532	479
9533	458
9534	551
9535	437
9536	476
9537	453
9538	437
9539	477
9540	513
9541	450
9542	470
9543	442
9544	396
9545	489
9546	415
9547	564
9548	532
9549	578
9550	602
9551	497
9552	562
9553	561
9554	473
9555	391
9556	452
9557	525
9558	501
9559	462
9560	503
9561	494
9562	424
9563	477
9564	505
9565	536
9566	443
9567	484
9568	485
9569	494
9570	483
9571	487
9572	552
9573	469
9574	477
9575	515
9576	417
9577	552
9578	524
9579	532
9580	498
9581	603
9582	557
9583	470
9584	424
9585	507
9586	394
9587	421
9588	401
9589	496
9590	414
9591	480
9592	518
9593	409
9594	451
9595	506
9596	431
9597	398
9598	456
9599	505
9600	433
9601	467
9602	512
9603	454
9604	412
9605	483
9606	519
9607	555
9608	541
9609	506
9610	461
9611	496
9612	502
9613	591
9614	518
9615	519
9616	517
9617	531
9618	493
9619	526
9620	491
9621	490
9622	495
9623	532
9624	461
9625	484
9626	500
9627	561
9628	546
9629	427
9630	448
9631	485
9632	566
9633	569
9634	519
9635	499
9636	548
9637	394
9638	525
9639	491
9640	528
9641	507
9642	581
9643	571
9644	527
9645	538
9646	528
9647	650
9648	461
9649	590
9650	563
9651	511
9652	472
9653	481
9654	457
9655	549
9656	489
9657	571
9658	556
9659	566
9660	491
9661	556
9662	579
9663	528
9664	604
9665	559
9666	609
9667	477
9668	566
9669	572
9670	494
9671	488
9672	609
9673	515
9674	488
9675	429
9676	616
9677	597
9678	439
9679	513
9680	538
9681	467
9682	534
9683	375
9684	481
9685	413
9686	485
9687	617
9688	513
9689	499
9690	511
9691	577
9692	606
9693	535
9694	437
9695	524
9696	426
9697	466
9698	559
9699	486
9700	588
9701	512
9702	616
9703	509
9704	493
9705	487
9706	476
9707	521
9708	493
9709	486
9710	490
9711	588
9712	629
9713	538
9714	489
9715	522
9716	476
9717	468
9718	567
9719	641
9720	498
9721	507
9722	553
9723	545
9724	486
9725	515
9726	569
9727	418
9728	548
9729	462
9730	453
9731	567
9732	397
9733	444
9734	524
9735	494
9736	445
9737	409
9738	565
9739	445
9740	468
9741	479
9742	452
9743	487
9744	551
9745	499
9746	523
9747	515
9748	431
9749	501
9750	460
9751	462
9752	461
9753	524
9754	435
9755	530
9756	470
9757	510
9758	515
9759	389
9760	502
9761	532
9762	503
9763	510
9764	503
9765	484
9766	493
9767	508
9768	437
9769	439
9770	430
9771	531
9772	477
9773	510
9774	517
9775	489
9776	584
9777	520
9778	449
9779	498
9780	556
9781	491
9782	474
9783	539
9784	527
9785	513
9786	447
9787	497
9788	507
9789	574
9790	560
9791	484
9792	636
9793	523
9794	508
9795	543
9796	499
9797	499
9798	540
9799	637
9800	583
9801	571
9802	512
9803	567
9804	578
9805	578
9806	574
9807	519
9808	544
9809	588
9810	639
9811	552
9812	549
9813	473
9814	657
9815	576
9816	604
9817	637
9818	588
9819	374
9820	535
9821	512
9822	654
9823	503
9824	494
9825	583
9826	509
9827	513
9828	594
9829	516
9830	508
9831	504
9832	597
9833	605
9834	640
9835	511
9836	522
9837	536
9838	538
9839	595
9840	627
9841	571
9842	590
9843	467
9844	456
9845	626
9846	538
9847	617
9848	530
9849	566
9850	623
9851	601
9852	536
9853	548
9854	609
9855	486
9856	536
9857	401
9858	512
9859	538
9860	501
9861	472
9862	440
9863	490
9864	501
9865	479
9866	562
9867	548
9868	487
9869	575
9870	631
9871	615
9872	498
9873	599
9874	545
9875	512
9876	583
9877	586

