## htsjdk.samtools.metrics.StringHeader
# CollectInsertSizeMetrics HISTOGRAM_FILE=/work/ugbogu/pipeline/data/nbl/GSE189367/results/picard/SRR17010968_insert_size_histogram.pdf MINIMUM_PCT=0.5 INPUT=/work/ugbogu/pipeline/data/nbl/GSE189367/results/star/SRR17010968.Aligned.sortedByCoord.out.bam OUTPUT=/work/ugbogu/pipeline/data/nbl/GSE189367/results/picard/SRR17010968_insert_size_metrics.txt    DEVIATIONS=10.0 METRIC_ACCUMULATION_LEVEL=[ALL_READS] INCLUDE_DUPLICATES=false ASSUME_SORTED=true STOP_AFTER=0 VERBOSITY=INFO QUIET=false VALIDATION_STRINGENCY=STRICT COMPRESSION_LEVEL=5 MAX_RECORDS_IN_RAM=500000 CREATE_INDEX=false CREATE_MD5_FILE=false USE_JDK_DEFLATER=false USE_JDK_INFLATER=false
## htsjdk.samtools.metrics.StringHeader
# Started on: Wed Apr 15 09:39:54 UTC 2026

## METRICS CLASS	picard.analysis.InsertSizeMetrics
MEDIAN_INSERT_SIZE	MODE_INSERT_SIZE	MEDIAN_ABSOLUTE_DEVIATION	MIN_INSERT_SIZE	MAX_INSERT_SIZE	MEAN_INSERT_SIZE	STANDARD_DEVIATION	READ_PAIRS	PAIR_ORIENTATION	WIDTH_OF_10_PERCENT	WIDTH_OF_20_PERCENT	WIDTH_OF_30_PERCENT	WIDTH_OF_40_PERCENT	WIDTH_OF_50_PERCENT	WIDTH_OF_60_PERCENT	WIDTH_OF_70_PERCENT	WIDTH_OF_80_PERCENT	WIDTH_OF_90_PERCENT	WIDTH_OF_95_PERCENT	WIDTH_OF_99_PERCENT	SAMPLE	LIBRARY	READ_GROUP
532	133	416	25	2066436	885.980723	1117.379022	22712425	FR	423	621	721	781	833	1301	3385	7395	19817	50151	158061			

## HISTOGRAM	java.lang.Integer
insert_size	All_Reads.fr_count
25	1
26	1
27	3
28	2
29	2
31	4
32	7
33	8
34	14
35	140
36	156
37	155
38	184
39	204
40	220
41	232
42	210
43	241
44	280
45	283
46	344
47	385
48	413
49	461
50	559
51	543
52	574
53	671
54	659
55	746
56	801
57	934
58	1163
59	1348
60	1418
61	1741
62	1963
63	1905
64	2054
65	2234
66	2614
67	3130
68	3446
69	3765
70	4140
71	4794
72	4801
73	6102
74	6559
75	17062
76	8295
77	9166
78	12528
79	10058
80	9824
81	11839
82	12292
83	13001
84	13607
85	14836
86	16248
87	17550
88	18894
89	20275
90	21917
91	24660
92	26846
93	28212
94	30296
95	33385
96	34527
97	37935
98	39326
99	43068
100	45251
101	47093
102	49064
103	51332
104	55078
105	59330
106	62026
107	63511
108	64511
109	66558
110	67697
111	68589
112	70824
113	72512
114	73460
115	74517
116	76140
117	77332
118	79081
119	80256
120	81766
121	83007
122	82679
123	83673
124	85129
125	84989
126	84492
127	85866
128	85205
129	84758
130	86662
131	86671
132	85208
133	88322
134	88282
135	86920
136	87239
137	85814
138	85512
139	84681
140	85024
141	83184
142	82829
143	81607
144	80835
145	80131
146	78206
147	77250
148	77993
149	76912
150	75589
151	76895
152	74932
153	74163
154	73675
155	73307
156	72263
157	71346
158	69686
159	68765
160	68628
161	67119
162	66418
163	65631
164	64016
165	62232
166	62034
167	61393
168	61356
169	60973
170	60369
171	59236
172	58397
173	57203
174	55606
175	55541
176	55027
177	53925
178	53639
179	53191
180	52624
181	51800
182	50635
183	49522
184	48585
185	48425
186	48041
187	47002
188	47151
189	45944
190	45873
191	44910
192	43868
193	43521
194	43283
195	42518
196	42161
197	41784
198	41007
199	40261
200	40824
201	39988
202	39393
203	39489
204	38230
205	38131
206	36660
207	36642
208	36574
209	36003
210	35127
211	34908
212	35377
213	34395
214	33989
215	33868
216	33185
217	33125
218	32139
219	32147
220	31959
221	31276
222	31007
223	30661
224	30441
225	29547
226	29826
227	29419
228	28921
229	28858
230	29292
231	28257
232	28462
233	28103
234	27505
235	27359
236	27235
237	26265
238	26231
239	25289
240	25019
241	25085
242	24850
243	24822
244	24349
245	24309
246	23679
247	23500
248	23352
249	23198
250	22914
251	22733
252	22026
253	21958
254	21915
255	21607
256	21608
257	21279
258	21006
259	20626
260	20594
261	20027
262	20288
263	19886
264	19893
265	19851
266	19235
267	19191
268	18980
269	19080
270	18470
271	18556
272	18090
273	18316
274	17647
275	17867
276	17164
277	17272
278	16866
279	16724
280	16558
281	16680
282	16514
283	16356
284	16059
285	15567
286	15549
287	15594
288	15174
289	15143
290	15008
291	14590
292	14733
293	14448
294	14608
295	14307
296	14280
297	14089
298	14133
299	13532
300	13625
301	13702
302	13479
303	13212
304	13261
305	13152
306	12979
307	12962
308	12770
309	12847
310	12568
311	12196
312	12467
313	12341
314	12330
315	12054
316	11867
317	11629
318	11722
319	11508
320	11311
321	11545
322	11426
323	11295
324	11119
325	10907
326	10683
327	10695
328	10641
329	10404
330	10676
331	10411
332	10391
333	10274
334	10083
335	10326
336	10083
337	10074
338	9630
339	9833
340	9700
341	9718
342	9780
343	9458
344	9390
345	9467
346	9316
347	9230
348	9363
349	8848
350	9260
351	9018
352	9154
353	9057
354	8959
355	8757
356	8745
357	8708
358	8499
359	8616
360	8704
361	8516
362	8590
363	8350
364	8226
365	8024
366	8088
367	8314
368	8171
369	7874
370	7894
371	7921
372	7838
373	7794
374	7651
375	7691
376	7606
377	7811
378	7548
379	7691
380	7683
381	7580
382	7325
383	7438
384	7434
385	7296
386	7302
387	7280
388	7200
389	6949
390	7180
391	7027
392	6875
393	6978
394	6935
395	6934
396	7274
397	6945
398	6827
399	6716
400	6918
401	7139
402	6628
403	6882
404	6555
405	6511
406	6510
407	6303
408	6427
409	6501
410	6411
411	6371
412	6488
413	6237
414	6278
415	5967
416	6160
417	6190
418	6273
419	6270
420	6021
421	6082
422	5939
423	6066
424	6165
425	6185
426	6078
427	5953
428	6029
429	6326
430	5997
431	6029
432	5959
433	5933
434	6095
435	5815
436	5700
437	5627
438	5743
439	5781
440	5666
441	6043
442	5793
443	5771
444	5961
445	5725
446	5643
447	5806
448	5524
449	5646
450	5536
451	5482
452	5538
453	5701
454	5760
455	5679
456	5326
457	5511
458	5297
459	5469
460	5199
461	5242
462	5093
463	5325
464	5196
465	5115
466	5091
467	5108
468	5221
469	5150
470	5184
471	5210
472	5119
473	5035
474	4938
475	5003
476	5001
477	4970
478	4987
479	5033
480	4941
481	4847
482	4914
483	4884
484	4982
485	5137
486	4830
487	4923
488	4846
489	4955
490	4777
491	4932
492	5046
493	5031
494	4880
495	4788
496	4806
497	4848
498	4929
499	4935
500	4811
501	4906
502	4732
503	4840
504	4758
505	5009
506	5022
507	5091
508	4778
509	4896
510	4723
511	4815
512	4822
513	4858
514	4840
515	4834
516	4741
517	4864
518	4729
519	5014
520	4918
521	4878
522	4782
523	4909
524	4846
525	4620
526	4634
527	4700
528	4681
529	4912
530	4689
531	4601
532	4695
533	4831
534	4840
535	4634
536	4754
537	4731
538	4689
539	4719
540	4917
541	4848
542	4571
543	4762
544	4671
545	4697
546	4610
547	4615
548	4516
549	4518
550	4611
551	4684
552	4606
553	4558
554	4626
555	4588
556	4584
557	4514
558	4471
559	4562
560	4420
561	4455
562	4418
563	4409
564	4624
565	4437
566	4503
567	4546
568	4516
569	4532
570	4600
571	4500
572	4358
573	4301
574	4292
575	4432
576	4351
577	4308
578	4439
579	4472
580	4368
581	4223
582	4265
583	4524
584	4460
585	4289
586	4401
587	4413
588	4311
589	4430
590	4411
591	4368
592	4454
593	4262
594	4272
595	4329
596	4390
597	4297
598	4301
599	4286
600	4213
601	4302
602	4266
603	4250
604	4230
605	4288
606	4185
607	4056
608	4072
609	4083
610	4028
611	4213
612	3999
613	4153
614	4319
615	4203
616	4147
617	4226
618	4120
619	4213
620	4182
621	4197
622	3868
623	4042
624	4185
625	4218
626	3958
627	4167
628	4044
629	3967
630	4052
631	4038
632	4042
633	4053
634	4095
635	4092
636	3998
637	4073
638	4107
639	4217
640	3937
641	4051
642	3901
643	3822
644	3998
645	3935
646	4019
647	4028
648	4181
649	4140
650	3988
651	3806
652	4006
653	3914
654	3887
655	3874
656	3963
657	3820
658	3974
659	4012
660	3827
661	4053
662	3862
663	4014
664	3804
665	3991
666	3960
667	3839
668	3846
669	3978
670	3937
671	3790
672	4013
673	3905
674	3960
675	3890
676	3836
677	3682
678	3963
679	3890
680	4019
681	3971
682	3985
683	3804
684	3831
685	3876
686	3717
687	3913
688	3720
689	3699
690	3859
691	3926
692	3956
693	4076
694	3985
695	4117
696	3919
697	3943
698	3981
699	4005
700	3875
701	3958
702	4046
703	3933
704	3977
705	3975
706	3784
707	3942
708	4043
709	3852
710	3848
711	3890
712	3731
713	4052
714	3907
715	3899
716	3896
717	3850
718	3854
719	3906
720	3819
721	3840
722	3813
723	3973
724	4006
725	3951
726	3922
727	3913
728	3944
729	3935
730	3873
731	3740
732	3887
733	3869
734	4002
735	4021
736	3963
737	3954
738	3833
739	3794
740	3938
741	3777
742	3921
743	3805
744	3835
745	3850
746	3731
747	3841
748	3745
749	3749
750	3716
751	3744
752	3678
753	3749
754	3740
755	3676
756	3652
757	3659
758	3729
759	3772
760	3602
761	3802
762	3720
763	3598
764	3723
765	3972
766	3543
767	3712
768	3624
769	3748
770	3939
771	3787
772	3720
773	3703
774	3631
775	3711
776	3675
777	3765
778	3650
779	3567
780	3735
781	3598
782	3548
783	3536
784	3581
785	3487
786	3686
787	3542
788	3572
789	3642
790	3717
791	3616
792	3634
793	3814
794	3700
795	3726
796	3755
797	3693
798	3735
799	3730
800	3571
801	3619
802	3695
803	3705
804	3794
805	3630
806	3718
807	3585
808	3518
809	3557
810	3549
811	3643
812	3568
813	3584
814	3606
815	3507
816	3655
817	3470
818	3495
819	3395
820	3421
821	3537
822	3401
823	3454
824	3377
825	3360
826	3474
827	3433
828	3409
829	3496
830	3668
831	3410
832	3524
833	3510
834	3304
835	3481
836	3489
837	3730
838	3565
839	3774
840	3527
841	3489
842	3464
843	3518
844	3605
845	3549
846	3459
847	3514
848	3560
849	3460
850	3485
851	3456
852	3438
853	3443
854	3450
855	3354
856	3450
857	3433
858	3382
859	3484
860	3635
861	3496
862	3492
863	3429
864	3565
865	3349
866	3352
867	3463
868	3460
869	3437
870	3448
871	3299
872	3386
873	3416
874	3367
875	3441
876	3427
877	3311
878	3414
879	3328
880	3372
881	3476
882	3327
883	3333
884	3332
885	3472
886	3385
887	3320
888	3322
889	3351
890	3408
891	3321
892	3470
893	3396
894	3575
895	3412
896	3196
897	3318
898	3265
899	3377
900	3321
901	3304
902	3434
903	3446
904	3331
905	3436
906	3333
907	3436
908	3284
909	3201
910	3327
911	3257
912	3187
913	3362
914	3242
915	3326
916	3313
917	3351
918	3263
919	3341
920	3205
921	3514
922	3433
923	3301
924	3516
925	3291
926	3366
927	3289
928	3305
929	3307
930	3340
931	3252
932	3321
933	3397
934	3441
935	3396
936	3304
937	3248
938	3400
939	3310
940	3329
941	3342
942	3371
943	3354
944	3287
945	3251
946	3335
947	3349
948	3415
949	3205
950	3239
951	3206
952	3271
953	3124
954	3161
955	3323
956	3270
957	3271
958	3186
959	3184
960	3187
961	3056
962	3163
963	3270
964	3057
965	3212
966	3314
967	3139
968	3107
969	3185
970	3341
971	3053
972	3342
973	3234
974	3270
975	3212
976	3209
977	3245
978	3228
979	3239
980	3111
981	3122
982	2991
983	3031
984	3173
985	3142
986	3099
987	3174
988	3217
989	3044
990	3121
991	3083
992	3082
993	3053
994	3138
995	3031
996	2951
997	3124
998	3150
999	3157
1000	3078
1001	2962
1002	3012
1003	3060
1004	3045
1005	3002
1006	3067
1007	3062
1008	2936
1009	2915
1010	3005
1011	2943
1012	3004
1013	2908
1014	2900
1015	3043
1016	2976
1017	3012
1018	3075
1019	3057
1020	2962
1021	2949
1022	3010
1023	3009
1024	3159
1025	2995
1026	2910
1027	2984
1028	2821
1029	2975
1030	2963
1031	2920
1032	2939
1033	2873
1034	2840
1035	2914
1036	2945
1037	2830
1038	2975
1039	2744
1040	2982
1041	2790
1042	2848
1043	2824
1044	2922
1045	2926
1046	2856
1047	2941
1048	2951
1049	2879
1050	2813
1051	2788
1052	2933
1053	2748
1054	2925
1055	2797
1056	2821
1057	2904
1058	2836
1059	2798
1060	2656
1061	2908
1062	2692
1063	2791
1064	2795
1065	2722
1066	2864
1067	2820
1068	2946
1069	2785
1070	2723
1071	2868
1072	2691
1073	2953
1074	2918
1075	2677
1076	2832
1077	2723
1078	2858
1079	2796
1080	2723
1081	2754
1082	2748
1083	2756
1084	2860
1085	2814
1086	2842
1087	2730
1088	2769
1089	2814
1090	2735
1091	2745
1092	2598
1093	2531
1094	2785
1095	2698
1096	2697
1097	2740
1098	2677
1099	2782
1100	2757
1101	2652
1102	2775
1103	2669
1104	2837
1105	2867
1106	2772
1107	2749
1108	2831
1109	2758
1110	2668
1111	2867
1112	2867
1113	2862
1114	2787
1115	2684
1116	2789
1117	2763
1118	2757
1119	2751
1120	2813
1121	2764
1122	2817
1123	2784
1124	2818
1125	2588
1126	2768
1127	2751
1128	2824
1129	2918
1130	2890
1131	2740
1132	2802
1133	2641
1134	2763
1135	2729
1136	2917
1137	2755
1138	2822
1139	2696
1140	2768
1141	2920
1142	2834
1143	2801
1144	2848
1145	2820
1146	2792
1147	2762
1148	2847
1149	2665
1150	2728
1151	2700
1152	2899
1153	2733
1154	2660
1155	2711
1156	2807
1157	2766
1158	2734
1159	2850
1160	2840
1161	2847
1162	2686
1163	2822
1164	2660
1165	2864
1166	2755
1167	2755
1168	2752
1169	2775
1170	2709
1171	2680
1172	2761
1173	2667
1174	2799
1175	2815
1176	2629
1177	2700
1178	2673
1179	2684
1180	2756
1181	2710
1182	2696
1183	2692
1184	2746
1185	2728
1186	2737
1187	2806
1188	2754
1189	2726
1190	2717
1191	2660
1192	2681
1193	2701
1194	2765
1195	2858
1196	2721
1197	2759
1198	2738
1199	2731
1200	2644
1201	2832
1202	2674
1203	2778
1204	2740
1205	2676
1206	2662
1207	2744
1208	2844
1209	2835
1210	2923
1211	2764
1212	2769
1213	2698
1214	2701
1215	2686
1216	2782
1217	2730
1218	2850
1219	2847
1220	2715
1221	2734
1222	2772
1223	2675
1224	2723
1225	2733
1226	2823
1227	2826
1228	2829
1229	2788
1230	2759
1231	2849
1232	2813
1233	2774
1234	2846
1235	2747
1236	2780
1237	2873
1238	2786
1239	2722
1240	2803
1241	2824
1242	2812
1243	2756
1244	2748
1245	2751
1246	2766
1247	2691
1248	2654
1249	2811
1250	2772
1251	2825
1252	2757
1253	2830
1254	2889
1255	2823
1256	2895
1257	2940
1258	2753
1259	2756
1260	2651
1261	2681
1262	2695
1263	2801
1264	2777
1265	2807
1266	2926
1267	2778
1268	2764
1269	2668
1270	2720
1271	2604
1272	2829
1273	2644
1274	2745
1275	2769
1276	2654
1277	2527
1278	2580
1279	2538
1280	2609
1281	2678
1282	2709
1283	2692
1284	2595
1285	2664
1286	2706
1287	2619
1288	2650
1289	2509
1290	2588
1291	2572
1292	2610
1293	2516
1294	2519
1295	2574
1296	2492
1297	2610
1298	2629
1299	2759
1300	2577
1301	2673
1302	2505
1303	2643
1304	2561
1305	2788
1306	2688
1307	2482
1308	2646
1309	2609
1310	2507
1311	2625
1312	2570
1313	2689
1314	2912
1315	2716
1316	2491
1317	2834
1318	2532
1319	2741
1320	2509
1321	2570
1322	2442
1323	2539
1324	2537
1325	2536
1326	2564
1327	2557
1328	2402
1329	2443
1330	2447
1331	2518
1332	2471
1333	2378
1334	2558
1335	2470
1336	2501
1337	2482
1338	2402
1339	2465
1340	2481
1341	2450
1342	2458
1343	2431
1344	2462
1345	2554
1346	2342
1347	2396
1348	2468
1349	2344
1350	2396
1351	2480
1352	2483
1353	2547
1354	2535
1355	2494
1356	2421
1357	2379
1358	2588
1359	2434
1360	2360
1361	2456
1362	2427
1363	2482
1364	2384
1365	2353
1366	2314
1367	2325
1368	2327
1369	2356
1370	2409
1371	2364
1372	2409
1373	2448
1374	2327
1375	2362
1376	2350
1377	2418
1378	2428
1379	2342
1380	2461
1381	2393
1382	2362
1383	2406
1384	2393
1385	2234
1386	2373
1387	2576
1388	2465
1389	2388
1390	2253
1391	2339
1392	2322
1393	2195
1394	2323
1395	2295
1396	2301
1397	2355
1398	2310
1399	2471
1400	2399
1401	2343
1402	2298
1403	2243
1404	2284
1405	2202
1406	2475
1407	2224
1408	2422
1409	2314
1410	2391
1411	2391
1412	2337
1413	2213
1414	2278
1415	2355
1416	2176
1417	2304
1418	2388
1419	2275
1420	2262
1421	2323
1422	2208
1423	2232
1424	2288
1425	2241
1426	2249
1427	2356
1428	2228
1429	2264
1430	2423
1431	2251
1432	2377
1433	2304
1434	2277
1435	2126
1436	2267
1437	2253
1438	2263
1439	2303
1440	2251
1441	2194
1442	2328
1443	2210
1444	2207
1445	2238
1446	2304
1447	2312
1448	2245
1449	2251
1450	2208
1451	2336
1452	2281
1453	2192
1454	2243
1455	2348
1456	2255
1457	2278
1458	2375
1459	2365
1460	2269
1461	2324
1462	2292
1463	2196
1464	2230
1465	2268
1466	2370
1467	2249
1468	2292
1469	2282
1470	2230
1471	2159
1472	2316
1473	2229
1474	2408
1475	2505
1476	2258
1477	2311
1478	2349
1479	2283
1480	2174
1481	2260
1482	2337
1483	2389
1484	2386
1485	2311
1486	2278
1487	2423
1488	2356
1489	2524
1490	2433
1491	2293
1492	2561
1493	2422
1494	2526
1495	2425
1496	2324
1497	2312
1498	2435
1499	2601
1500	2574
1501	2500
1502	2488
1503	2507
1504	2459
1505	2454
1506	2363
1507	2542
1508	2396
1509	2432
1510	2361
1511	2521
1512	2382
1513	2343
1514	2426
1515	2445
1516	2291
1517	2430
1518	2380
1519	2474
1520	2269
1521	2492
1522	2422
1523	2514
1524	2541
1525	2576
1526	2616
1527	2483
1528	2448
1529	2398
1530	2361
1531	2458
1532	2500
1533	2503
1534	2418
1535	2396
1536	2478
1537	2486
1538	2430
1539	2452
1540	2360
1541	2367
1542	2489
1543	2443
1544	2439
1545	2487
1546	2521
1547	2545
1548	2477
1549	2384
1550	2325
1551	2566
1552	2430
1553	2489
1554	2392
1555	2541
1556	2520
1557	2443
1558	2591
1559	2437
1560	2496
1561	2418
1562	2423
1563	2451
1564	2436
1565	2352
1566	2369
1567	2360
1568	2544
1569	2478
1570	2669
1571	2360
1572	2472
1573	2489
1574	2523
1575	2442
1576	2358
1577	2388
1578	2338
1579	2293
1580	2404
1581	2375
1582	2438
1583	2378
1584	2533
1585	2467
1586	2454
1587	2595
1588	2428
1589	2326
1590	2347
1591	2329
1592	2407
1593	2294
1594	2340
1595	2242
1596	2251
1597	2198
1598	2236
1599	2284
1600	2304
1601	2275
1602	2256
1603	2421
1604	2353
1605	2343
1606	2328
1607	2418
1608	2266
1609	2209
1610	2207
1611	2236
1612	2176
1613	2282
1614	2223
1615	2354
1616	2250
1617	2298
1618	2233
1619	2299
1620	2347
1621	2321
1622	2265
1623	2278
1624	2260
1625	2242
1626	2185
1627	2304
1628	2352
1629	2357
1630	2316
1631	2287
1632	2316
1633	2289
1634	2247
1635	2375
1636	2239
1637	2232
1638	2151
1639	2329
1640	2288
1641	2271
1642	2177
1643	2217
1644	2276
1645	2271
1646	2255
1647	2183
1648	2147
1649	2347
1650	2312
1651	2274
1652	2225
1653	2205
1654	2208
1655	2254
1656	2185
1657	2147
1658	2384
1659	2115
1660	2291
1661	2341
1662	2202
1663	2213
1664	2266
1665	2276
1666	2211
1667	2382
1668	2251
1669	2260
1670	2361
1671	2299
1672	2410
1673	2252
1674	2273
1675	2170
1676	2247
1677	2113
1678	2246
1679	2251
1680	2209
1681	2225
1682	2269
1683	2155
1684	2148
1685	2200
1686	2152
1687	2131
1688	2323
1689	2122
1690	2175
1691	2171
1692	2216
1693	2262
1694	2207
1695	2147
1696	2097
1697	2320
1698	2203
1699	2193
1700	2119
1701	2133
1702	2253
1703	2225
1704	2207
1705	2250
1706	2187
1707	2253
1708	2277
1709	2314
1710	2347
1711	2315
1712	2361
1713	2198
1714	2360
1715	2091
1716	2312
1717	2195
1718	2216
1719	2261
1720	2235
1721	2153
1722	2208
1723	2255
1724	2157
1725	2199
1726	2235
1727	2237
1728	2240
1729	2236
1730	2230
1731	2170
1732	2202
1733	2265
1734	2308
1735	2258
1736	2092
1737	2201
1738	2215
1739	2151
1740	2290
1741	2164
1742	2148
1743	2105
1744	2302
1745	2186
1746	2293
1747	2112
1748	2227
1749	2184
1750	2161
1751	2161
1752	2135
1753	2122
1754	2185
1755	2161
1756	2285
1757	2066
1758	2226
1759	2108
1760	2097
1761	2020
1762	2064
1763	2077
1764	2103
1765	2106
1766	2174
1767	2085
1768	2005
1769	2126
1770	2127
1771	2175
1772	2272
1773	2100
1774	2102
1775	1967
1776	2083
1777	2033
1778	2014
1779	1996
1780	2119
1781	2042
1782	1982
1783	1985
1784	1955
1785	1953
1786	1952
1787	1945
1788	1986
1789	2011
1790	2036
1791	1999
1792	1969
1793	1950
1794	1908
1795	1944
1796	1835
1797	1926
1798	1922
1799	2095
1800	1976
1801	1949
1802	1925
1803	1843
1804	1928
1805	1913
1806	1914
1807	1972
1808	1946
1809	1914
1810	1984
1811	1935
1812	1971
1813	1886
1814	2028
1815	1840
1816	1834
1817	1883
1818	1778
1819	1957
1820	1836
1821	1863
1822	1869
1823	1926
1824	1860
1825	1928
1826	1986
1827	1953
1828	1875
1829	1860
1830	1843
1831	1929
1832	1794
1833	1837
1834	1858
1835	1890
1836	1824
1837	1868
1838	1795
1839	1843
1840	1757
1841	1857
1842	1888
1843	1745
1844	1788
1845	1822
1846	1767
1847	1723
1848	1836
1849	1803
1850	1755
1851	1807
1852	1811
1853	1827
1854	1831
1855	1853
1856	1915
1857	1896
1858	1765
1859	1788
1860	1751
1861	1866
1862	1822
1863	1949
1864	1932
1865	1845
1866	1844
1867	1830
1868	1832
1869	1813
1870	1789
1871	1833
1872	1838
1873	1843
1874	1879
1875	1852
1876	1810
1877	1824
1878	1824
1879	1795
1880	1904
1881	1778
1882	1858
1883	1860
1884	1821
1885	1770
1886	1913
1887	1859
1888	1944
1889	1799
1890	1872
1891	1786
1892	1818
1893	1901
1894	1972
1895	1937
1896	1858
1897	1873
1898	1915
1899	1855
1900	1974
1901	1895
1902	1935
1903	1990
1904	1795
1905	1841
1906	1896
1907	1908
1908	1911
1909	1948
1910	1839
1911	1918
1912	2032
1913	2079
1914	1979
1915	1907
1916	1959
1917	1849
1918	1908
1919	1949
1920	2002
1921	1930
1922	1915
1923	1920
1924	1986
1925	1939
1926	1915
1927	2028
1928	1905
1929	1825
1930	1943
1931	1997
1932	1953
1933	1870
1934	1886
1935	1942
1936	1999
1937	1978
1938	1962
1939	2005
1940	2053
1941	1961
1942	1886
1943	1996
1944	1861
1945	1869
1946	1879
1947	1905
1948	1958
1949	1816
1950	2019
1951	1969
1952	1864
1953	1951
1954	1985
1955	1948
1956	1990
1957	1893
1958	1999
1959	1939
1960	2063
1961	1989
1962	1896
1963	2089
1964	1919
1965	1997
1966	1936
1967	1871
1968	1959
1969	1958
1970	2037
1971	1963
1972	2034
1973	1969
1974	1998
1975	1987
1976	1998
1977	2085
1978	2013
1979	1927
1980	2037
1981	1999
1982	2034
1983	1941
1984	2069
1985	2039
1986	2004
1987	2023
1988	2054
1989	2108
1990	2090
1991	2172
1992	2191
1993	2040
1994	2159
1995	2100
1996	2036
1997	2015
1998	2221
1999	2084
2000	2059
2001	2213
2002	2208
2003	2129
2004	2256
2005	2123
2006	2034
2007	2063
2008	2099
2009	2076
2010	2089
2011	1981
2012	2042
2013	2218
2014	2176
2015	2114
2016	2148
2017	2109
2018	1961
2019	2049
2020	2104
2021	2072
2022	2182
2023	2086
2024	2157
2025	2203
2026	1986
2027	2107
2028	2077
2029	2082
2030	1983
2031	2031
2032	2032
2033	2146
2034	2040
2035	2062
2036	1954
2037	2056
2038	2044
2039	2041
2040	2050
2041	2012
2042	2086
2043	2078
2044	2015
2045	1960
2046	2004
2047	1989
2048	1980
2049	2042
2050	2003
2051	2010
2052	2024
2053	2043
2054	2089
2055	2037
2056	2052
2057	2009
2058	2011
2059	1891
2060	1986
2061	1921
2062	2005
2063	1976
2064	1914
2065	1882
2066	1934
2067	1969
2068	1859
2069	2045
2070	2001
2071	1901
2072	1855
2073	1933
2074	1877
2075	1852
2076	1913
2077	1852
2078	1878
2079	1976
2080	1886
2081	1914
2082	1835
2083	1862
2084	1850
2085	1881
2086	1864
2087	1815
2088	1848
2089	1825
2090	1805
2091	1825
2092	1838
2093	1853
2094	1687
2095	1775
2096	1796
2097	1752
2098	1783
2099	1797
2100	1821
2101	1723
2102	1827
2103	1736
2104	1803
2105	1675
2106	1724
2107	1797
2108	1691
2109	1822
2110	1839
2111	1713
2112	1690
2113	1660
2114	1693
2115	1711
2116	1735
2117	1725
2118	1729
2119	1722
2120	1806
2121	1633
2122	1752
2123	1629
2124	1737
2125	1765
2126	1666
2127	1687
2128	1721
2129	1729
2130	1771
2131	1654
2132	1743
2133	1656
2134	1747
2135	1743
2136	1650
2137	1684
2138	1630
2139	1715
2140	1594
2141	1680
2142	1632
2143	1768
2144	1670
2145	1668
2146	1631
2147	1654
2148	1639
2149	1553
2150	1616
2151	1575
2152	1502
2153	1688
2154	1625
2155	1672
2156	1560
2157	1553
2158	1590
2159	1675
2160	1531
2161	1648
2162	1573
2163	1623
2164	1649
2165	1655
2166	1680
2167	1659
2168	1638
2169	1560
2170	1647
2171	1707
2172	1718
2173	1727
2174	1615
2175	1650
2176	1645
2177	1747
2178	1721
2179	1720
2180	1732
2181	1651
2182	1639
2183	1616
2184	1624
2185	1676
2186	1718
2187	1558
2188	1638
2189	1656
2190	1594
2191	1690
2192	1561
2193	1574
2194	1611
2195	1712
2196	1597
2197	1621
2198	1637
2199	1604
2200	1637
2201	1592
2202	1621
2203	1633
2204	1651
2205	1626
2206	1643
2207	1643
2208	1714
2209	1663
2210	1620
2211	1640
2212	1665
2213	1693
2214	1633
2215	1597
2216	1641
2217	1716
2218	1698
2219	1705
2220	1509
2221	1676
2222	1737
2223	1700
2224	1667
2225	1680
2226	1769
2227	1719
2228	1572
2229	1619
2230	1579
2231	1552
2232	1598
2233	1711
2234	1809
2235	1748
2236	1837
2237	1703
2238	1717
2239	1714
2240	1705
2241	1731
2242	1793
2243	1704
2244	1737
2245	1700
2246	1770
2247	1645
2248	1645
2249	1637
2250	1657
2251	1623
2252	1820
2253	1774
2254	1804
2255	1797
2256	1795
2257	1820
2258	1728
2259	1682
2260	1768
2261	1790
2262	1742
2263	1717
2264	1957
2265	1808
2266	1723
2267	1623
2268	1761
2269	1575
2270	1736
2271	1756
2272	1723
2273	1749
2274	1758
2275	1729
2276	1642
2277	1638
2278	1718
2279	1746
2280	1659
2281	1762
2282	1666
2283	1605
2284	1630
2285	1590
2286	1725
2287	1504
2288	1673
2289	1655
2290	1690
2291	1627
2292	1650
2293	1619
2294	1564
2295	1638
2296	1638
2297	1750
2298	1620
2299	1623
2300	1625
2301	1587
2302	1627
2303	1560
2304	1555
2305	1646
2306	1556
2307	1706
2308	1572
2309	1669
2310	1544
2311	1601
2312	1570
2313	1643
2314	1586
2315	1620
2316	1708
2317	1569
2318	1740
2319	1671
2320	1724
2321	1681
2322	1650
2323	1683
2324	1601
2325	1659
2326	1691
2327	1686
2328	1684
2329	1537
2330	1561
2331	1576
2332	1614
2333	1582
2334	1592
2335	1566
2336	1497
2337	1605
2338	1528
2339	1591
2340	1586
2341	1678
2342	1684
2343	1562
2344	1575
2345	1664
2346	1603
2347	1581
2348	1692
2349	1595
2350	1583
2351	1484
2352	1562
2353	1420
2354	1535
2355	1623
2356	1460
2357	1484
2358	1572
2359	1507
2360	1562
2361	1520
2362	1572
2363	1562
2364	1489
2365	1589
2366	1384
2367	1547
2368	1540
2369	1486
2370	1537
2371	1577
2372	1514
2373	1390
2374	1607
2375	1485
2376	1554
2377	1418
2378	1492
2379	1455
2380	1462
2381	1451
2382	1482
2383	1553
2384	1437
2385	1417
2386	1360
2387	1317
2388	1483
2389	1493
2390	1440
2391	1405
2392	1427
2393	1354
2394	1398
2395	1430
2396	1400
2397	1385
2398	1460
2399	1415
2400	1385
2401	1319
2402	1400
2403	1463
2404	1447
2405	1496
2406	1441
2407	1319
2408	1414
2409	1433
2410	1361
2411	1438
2412	1434
2413	1348
2414	1377
2415	1394
2416	1439
2417	1425
2418	1361
2419	1477
2420	1359
2421	1355
2422	1373
2423	1444
2424	1365
2425	1406
2426	1373
2427	1423
2428	1357
2429	1420
2430	1406
2431	1367
2432	1356
2433	1395
2434	1360
2435	1344
2436	1320
2437	1304
2438	1403
2439	1357
2440	1397
2441	1454
2442	1414
2443	1320
2444	1251
2445	1360
2446	1419
2447	1332
2448	1244
2449	1277
2450	1256
2451	1334
2452	1300
2453	1386
2454	1363
2455	1311
2456	1287
2457	1289
2458	1352
2459	1329
2460	1333
2461	1378
2462	1309
2463	1308
2464	1283
2465	1292
2466	1326
2467	1356
2468	1445
2469	1310
2470	1322
2471	1333
2472	1244
2473	1381
2474	1305
2475	1215
2476	1340
2477	1420
2478	1302
2479	1292
2480	1327
2481	1291
2482	1310
2483	1367
2484	1355
2485	1417
2486	1372
2487	1362
2488	1359
2489	1312
2490	1347
2491	1315
2492	1423
2493	1364
2494	1491
2495	1354
2496	1350
2497	1348
2498	1468
2499	1375
2500	1333
2501	1286
2502	1311
2503	1401
2504	1428
2505	1422
2506	1328
2507	1324
2508	1377
2509	1310
2510	1313
2511	1318
2512	1363
2513	1345
2514	1351
2515	1392
2516	1327
2517	1383
2518	1274
2519	1379
2520	1274
2521	1363
2522	1314
2523	1412
2524	1340
2525	1349
2526	1260
2527	1349
2528	1329
2529	1272
2530	1290
2531	1335
2532	1432
2533	1364
2534	1228
2535	1360
2536	1298
2537	1336
2538	1277
2539	1422
2540	1397
2541	1414
2542	1412
2543	1447
2544	1398
2545	1310
2546	1395
2547	1405
2548	1315
2549	1310
2550	1384
2551	1326
2552	1295
2553	1287
2554	1340
2555	1326
2556	1298
2557	1310
2558	1406
2559	1416
2560	1340
2561	1419
2562	1392
2563	1388
2564	1389
2565	1455
2566	1435
2567	1368
2568	1348
2569	1370
2570	1426
2571	1424
2572	1406
2573	1228
2574	1354
2575	1295
2576	1309
2577	1267
2578	1353
2579	1267
2580	1268
2581	1300
2582	1334
2583	1311
2584	1355
2585	1314
2586	1346
2587	1345
2588	1258
2589	1269
2590	1311
2591	1351
2592	1263
2593	1389
2594	1396
2595	1400
2596	1303
2597	1332
2598	1389
2599	1347
2600	1351
2601	1377
2602	1349
2603	1372
2604	1352
2605	1277
2606	1387
2607	1350
2608	1431
2609	1320
2610	1300
2611	1285
2612	1328
2613	1345
2614	1310
2615	1271
2616	1276
2617	1259
2618	1379
2619	1316
2620	1384
2621	1297
2622	1419
2623	1409
2624	1348
2625	1370
2626	1314
2627	1347
2628	1347
2629	1349
2630	1382
2631	1288
2632	1332
2633	1476
2634	1479
2635	1367
2636	1442
2637	1469
2638	1388
2639	1553
2640	1529
2641	1527
2642	1503
2643	1587
2644	1519
2645	1432
2646	1366
2647	1854
2648	1815
2649	1526
2650	1490
2651	1441
2652	1450
2653	1560
2654	1614
2655	1434
2656	1481
2657	1521
2658	1355
2659	1457
2660	1371
2661	1415
2662	1414
2663	1411
2664	1393
2665	1353
2666	1331
2667	1460
2668	1461
2669	1477
2670	1412
2671	1285
2672	1437
2673	1363
2674	1316
2675	1391
2676	1402
2677	1410
2678	1424
2679	1485
2680	1483
2681	1455
2682	1408
2683	1444
2684	1497
2685	1474
2686	1636
2687	1404
2688	1523
2689	1508
2690	1463
2691	1432
2692	1380
2693	1527
2694	1453
2695	1514
2696	1466
2697	1412
2698	1365
2699	1414
2700	1496
2701	1421
2702	1541
2703	1429
2704	1438
2705	1370
2706	1476
2707	1337
2708	1367
2709	1561
2710	1575
2711	1565
2712	1348
2713	1335
2714	1310
2715	1402
2716	1333
2717	1334
2718	1276
2719	1335
2720	1393
2721	1372
2722	1463
2723	1286
2724	1325
2725	1279
2726	1299
2727	1351
2728	1291
2729	1313
2730	1328
2731	1421
2732	1228
2733	1280
2734	1326
2735	1196
2736	1378
2737	1243
2738	1357
2739	1328
2740	1401
2741	1211
2742	1294
2743	1299
2744	1177
2745	1336
2746	1162
2747	1307
2748	1281
2749	1337
2750	1286
2751	1292
2752	1252
2753	1234
2754	1204
2755	1302
2756	1277
2757	1319
2758	1250
2759	1192
2760	1219
2761	1327
2762	1260
2763	1293
2764	1263
2765	1255
2766	1277
2767	1244
2768	1325
2769	1322
2770	1349
2771	1282
2772	1222
2773	1352
2774	1313
2775	1284
2776	1349
2777	1165
2778	1131
2779	1338
2780	1315
2781	1143
2782	1203
2783	1221
2784	1233
2785	1224
2786	1135
2787	1190
2788	1339
2789	1176
2790	1233
2791	1272
2792	1230
2793	1187
2794	1181
2795	1189
2796	1211
2797	1266
2798	1222
2799	1204
2800	1299
2801	1246
2802	1241
2803	1167
2804	1173
2805	1172
2806	1298
2807	1203
2808	1222
2809	1223
2810	1197
2811	1269
2812	1120
2813	1248
2814	1277
2815	1225
2816	1187
2817	1265
2818	1288
2819	1200
2820	1245
2821	1232
2822	1191
2823	1210
2824	1327
2825	1241
2826	1247
2827	1179
2828	1180
2829	1195
2830	1205
2831	1108
2832	1153
2833	1246
2834	1181
2835	1254
2836	1253
2837	1111
2838	1192
2839	1133
2840	1154
2841	1163
2842	1163
2843	1156
2844	1137
2845	1240
2846	1116
2847	1171
2848	1112
2849	1175
2850	1098
2851	1087
2852	1127
2853	1263
2854	1137
2855	1178
2856	1139
2857	1238
2858	1177
2859	1211
2860	1143
2861	1195
2862	1234
2863	1215
2864	1210
2865	1229
2866	1207
2867	1200
2868	1169
2869	1217
2870	1196
2871	1180
2872	1178
2873	1194
2874	1166
2875	1203
2876	1129
2877	1216
2878	1200
2879	1205
2880	1185
2881	1122
2882	1191
2883	1243
2884	1184
2885	1009
2886	1203
2887	1101
2888	1241
2889	1205
2890	1109
2891	1123
2892	1148
2893	1297
2894	1272
2895	1139
2896	1173
2897	1175
2898	1149
2899	1132
2900	1285
2901	1215
2902	1130
2903	1275
2904	1284
2905	1175
2906	1183
2907	1160
2908	1098
2909	1190
2910	1243
2911	1143
2912	1291
2913	1172
2914	1201
2915	1149
2916	1212
2917	1165
2918	1168
2919	1230
2920	1159
2921	1143
2922	1137
2923	1083
2924	1209
2925	1190
2926	1188
2927	1199
2928	1183
2929	1176
2930	1117
2931	1194
2932	1246
2933	1141
2934	1167
2935	1244
2936	1157
2937	1143
2938	1158
2939	1178
2940	1273
2941	1183
2942	1130
2943	1186
2944	1234
2945	1184
2946	1209
2947	1073
2948	1221
2949	1223
2950	1102
2951	1128
2952	1229
2953	1197
2954	1309
2955	1184
2956	1178
2957	1209
2958	1136
2959	1144
2960	1238
2961	1267
2962	1246
2963	1243
2964	1251
2965	1189
2966	1248
2967	1159
2968	1270
2969	1253
2970	1287
2971	1165
2972	1248
2973	1264
2974	1169
2975	1271
2976	1273
2977	1239
2978	1274
2979	1236
2980	1216
2981	1158
2982	1187
2983	1197
2984	1216
2985	1185
2986	1206
2987	1202
2988	1273
2989	1202
2990	1232
2991	1273
2992	1181
2993	1228
2994	1235
2995	1279
2996	1297
2997	1243
2998	1181
2999	1178
3000	1194
3001	1148
3002	1192
3003	1241
3004	1304
3005	1216
3006	1303
3007	1207
3008	1305
3009	1215
3010	1217
3011	1192
3012	1241
3013	1138
3014	1149
3015	1127
3016	1138
3017	1126
3018	1189
3019	1118
3020	1236
3021	1259
3022	1219
3023	1195
3024	1187
3025	1181
3026	1196
3027	1161
3028	1240
3029	1207
3030	1206
3031	1190
3032	1201
3033	1152
3034	1156
3035	1187
3036	1194
3037	1203
3038	1137
3039	1110
3040	1168
3041	1275
3042	1171
3043	1192
3044	1143
3045	1184
3046	1298
3047	1162
3048	1174
3049	1321
3050	1215
3051	1176
3052	1284
3053	1313
3054	1227
3055	1241
3056	1307
3057	1261
3058	1320
3059	1443
3060	1326
3061	1467
3062	1317
3063	1330
3064	1310
3065	1334
3066	1261
3067	1353
3068	1305
3069	1278
3070	1307
3071	1255
3072	1303
3073	1197
3074	1332
3075	1249
3076	1283
3077	1339
3078	1376
3079	1416
3080	1447
3081	1343
3082	1343
3083	1344
3084	1269
3085	1473
3086	1275
3087	1318
3088	1261
3089	1350
3090	1289
3091	1255
3092	1226
3093	1286
3094	1181
3095	1241
3096	1258
3097	1333
3098	1358
3099	1249
3100	1219
3101	1255
3102	1335
3103	1309
3104	1286
3105	1476
3106	1368
3107	1271
3108	1280
3109	1268
3110	1269
3111	1146
3112	1279
3113	1196
3114	1261
3115	1240
3116	1374
3117	1385
3118	1367
3119	1231
3120	1166
3121	1223
3122	1258
3123	1214
3124	1257
3125	1326
3126	1217
3127	1217
3128	1265
3129	1208
3130	1123
3131	1153
3132	1188
3133	1254
3134	1223
3135	1174
3136	1178
3137	1198
3138	1164
3139	1190
3140	1252
3141	1213
3142	1207
3143	1273
3144	1215
3145	1299
3146	1218
3147	1197
3148	1167
3149	1058
3150	1232
3151	1124
3152	1169
3153	1222
3154	1066
3155	1178
3156	1196
3157	1126
3158	1091
3159	1132
3160	1139
3161	1128
3162	1169
3163	1122
3164	1244
3165	1240
3166	1202
3167	1164
3168	1158
3169	1103
3170	1202
3171	1127
3172	1069
3173	1165
3174	1109
3175	1123
3176	1143
3177	1176
3178	1146
3179	1099
3180	1097
3181	1107
3182	1184
3183	1208
3184	1163
3185	1131
3186	1118
3187	1078
3188	1136
3189	1211
3190	1202
3191	1129
3192	1112
3193	1109
3194	1104
3195	1161
3196	1277
3197	1190
3198	1156
3199	1110
3200	1146
3201	1140
3202	1071
3203	1199
3204	1114
3205	1049
3206	1202
3207	1192
3208	1123
3209	1084
3210	1100
3211	1090
3212	1169
3213	1150
3214	1077
3215	1161
3216	1097
3217	1026
3218	1140
3219	1113
3220	1115
3221	1026
3222	1104
3223	1094
3224	1139
3225	1164
3226	1105
3227	1120
3228	1027
3229	1030
3230	1046
3231	1141
3232	1098
3233	1146
3234	1129
3235	1080
3236	1131
3237	1148
3238	1177
3239	1115
3240	1143
3241	1194
3242	1110
3243	1132
3244	1005
3245	1122
3246	1085
3247	1082
3248	1062
3249	1107
3250	1121
3251	1068
3252	1061
3253	1081
3254	1078
3255	1148
3256	1134
3257	1134
3258	1068
3259	1137
3260	1201
3261	1028
3262	1072
3263	1091
3264	1140
3265	1095
3266	1041
3267	1077
3268	1118
3269	1133
3270	1039
3271	1123
3272	1174
3273	1090
3274	1129
3275	1129
3276	1084
3277	1159
3278	1069
3279	1061
3280	1118
3281	1124
3282	1110
3283	1089
3284	1058
3285	1003
3286	1106
3287	1182
3288	1100
3289	1093
3290	1032
3291	1170
3292	1084
3293	1015
3294	1094
3295	1166
3296	1102
3297	1090
3298	1143
3299	1134
3300	1046
3301	1163
3302	1071
3303	1182
3304	1196
3305	1193
3306	1042
3307	1128
3308	1151
3309	1104
3310	1057
3311	1117
3312	1125
3313	1069
3314	1119
3315	1101
3316	1102
3317	1098
3318	1094
3319	1092
3320	1095
3321	1168
3322	1137
3323	1086
3324	1091
3325	1137
3326	1098
3327	1081
3328	1201
3329	1112
3330	1137
3331	1175
3332	1135
3333	1150
3334	1165
3335	1124
3336	1134
3337	1088
3338	1132
3339	1170
3340	1101
3341	1093
3342	1113
3343	1045
3344	1124
3345	1067
3346	1141
3347	1122
3348	1125
3349	1058
3350	1114
3351	1118
3352	1045
3353	1045
3354	1032
3355	988
3356	1080
3357	1076
3358	1094
3359	1068
3360	977
3361	1135
3362	1028
3363	955
3364	973
3365	1023
3366	987
3367	993
3368	1032
3369	1097
3370	1078
3371	1065
3372	987
3373	1047
3374	990
3375	951
3376	1005
3377	939
3378	1012
3379	989
3380	988
3381	981
3382	934
3383	994
3384	996
3385	964
3386	965
3387	923
3388	1041
3389	1023
3390	1002
3391	949
3392	1051
3393	924
3394	915
3395	1004
3396	1015
3397	1082
3398	1004
3399	946
3400	978
3401	956
3402	958
3403	971
3404	991
3405	986
3406	973
3407	891
3408	948
3409	1022
3410	950
3411	959
3412	981
3413	945
3414	895
3415	1072
3416	1013
3417	1023
3418	988
3419	967
3420	978
3421	986
3422	958
3423	879
3424	1027
3425	1030
3426	975
3427	1036
3428	999
3429	1025
3430	931
3431	931
3432	1024
3433	979
3434	1001
3435	1000
3436	934
3437	913
3438	976
3439	915
3440	970
3441	912
3442	1002
3443	920
3444	1018
3445	1019
3446	996
3447	978
3448	907
3449	952
3450	898
3451	891
3452	970
3453	935
3454	938
3455	952
3456	949
3457	999
3458	928
3459	967
3460	957
3461	1014
3462	914
3463	993
3464	954
3465	895
3466	956
3467	987
3468	895
3469	921
3470	953
3471	936
3472	940
3473	875
3474	968
3475	947
3476	932
3477	1006
3478	960
3479	874
3480	919
3481	891
3482	963
3483	960
3484	933
3485	918
3486	972
3487	884
3488	919
3489	884
3490	1013
3491	909
3492	942
3493	995
3494	952
3495	878
3496	885
3497	929
3498	973
3499	936
3500	920
3501	973
3502	990
3503	926
3504	938
3505	968
3506	947
3507	972
3508	996
3509	963
3510	938
3511	926
3512	966
3513	972
3514	956
3515	935
3516	910
3517	954
3518	901
3519	926
3520	971
3521	999
3522	980
3523	1038
3524	899
3525	986
3526	912
3527	927
3528	989
3529	883
3530	977
3531	922
3532	938
3533	921
3534	970
3535	936
3536	914
3537	937
3538	969
3539	1004
3540	892
3541	918
3542	920
3543	945
3544	888
3545	865
3546	974
3547	921
3548	1001
3549	872
3550	896
3551	992
3552	907
3553	983
3554	931
3555	870
3556	823
3557	1000
3558	950
3559	945
3560	890
3561	900
3562	914
3563	993
3564	968
3565	894
3566	908
3567	912
3568	869
3569	935
3570	927
3571	965
3572	967
3573	903
3574	928
3575	955
3576	992
3577	974
3578	914
3579	971
3580	958
3581	891
3582	916
3583	998
3584	946
3585	983
3586	978
3587	1001
3588	1002
3589	961
3590	931
3591	906
3592	967
3593	994
3594	1076
3595	1029
3596	880
3597	967
3598	978
3599	900
3600	979
3601	976
3602	977
3603	934
3604	910
3605	1049
3606	926
3607	936
3608	924
3609	940
3610	906
3611	915
3612	931
3613	924
3614	910
3615	967
3616	899
3617	1008
3618	970
3619	1056
3620	897
3621	901
3622	971
3623	928
3624	918
3625	993
3626	962
3627	910
3628	1009
3629	947
3630	908
3631	943
3632	949
3633	854
3634	931
3635	912
3636	916
3637	840
3638	892
3639	910
3640	895
3641	931
3642	875
3643	897
3644	934
3645	897
3646	867
3647	939
3648	900
3649	901
3650	931
3651	944
3652	973
3653	911
3654	879
3655	955
3656	913
3657	849
3658	952
3659	971
3660	919
3661	953
3662	916
3663	883
3664	936
3665	926
3666	1005
3667	990
3668	1046
3669	903
3670	877
3671	880
3672	914
3673	871
3674	952
3675	896
3676	1005
3677	1023
3678	896
3679	928
3680	944
3681	1078
3682	985
3683	923
3684	998
3685	1054
3686	963
3687	888
3688	947
3689	896
3690	942
3691	925
3692	984
3693	904
3694	946
3695	966
3696	979
3697	1029
3698	934
3699	1030
3700	1059
3701	960
3702	1070
3703	1005
3704	1050
3705	926
3706	1045
3707	1017
3708	1056
3709	1014
3710	1062
3711	969
3712	908
3713	984
3714	1018
3715	1000
3716	1000
3717	1005
3718	1119
3719	991
3720	924
3721	1022
3722	999
3723	934
3724	1088
3725	1046
3726	1074
3727	1083
3728	1090
3729	1014
3730	947
3731	1043
3732	956
3733	977
3734	1060
3735	1021
3736	1104
3737	1018
3738	1050
3739	1000
3740	1014
3741	943
3742	976
3743	943
3744	957
3745	962
3746	995
3747	1054
3748	1025
3749	1113
3750	1114
3751	1012
3752	1011
3753	993
3754	1002
3755	1043
3756	1067
3757	1042
3758	1045
3759	1053
3760	983
3761	1098
3762	946
3763	985
3764	1008
3765	1057
3766	923
3767	984
3768	990
3769	986
3770	944
3771	990
3772	1022
3773	928
3774	951
3775	1045
3776	974
3777	944
3778	942
3779	910
3780	902
3781	953
3782	978
3783	930
3784	926
3785	929
3786	880
3787	921
3788	931
3789	915
3790	893
3791	959
3792	863
3793	894
3794	886
3795	874
3796	891
3797	905
3798	933
3799	908
3800	850
3801	950
3802	914
3803	939
3804	869
3805	914
3806	967
3807	923
3808	896
3809	836
3810	927
3811	906
3812	907
3813	835
3814	887
3815	859
3816	878
3817	906
3818	824
3819	895
3820	862
3821	851
3822	880
3823	816
3824	889
3825	844
3826	871
3827	869
3828	930
3829	845
3830	827
3831	773
3832	764
3833	812
3834	835
3835	868
3836	838
3837	845
3838	768
3839	821
3840	879
3841	760
3842	817
3843	775
3844	794
3845	787
3846	916
3847	794
3848	838
3849	816
3850	788
3851	867
3852	810
3853	821
3854	898
3855	871
3856	878
3857	748
3858	770
3859	768
3860	821
3861	790
3862	806
3863	811
3864	800
3865	849
3866	832
3867	900
3868	715
3869	854
3870	849
3871	827
3872	790
3873	851
3874	803
3875	848
3876	856
3877	962
3878	800
3879	856
3880	979
3881	829
3882	944
3883	866
3884	768
3885	837
3886	868
3887	808
3888	866
3889	823
3890	898
3891	834
3892	894
3893	835
3894	807
3895	881
3896	861
3897	780
3898	865
3899	765
3900	861
3901	774
3902	882
3903	842
3904	859
3905	842
3906	870
3907	839
3908	829
3909	888
3910	859
3911	893
3912	886
3913	958
3914	854
3915	940
3916	872
3917	870
3918	854
3919	827
3920	863
3921	920
3922	833
3923	837
3924	939
3925	945
3926	873
3927	870
3928	980
3929	930
3930	888
3931	996
3932	908
3933	965
3934	898
3935	857
3936	990
3937	906
3938	958
3939	934
3940	892
3941	859
3942	976
3943	881
3944	870
3945	918
3946	902
3947	940
3948	864
3949	761
3950	906
3951	950
3952	891
3953	830
3954	891
3955	912
3956	880
3957	934
3958	930
3959	907
3960	854
3961	918
3962	944
3963	902
3964	901
3965	895
3966	903
3967	850
3968	901
3969	857
3970	892
3971	888
3972	1013
3973	871
3974	926
3975	961
3976	901
3977	911
3978	863
3979	895
3980	900
3981	892
3982	860
3983	895
3984	928
3985	871
3986	903
3987	866
3988	912
3989	841
3990	792
3991	788
3992	863
3993	810
3994	847
3995	863
3996	780
3997	823
3998	809
3999	839
4000	834
4001	907
4002	786
4003	817
4004	925
4005	762
4006	814
4007	847
4008	799
4009	895
4010	944
4011	849
4012	824
4013	819
4014	894
4015	869
4016	839
4017	862
4018	830
4019	910
4020	840
4021	830
4022	870
4023	886
4024	891
4025	865
4026	920
4027	888
4028	814
4029	820
4030	807
4031	862
4032	925
4033	839
4034	940
4035	895
4036	902
4037	872
4038	797
4039	827
4040	810
4041	840
4042	901
4043	838
4044	805
4045	851
4046	878
4047	794
4048	826
4049	753
4050	838
4051	812
4052	853
4053	891
4054	877
4055	798
4056	859
4057	784
4058	853
4059	822
4060	771
4061	779
4062	879
4063	874
4064	749
4065	816
4066	943
4067	809
4068	836
4069	856
4070	887
4071	817
4072	853
4073	827
4074	833
4075	771
4076	893
4077	841
4078	793
4079	825
4080	831
4081	853
4082	791
4083	815
4084	776
4085	831
4086	846
4087	795
4088	844
4089	778
4090	833
4091	834
4092	828
4093	794
4094	786
4095	814
4096	865
4097	820
4098	895
4099	830
4100	834
4101	792
4102	815
4103	864
4104	826
4105	844
4106	818
4107	878
4108	742
4109	794
4110	847
4111	822
4112	820
4113	825
4114	854
4115	787
4116	795
4117	849
4118	845
4119	795
4120	906
4121	822
4122	813
4123	813
4124	788
4125	846
4126	870
4127	852
4128	827
4129	806
4130	871
4131	831
4132	773
4133	837
4134	837
4135	807
4136	808
4137	872
4138	820
4139	813
4140	868
4141	802
4142	762
4143	836
4144	770
4145	821
4146	819
4147	883
4148	821
4149	795
4150	828
4151	760
4152	817
4153	812
4154	828
4155	820
4156	815
4157	805
4158	817
4159	829
4160	783
4161	800
4162	803
4163	812
4164	786
4165	801
4166	807
4167	794
4168	734
4169	740
4170	768
4171	814
4172	751
4173	809
4174	771
4175	766
4176	816
4177	772
4178	720
4179	778
4180	789
4181	881
4182	773
4183	808
4184	776
4185	796
4186	774
4187	818
4188	724
4189	778
4190	796
4191	795
4192	753
4193	732
4194	801
4195	795
4196	732
4197	887
4198	774
4199	840
4200	772
4201	778
4202	746
4203	790
4204	780
4205	715
4206	790
4207	720
4208	781
4209	785
4210	792
4211	764
4212	833
4213	791
4214	737
4215	750
4216	734
4217	766
4218	748
4219	719
4220	695
4221	728
4222	778
4223	747
4224	762
4225	753
4226	717
4227	743
4228	730
4229	830
4230	758
4231	739
4232	767
4233	741
4234	769
4235	752
4236	778
4237	781
4238	735
4239	750
4240	736
4241	785
4242	790
4243	759
4244	837
4245	792
4246	732
4247	763
4248	755
4249	730
4250	759
4251	791
4252	750
4253	662
4254	733
4255	714
4256	781
4257	677
4258	805
4259	700
4260	677
4261	737
4262	705
4263	717
4264	776
4265	774
4266	799
4267	708
4268	793
4269	833
4270	808
4271	751
4272	799
4273	817
4274	819
4275	822
4276	754
4277	765
4278	703
4279	807
4280	813
4281	818
4282	855
4283	793
4284	819
4285	739
4286	815
4287	745
4288	781
4289	707
4290	755
4291	805
4292	801
4293	796
4294	769
4295	747
4296	776
4297	705
4298	841
4299	788
4300	751
4301	704
4302	745
4303	732
4304	768
4305	794
4306	724
4307	760
4308	786
4309	753
4310	766
4311	710
4312	811
4313	716
4314	681
4315	735
4316	745
4317	744
4318	736
4319	703
4320	672
4321	707
4322	712
4323	775
4324	688
4325	737
4326	742
4327	674
4328	714
4329	757
4330	701
4331	724
4332	724
4333	695
4334	741
4335	721
4336	760
4337	668
4338	706
4339	657
4340	676
4341	748
4342	693
4343	683
4344	748
4345	677
4346	695
4347	668
4348	651
4349	661
4350	695
4351	696
4352	698
4353	719
4354	710
4355	692
4356	643
4357	767
4358	732
4359	672
4360	676
4361	739
4362	689
4363	730
4364	675
4365	711
4366	750
4367	722
4368	629
4369	698
4370	689
4371	723
4372	714
4373	667
4374	739
4375	657
4376	639
4377	677
4378	663
4379	680
4380	627
4381	750
4382	714
4383	724
4384	656
4385	710
4386	650
4387	655
4388	725
4389	673
4390	698
4391	640
4392	699
4393	693
4394	738
4395	718
4396	700
4397	669
4398	683
4399	670
4400	668
4401	682
4402	705
4403	653
4404	671
4405	727
4406	705
4407	722
4408	688
4409	681
4410	640
4411	646
4412	705
4413	667
4414	650
4415	690
4416	650
4417	743
4418	696
4419	686
4420	713
4421	650
4422	719
4423	598
4424	713
4425	636
4426	666
4427	685
4428	696
4429	654
4430	622
4431	668
4432	691
4433	668
4434	558
4435	677
4436	674
4437	631
4438	609
4439	684
4440	682
4441	565
4442	631
4443	665
4444	647
4445	609
4446	668
4447	557
4448	685
4449	672
4450	615
4451	692
4452	665
4453	653
4454	670
4455	666
4456	661
4457	636
4458	611
4459	635
4460	600
4461	606
4462	666
4463	644
4464	572
4465	672
4466	602
4467	617
4468	629
4469	636
4470	591
4471	586
4472	643
4473	669
4474	670
4475	645
4476	658
4477	672
4478	565
4479	627
4480	618
4481	674
4482	647
4483	638
4484	661
4485	515
4486	649
4487	665
4488	638
4489	595
4490	652
4491	721
4492	650
4493	548
4494	680
4495	649
4496	648
4497	660
4498	653
4499	632
4500	642
4501	649
4502	623
4503	666
4504	712
4505	636
4506	680
4507	679
4508	672
4509	656
4510	681
4511	676
4512	619
4513	653
4514	633
4515	686
4516	633
4517	638
4518	669
4519	643
4520	649
4521	658
4522	640
4523	611
4524	693
4525	652
4526	553
4527	585
4528	619
4529	667
4530	718
4531	617
4532	602
4533	595
4534	659
4535	631
4536	677
4537	667
4538	614
4539	586
4540	589
4541	601
4542	621
4543	596
4544	655
4545	671
4546	668
4547	651
4548	661
4549	666
4550	678
4551	595
4552	611
4553	621
4554	575
4555	580
4556	612
4557	602
4558	594
4559	566
4560	575
4561	581
4562	610
4563	607
4564	633
4565	631
4566	572
4567	609
4568	578
4569	602
4570	531
4571	572
4572	568
4573	601
4574	596
4575	619
4576	600
4577	538
4578	623
4579	646
4580	624
4581	606
4582	643
4583	641
4584	612
4585	614
4586	606
4587	608
4588	614
4589	601
4590	614
4591	658
4592	605
4593	590
4594	608
4595	649
4596	637
4597	657
4598	636
4599	625
4600	639
4601	647
4602	618
4603	638
4604	642
4605	619
4606	637
4607	643
4608	606
4609	661
4610	618
4611	652
4612	728
4613	619
4614	630
4615	612
4616	611
4617	651
4618	662
4619	658
4620	663
4621	647
4622	657
4623	671
4624	658
4625	671
4626	691
4627	640
4628	687
4629	686
4630	776
4631	695
4632	692
4633	725
4634	694
4635	693
4636	690
4637	737
4638	702
4639	680
4640	677
4641	648
4642	687
4643	628
4644	697
4645	756
4646	702
4647	704
4648	649
4649	675
4650	651
4651	654
4652	655
4653	682
4654	661
4655	714
4656	631
4657	708
4658	645
4659	697
4660	644
4661	609
4662	750
4663	664
4664	706
4665	737
4666	658
4667	702
4668	654
4669	638
4670	629
4671	636
4672	633
4673	696
4674	648
4675	662
4676	674
4677	605
4678	690
4679	596
4680	615
4681	618
4682	692
4683	668
4684	618
4685	639
4686	654
4687	644
4688	713
4689	643
4690	629
4691	575
4692	707

