## htsjdk.samtools.metrics.StringHeader
# CollectInsertSizeMetrics HISTOGRAM_FILE=/work/ugbogu/pipeline/data/nbl/GSE189367/results/picard/SRR17010987_insert_size_histogram.pdf MINIMUM_PCT=0.5 INPUT=/work/ugbogu/pipeline/data/nbl/GSE189367/results/star/SRR17010987.Aligned.sortedByCoord.out.bam OUTPUT=/work/ugbogu/pipeline/data/nbl/GSE189367/results/picard/SRR17010987_insert_size_metrics.txt    DEVIATIONS=10.0 METRIC_ACCUMULATION_LEVEL=[ALL_READS] INCLUDE_DUPLICATES=false ASSUME_SORTED=true STOP_AFTER=0 VERBOSITY=INFO QUIET=false VALIDATION_STRINGENCY=STRICT COMPRESSION_LEVEL=5 MAX_RECORDS_IN_RAM=500000 CREATE_INDEX=false CREATE_MD5_FILE=false USE_JDK_DEFLATER=false USE_JDK_INFLATER=false
## htsjdk.samtools.metrics.StringHeader
# Started on: Sun Apr 12 00:25:44 UTC 2026

## METRICS CLASS	picard.analysis.InsertSizeMetrics
MEDIAN_INSERT_SIZE	MODE_INSERT_SIZE	MEDIAN_ABSOLUTE_DEVIATION	MIN_INSERT_SIZE	MAX_INSERT_SIZE	MEAN_INSERT_SIZE	STANDARD_DEVIATION	READ_PAIRS	PAIR_ORIENTATION	WIDTH_OF_10_PERCENT	WIDTH_OF_20_PERCENT	WIDTH_OF_30_PERCENT	WIDTH_OF_40_PERCENT	WIDTH_OF_50_PERCENT	WIDTH_OF_60_PERCENT	WIDTH_OF_70_PERCENT	WIDTH_OF_80_PERCENT	WIDTH_OF_90_PERCENT	WIDTH_OF_95_PERCENT	WIDTH_OF_99_PERCENT	SAMPLE	LIBRARY	READ_GROUP
684	133	558	26	2814828	1130.333119	1448.097659	33289900	FR	533	847	981	1059	1117	1439	3751	8419	25027	105483	154259			

## HISTOGRAM	java.lang.Integer
insert_size	All_Reads.fr_count
26	1
28	1
29	9
30	11
31	1
32	3
33	6
34	54
35	315
36	368
37	301
38	295
39	311
40	411
41	415
42	442
43	452
44	440
45	474
46	403
47	525
48	514
49	580
50	626
51	581
52	638
53	588
54	594
55	753
56	720
57	875
58	945
59	1076
60	1148
61	1258
62	1463
63	1663
64	1557
65	1761
66	1921
67	1996
68	2414
69	2501
70	2781
71	3263
72	3434
73	3985
74	4362
75	6638
76	5368
77	5770
78	6646
79	7127
80	7408
81	8640
82	9068
83	10414
84	11172
85	12232
86	13950
87	14746
88	16159
89	17581
90	19159
91	21520
92	24237
93	25873
94	28436
95	30385
96	32740
97	37454
98	40137
99	43220
100	44607
101	47217
102	49034
103	52639
104	57248
105	61916
106	63368
107	66447
108	68401
109	72593
110	74605
111	76587
112	79359
113	82000
114	84708
115	87024
116	90804
117	92404
118	99757
119	98300
120	102661
121	109372
122	106934
123	115132
124	116529
125	111973
126	109151
127	110234
128	109504
129	110478
130	111852
131	112987
132	112444
133	118635
134	118327
135	115108
136	116032
137	115227
138	113961
139	113849
140	113213
141	112809
142	112164
143	111799
144	111825
145	111497
146	109267
147	108716
148	107684
149	107964
150	105749
151	106663
152	105083
153	104071
154	102370
155	102387
156	101848
157	100063
158	100470
159	97568
160	97125
161	96223
162	94991
163	94243
164	91686
165	89756
166	90555
167	89245
168	87525
169	88520
170	86896
171	85072
172	84563
173	83010
174	81096
175	81238
176	80349
177	77685
178	78407
179	77027
180	76017
181	75944
182	74782
183	73036
184	72013
185	69975
186	69521
187	69523
188	69310
189	66827
190	66276
191	66299
192	64752
193	64544
194	63420
195	62622
196	61657
197	61651
198	59876
199	59520
200	58831
201	59318
202	58347
203	56993
204	56449
205	56132
206	55155
207	53429
208	54252
209	53496
210	51542
211	52423
212	51944
213	51813
214	50510
215	49721
216	49526
217	49324
218	47500
219	48199
220	47291
221	47342
222	45940
223	45808
224	45540
225	44699
226	45053
227	45098
228	43858
229	43834
230	44168
231	42453
232	42058
233	43237
234	41408
235	41555
236	41486
237	40138
238	39748
239	39445
240	38541
241	37913
242	38258
243	36998
244	36969
245	36649
246	36530
247	35587
248	35330
249	35664
250	34923
251	34785
252	34206
253	33902
254	33326
255	32604
256	33580
257	32534
258	32311
259	32024
260	31516
261	31511
262	30972
263	30913
264	30716
265	30997
266	29587
267	29200
268	29403
269	29138
270	28265
271	28674
272	28498
273	27404
274	28212
275	27828
276	26884
277	26676
278	26779
279	25879
280	26284
281	26294
282	25546
283	25202
284	25094
285	25021
286	24492
287	23995
288	23629
289	24290
290	23612
291	23505
292	23266
293	22695
294	22677
295	22938
296	22154
297	21901
298	21381
299	21562
300	21477
301	21127
302	21078
303	20713
304	20293
305	20151
306	20103
307	19495
308	19641
309	19925
310	19908
311	18996
312	19318
313	19234
314	19364
315	18507
316	18358
317	18138
318	18160
319	17588
320	17701
321	17757
322	17710
323	17659
324	17476
325	16514
326	16862
327	16714
328	16603
329	16353
330	16251
331	16647
332	16321
333	15729
334	15881
335	15959
336	16303
337	15679
338	15462
339	15397
340	15168
341	15284
342	14883
343	14644
344	14430
345	14335
346	14704
347	14500
348	14532
349	13881
350	14006
351	13701
352	14000
353	13503
354	13641
355	14078
356	13184
357	13682
358	13787
359	13484
360	13533
361	13570
362	12805
363	12702
364	12402
365	12339
366	12629
367	12505
368	12697
369	12561
370	12289
371	11850
372	12063
373	12057
374	12019
375	11812
376	11792
377	11698
378	11714
379	11447
380	11342
381	11241
382	11520
383	11390
384	11568
385	11096
386	11340
387	11047
388	10881
389	10505
390	10261
391	10566
392	10559
393	10648
394	10723
395	10391
396	10374
397	10512
398	10331
399	10046
400	10608
401	10367
402	10202
403	9806
404	9771
405	9698
406	9748
407	9746
408	9728
409	9628
410	9609
411	9573
412	9034
413	9429
414	9431
415	9254
416	9199
417	9721
418	9608
419	9323
420	8972
421	9001
422	9152
423	9013
424	9396
425	9301
426	9378
427	9314
428	9009
429	9184
430	9121
431	8719
432	8763
433	8913
434	8908
435	8620
436	8424
437	8630
438	8687
439	9031
440	8740
441	8969
442	8945
443	8801
444	8807
445	8403
446	8593
447	8372
448	8361
449	8379
450	8279
451	8492
452	8547
453	8594
454	8928
455	8184
456	8108
457	8006
458	8028
459	8438
460	7895
461	8173
462	8044
463	7695
464	7909
465	7778
466	7929
467	7927
468	7671
469	7666
470	7610
471	7726
472	7728
473	7558
474	7437
475	7692
476	7599
477	7909
478	7537
479	7443
480	7394
481	7402
482	7287
483	7325
484	7288
485	7714
486	7504
487	7568
488	7414
489	7319
490	7104
491	7276
492	7283
493	7339
494	6994
495	7088
496	7108
497	7268
498	7052
499	7412
500	7115
501	7133
502	7157
503	7218
504	6854
505	7212
506	7086
507	7194
508	7408
509	7373
510	7187
511	7212
512	7357
513	7203
514	7024
515	6947
516	7140
517	7073
518	7072
519	7447
520	7252
521	6940
522	7054
523	6946
524	6948
525	7103
526	6975
527	6851
528	7115
529	7012
530	6841
531	6961
532	6882
533	7232
534	6873
535	7389
536	7392
537	7618
538	7034
539	7098
540	7376
541	7245
542	7073
543	6980
544	7042
545	6902
546	6883
547	6581
548	6769
549	6957
550	6966
551	6740
552	6779
553	7107
554	7193
555	6746
556	6596
557	6804
558	6867
559	6907
560	6624
561	6579
562	6691
563	6811
564	6984
565	6651
566	6650
567	7046
568	7069
569	6874
570	6936
571	6351
572	6851
573	6745
574	6628
575	6557
576	6493
577	6541
578	6601
579	6550
580	6658
581	6860
582	6852
583	6761
584	6448
585	6667
586	6646
587	6648
588	6172
589	6664
590	6481
591	6463
592	6884
593	6573
594	6579
595	6624
596	6296
597	6666
598	6574
599	6451
600	6381
601	6550
602	6497
603	6477
604	6381
605	6371
606	6621
607	6722
608	6378
609	6369
610	6278
611	6245
612	6274
613	6354
614	6255
615	6309
616	6384
617	6047
618	6345
619	6298
620	6533
621	6114
622	6292
623	6244
624	6675
625	6535
626	6126
627	6276
628	6221
629	6096
630	6253
631	6421
632	6244
633	6454
634	6508
635	6383
636	6407
637	6281
638	6300
639	6328
640	6170
641	6307
642	6081
643	6249
644	6253
645	6189
646	6293
647	6734
648	6056
649	6488
650	6307
651	6163
652	6203
653	6373
654	6312
655	6094
656	6146
657	6072
658	6185
659	6385
660	6256
661	6338
662	6186
663	6386
664	6196
665	6312
666	6133
667	5993
668	6302
669	6487
670	6320
671	6295
672	6170
673	6179
674	6289
675	5823
676	6229
677	6238
678	6182
679	6070
680	5976
681	6248
682	6206
683	6179
684	6025
685	6171
686	5997
687	6155
688	5744
689	5910
690	6032
691	6431
692	6383
693	6111
694	6153
695	6122
696	6108
697	6182
698	6012
699	6003
700	6164
701	6120
702	6131
703	6237
704	6033
705	6199
706	6258
707	6054
708	6199
709	6037
710	6192
711	6098
712	6026
713	6061
714	6029
715	6055
716	6145
717	6312
718	5957
719	5747
720	6010
721	6008
722	6053
723	6136
724	5896
725	5967
726	6112
727	6050
728	6007
729	6093
730	6016
731	5939
732	5846
733	6035
734	5752
735	6086
736	6047
737	5965
738	6056
739	5630
740	5963
741	5848
742	5905
743	5575
744	5832
745	5914
746	5730
747	5642
748	5864
749	5652
750	5680
751	5728
752	5760
753	6097
754	5507
755	5639
756	5655
757	5588
758	6089
759	5848
760	5894
761	5769
762	5891
763	5834
764	5663
765	5729
766	5807
767	5817
768	5855
769	5821
770	5585
771	5639
772	5694
773	5703
774	5482
775	5523
776	5592
777	5458
778	5411
779	5440
780	5628
781	5454
782	5720
783	5616
784	5639
785	5447
786	5648
787	5598
788	5663
789	5599
790	5289
791	5666
792	5540
793	5723
794	5652
795	5726
796	5780
797	5473
798	5331
799	5224
800	5451
801	5439
802	5604
803	5316
804	5672
805	5371
806	5685
807	5496
808	5375
809	5090
810	5395
811	5290
812	5294
813	5398
814	5126
815	5279
816	5592
817	5358
818	4982
819	5213
820	5309
821	5291
822	5134
823	5028
824	5029
825	5287
826	5135
827	5350
828	5264
829	4912
830	5014
831	5098
832	5337
833	5156
834	5134
835	5150
836	5309
837	5381
838	5006
839	4963
840	5245
841	4993
842	5194
843	5272
844	5036
845	5092
846	4960
847	4814
848	5016
849	5099
850	4967
851	4995
852	4807
853	5193
854	5063
855	4956
856	5258
857	5048
858	4759
859	5169
860	5213
861	5150
862	5027
863	5092
864	5221
865	4887
866	4928
867	5054
868	5132
869	5102
870	5162
871	5064
872	4875
873	5128
874	5098
875	4951
876	5360
877	5021
878	4968
879	4951
880	5158
881	5067
882	4941
883	4900
884	4956
885	4965
886	5101
887	5329
888	4901
889	4748
890	5087
891	5124
892	5209
893	5142
894	5211
895	4877
896	4974
897	5217
898	4937
899	4933
900	4943
901	4850
902	4739
903	4818
904	4994
905	4688
906	5012
907	4741
908	5119
909	4638
910	5096
911	4811
912	4909
913	4957
914	5019
915	5101
916	4950
917	5076
918	5039
919	4875
920	5045
921	4926
922	5106
923	5134
924	5061
925	5017
926	4969
927	4969
928	4858
929	5268
930	4866
931	4857
932	5000
933	4964
934	4914
935	5125
936	5026
937	4784
938	4725
939	5114
940	5023
941	4993
942	5033
943	4872
944	5016
945	4898
946	4918
947	5123
948	4828
949	4932
950	4897
951	4829
952	4961
953	4850
954	4604
955	4898
956	4727
957	4681
958	4722
959	4472
960	4630
961	4793
962	4575
963	4754
964	4777
965	4753
966	4780
967	4613
968	4605
969	4778
970	4864
971	4566
972	4743
973	4655
974	4767
975	4806
976	4769
977	4736
978	4831
979	4678
980	4828
981	4551
982	4493
983	4489
984	4264
985	4514
986	4348
987	4945
988	4840
989	4500
990	4521
991	4510
992	4729
993	4315
994	4445
995	4536
996	4671
997	4432
998	4534
999	4586
1000	4517
1001	4602
1002	4333
1003	4306
1004	4534
1005	4445
1006	4371
1007	4436
1008	4322
1009	4378
1010	4334
1011	4448
1012	4427
1013	4542
1014	4657
1015	4487
1016	4425
1017	4482
1018	4507
1019	4481
1020	4308
1021	4358
1022	4343
1023	4401
1024	4394
1025	4314
1026	4436
1027	4344
1028	4147
1029	4249
1030	4157
1031	4261
1032	4112
1033	4316
1034	4222
1035	4343
1036	4370
1037	4242
1038	4449
1039	4195
1040	4207
1041	4260
1042	4160
1043	4226
1044	4210
1045	4363
1046	4332
1047	4245
1048	4381
1049	4259
1050	4354
1051	4277
1052	4484
1053	4120
1054	4298
1055	4380
1056	4380
1057	4263
1058	4256
1059	4479
1060	4149
1061	4336
1062	4176
1063	4332
1064	4237
1065	4204
1066	4379
1067	4168
1068	4247
1069	4195
1070	4182
1071	4213
1072	4081
1073	4168
1074	4280
1075	4149
1076	4186
1077	4148
1078	4240
1079	4170
1080	4202
1081	4394
1082	4195
1083	4179
1084	4144
1085	4247
1086	4241
1087	4329
1088	4007
1089	4250
1090	4435
1091	4162
1092	3884
1093	4244
1094	4139
1095	4234
1096	4197
1097	4222
1098	4305
1099	4098
1100	4158
1101	4195
1102	4285
1103	4224
1104	4196
1105	4326
1106	3936
1107	4033
1108	4120
1109	4200
1110	4283
1111	4366
1112	4034
1113	4171
1114	4071
1115	4137
1116	4130
1117	4310
1118	4341
1119	4126
1120	4365
1121	4256
1122	4449
1123	4380
1124	4475
1125	4049
1126	4098
1127	4216
1128	4168
1129	4219
1130	4027
1131	4106
1132	4110
1133	4318
1134	4439
1135	3985
1136	4253
1137	4258
1138	4161
1139	4315
1140	4344
1141	4563
1142	4432
1143	4052
1144	4459
1145	4474
1146	4376
1147	4347
1148	4257
1149	4299
1150	4448
1151	4566
1152	4345
1153	4275
1154	4224
1155	4350
1156	4472
1157	4563
1158	4400
1159	4623
1160	4434
1161	4242
1162	4621
1163	4486
1164	4522
1165	4521
1166	4360
1167	4432
1168	4245
1169	4280
1170	4050
1171	4287
1172	4067
1173	4375
1174	4223
1175	4233
1176	4065
1177	4229
1178	4155
1179	4288
1180	4269
1181	4342
1182	4151
1183	4409
1184	4543
1185	4160
1186	4337
1187	4066
1188	4188
1189	3934
1190	4097
1191	4093
1192	4244
1193	4424
1194	4237
1195	4189
1196	4179
1197	4122
1198	3900
1199	4259
1200	4070
1201	4232
1202	4161
1203	4124
1204	4032
1205	4351
1206	4080
1207	4050
1208	4114
1209	4191
1210	4205
1211	4252
1212	4265
1213	4054
1214	4287
1215	4222
1216	4036
1217	4184
1218	4217
1219	4085
1220	4224
1221	4049
1222	4169
1223	4395
1224	4282
1225	4402
1226	4274
1227	4436
1228	4344
1229	4446
1230	4264
1231	4364
1232	4180
1233	4154
1234	4263
1235	4249
1236	4229
1237	4123
1238	4362
1239	4354
1240	4318
1241	4033
1242	4320
1243	4254
1244	4142
1245	4211
1246	4154
1247	4158
1248	3924
1249	4061
1250	4366
1251	4156
1252	4308
1253	4355
1254	4323
1255	4185
1256	4231
1257	4322
1258	4517
1259	3988
1260	4368
1261	4163
1262	4372
1263	4286
1264	4404
1265	4500
1266	4600
1267	4696
1268	4225
1269	4368
1270	4362
1271	4154
1272	4340
1273	4231
1274	4085
1275	4241
1276	3977
1277	4170
1278	3937
1279	4080
1280	4005
1281	4015
1282	3903
1283	4047
1284	3916
1285	3962
1286	4070
1287	3990
1288	4217
1289	3757
1290	4021
1291	3853
1292	4088
1293	3939
1294	3730
1295	4000
1296	3733
1297	3741
1298	3772
1299	4010
1300	3938
1301	3826
1302	3974
1303	4061
1304	3939
1305	3953
1306	4032
1307	4106
1308	4289
1309	4081
1310	3858
1311	3829
1312	3878
1313	4059
1314	4815
1315	4153
1316	3968
1317	4119
1318	3970
1319	3843
1320	3900
1321	3756
1322	3768
1323	3810
1324	3739
1325	3852
1326	4043
1327	3850
1328	3818
1329	3689
1330	3790
1331	3777
1332	3625
1333	3885
1334	3606
1335	3590
1336	3538
1337	3492
1338	3694
1339	3620
1340	3675
1341	3692
1342	3700
1343	3558
1344	3619
1345	3481
1346	3599
1347	3718
1348	3593
1349	3560
1350	3748
1351	3718
1352	3681
1353	3754
1354	3490
1355	3514
1356	3603
1357	3549
1358	3695
1359	3523
1360	3622
1361	3568
1362	3638
1363	3600
1364	3458
1365	3527
1366	3465
1367	3591
1368	3565
1369	3634
1370	3472
1371	3668
1372	3309
1373	3810
1374	3591
1375	3502
1376	3403
1377	3460
1378	3605
1379	3618
1380	3546
1381	3509
1382	3626
1383	3671
1384	3494
1385	3701
1386	3536
1387	3615
1388	3542
1389	3370
1390	3536
1391	3521
1392	3607
1393	3516
1394	3452
1395	3481
1396	3300
1397	3499
1398	3447
1399	3536
1400	3544
1401	3268
1402	3396
1403	3339
1404	3428
1405	3475
1406	3562
1407	3537
1408	3699
1409	3511
1410	3365
1411	3487
1412	3407
1413	3395
1414	3568
1415	3413
1416	3525
1417	3536
1418	3553
1419	3464
1420	3489
1421	3429
1422	3524
1423	3421
1424	3433
1425	3354
1426	3605
1427	3442
1428	3572
1429	3504
1430	3355
1431	3622
1432	3257
1433	3570
1434	3505
1435	3316
1436	3409
1437	3503
1438	3406
1439	3538
1440	3430
1441	3585
1442	3422
1443	3482
1444	3387
1445	3471
1446	3297
1447	3323
1448	3458
1449	3427
1450	3369
1451	3539
1452	3320
1453	3468
1454	3352
1455	3409
1456	3330
1457	3438
1458	3655
1459	3700
1460	3545
1461	3641
1462	3428
1463	3635
1464	3556
1465	3352
1466	3580
1467	3290
1468	3500
1469	3348
1470	3590
1471	3566
1472	3435
1473	3642
1474	3498
1475	3446
1476	3488
1477	3529
1478	3444
1479	3453
1480	3456
1481	3596
1482	3531
1483	3720
1484	3599
1485	3744
1486	3517
1487	3376
1488	3574
1489	3796
1490	3557
1491	3909
1492	3773
1493	3724
1494	3903
1495	3587
1496	3704
1497	3720
1498	3822
1499	3878
1500	3985
1501	3806
1502	3754
1503	3741
1504	3633
1505	3460
1506	3524
1507	3838
1508	3590
1509	3667
1510	3773
1511	3752
1512	3645
1513	3729
1514	3599
1515	3501
1516	3855
1517	3897
1518	3759
1519	3797
1520	3730
1521	4114
1522	3724
1523	3799
1524	3813
1525	4019
1526	4133
1527	4031
1528	3791
1529	3755
1530	3743
1531	3939
1532	3809
1533	4133
1534	4026
1535	4000
1536	4002
1537	3893
1538	3687
1539	3827
1540	3834
1541	3793
1542	3922
1543	3769
1544	3938
1545	3876
1546	3817
1547	3988
1548	3817
1549	4054
1550	3964
1551	4068
1552	4072
1553	4055
1554	3970
1555	3976
1556	3997
1557	4330
1558	4169
1559	4044
1560	3866
1561	3842
1562	4081
1563	4164
1564	3802
1565	3930
1566	3863
1567	3916
1568	3955
1569	3867
1570	3990
1571	4012
1572	3828
1573	4302
1574	4003
1575	4180
1576	3843
1577	3910
1578	3799
1579	3609
1580	3721
1581	3780
1582	3862
1583	3564
1584	3714
1585	3936
1586	3948
1587	4137
1588	3777
1589	3788
1590	3776
1591	3826
1592	3745
1593	3668
1594	3682
1595	3373
1596	3597
1597	3884
1598	3392
1599	3740
1600	3550
1601	3787
1602	3814
1603	3859
1604	3776
1605	3842
1606	3660
1607	3634
1608	3553
1609	3617
1610	3538
1611	3461
1612	3303
1613	3590
1614	3528
1615	3672
1616	3591
1617	3565
1618	3461
1619	3569
1620	3398
1621	3533
1622	3504
1623	3408
1624	3484
1625	3499
1626	3413
1627	3409
1628	3486
1629	3515
1630	3475
1631	3300
1632	3449
1633	3311
1634	3424
1635	3475
1636	3293
1637	3418
1638	3424
1639	3545
1640	3275
1641	3377
1642	3460
1643	3578
1644	3382
1645	3444
1646	3537
1647	3408
1648	3489
1649	3332
1650	3434
1651	3668
1652	3520
1653	3417
1654	3374
1655	3418
1656	3349
1657	3317
1658	3245
1659	3445
1660	3345
1661	3253
1662	3235
1663	3569
1664	3232
1665	3529
1666	3484
1667	3289
1668	3398
1669	3459
1670	3446
1671	3444
1672	3442
1673	3448
1674	3345
1675	3317
1676	3299
1677	3205
1678	3386
1679	3490
1680	3357
1681	3530
1682	3382
1683	3465
1684	3249
1685	3269
1686	3454
1687	3280
1688	3307
1689	3205
1690	3230
1691	3541
1692	3430
1693	3505
1694	3424
1695	3349
1696	3354
1697	3331
1698	3450
1699	3429
1700	3251
1701	3243
1702	3340
1703	3391
1704	3189
1705	3353
1706	3315
1707	3441
1708	3308
1709	3341
1710	3485
1711	3310
1712	3376
1713	3379
1714	3232
1715	3491
1716	3374
1717	3444
1718	3268
1719	3397
1720	3429
1721	3313
1722	3333
1723	3450
1724	3216
1725	3525
1726	3405
1727	3280
1728	3473
1729	3429
1730	3574
1731	3425
1732	3384
1733	3430
1734	3297
1735	3333
1736	3287
1737	3543
1738	3239
1739	3442
1740	3248
1741	3276
1742	3283
1743	3306
1744	3394
1745	3252
1746	3682
1747	3188
1748	3465
1749	3384
1750	3355
1751	3239
1752	3263
1753	3371
1754	3490
1755	3423
1756	2976
1757	3234
1758	3299
1759	3276
1760	3396
1761	3305
1762	3357
1763	3270
1764	3261
1765	3328
1766	3021
1767	3219
1768	3065
1769	3249
1770	3158
1771	3213
1772	3176
1773	3348
1774	3000
1775	3200
1776	3102
1777	3122
1778	2980
1779	3111
1780	3103
1781	2971
1782	3051
1783	3008
1784	3067
1785	3046
1786	2885
1787	2925
1788	3168
1789	3058
1790	3045
1791	2970
1792	3002
1793	2892
1794	3097
1795	3067
1796	2859
1797	2970
1798	3062
1799	2871
1800	2794
1801	3099
1802	3014
1803	2850
1804	2907
1805	2861
1806	2776
1807	3008
1808	2913
1809	2920
1810	3016
1811	3027
1812	2857
1813	2753
1814	2842
1815	2874
1816	3031
1817	2987
1818	2922
1819	2894
1820	2944
1821	2819
1822	2813
1823	2913
1824	2701
1825	2669
1826	2883
1827	2850
1828	2560
1829	2715
1830	2932
1831	2717
1832	2788
1833	2846
1834	2709
1835	2727
1836	2768
1837	2763
1838	2878
1839	2813
1840	2653
1841	2839
1842	2879
1843	2692
1844	2702
1845	2652
1846	2643
1847	2718
1848	2618
1849	2756
1850	2870
1851	2801
1852	2732
1853	2758
1854	2844
1855	2769
1856	2743
1857	2778
1858	2821
1859	2789
1860	2664
1861	2854
1862	2779
1863	2663
1864	2766
1865	2885
1866	2638
1867	2734
1868	2611
1869	2816
1870	2833
1871	2800
1872	2799
1873	2655
1874	2617
1875	2771
1876	2814
1877	2787
1878	2481
1879	2788
1880	2725
1881	2667
1882	2651
1883	2675
1884	2848
1885	2778
1886	2705
1887	2631
1888	2854
1889	2684
1890	2778
1891	2651
1892	2771
1893	2667
1894	2867
1895	2816
1896	2674
1897	2803
1898	2652
1899	2755
1900	2695
1901	2856
1902	2759
1903	2779
1904	2747
1905	2883
1906	2856
1907	2713
1908	2704
1909	2803
1910	2588
1911	2699
1912	2702
1913	2777
1914	2829
1915	2882
1916	2882
1917	2932
1918	2655
1919	2787
1920	2885
1921	2824
1922	2854
1923	2739
1924	2766
1925	2750
1926	2683
1927	2757
1928	2645
1929	2655
1930	2731
1931	2765
1932	2602
1933	2839
1934	2725
1935	2634
1936	2734
1937	2657
1938	2716
1939	2742
1940	2730
1941	2950
1942	2676
1943	2821
1944	2763
1945	2681
1946	2709
1947	2719
1948	2766
1949	2930
1950	2737
1951	2714
1952	2841
1953	2742
1954	2796
1955	2681
1956	2673
1957	2822
1958	2785
1959	2836
1960	2854
1961	2799
1962	2833
1963	2795
1964	2814
1965	2810
1966	2940
1967	2803
1968	2657
1969	2858
1970	2900
1971	3003
1972	2945
1973	2873
1974	2852
1975	2952
1976	2973
1977	3065
1978	3014
1979	3084
1980	3077
1981	3168
1982	3079
1983	3014
1984	2855
1985	3017
1986	2994
1987	2937
1988	2777
1989	3077
1990	3000
1991	3014
1992	3164
1993	3163
1994	3080
1995	3103
1996	3065
1997	2994
1998	2935
1999	3230
2000	3017
2001	2978
2002	3092
2003	3263
2004	3155
2005	3074
2006	3236
2007	2997
2008	3190
2009	3015
2010	3041
2011	3035
2012	3213
2013	3249
2014	3042
2015	3348
2016	3134
2017	3053
2018	3135
2019	3143
2020	3085
2021	2952
2022	3028
2023	3163
2024	3318
2025	3121
2026	3001
2027	3106
2028	3089
2029	3126
2030	3155
2031	2974
2032	3138
2033	3213
2034	2949
2035	3079
2036	2909
2037	2994
2038	3198
2039	3064
2040	3057
2041	2992
2042	3167
2043	3226
2044	3002
2045	3005
2046	3143
2047	2952
2048	3072
2049	2921
2050	3145
2051	3152
2052	2873
2053	2989
2054	3016
2055	3156
2056	3250
2057	3234
2058	3159
2059	3097
2060	3040
2061	2976
2062	3006
2063	2926
2064	3099
2065	2905
2066	2833
2067	2975
2068	2960
2069	3109
2070	3011
2071	2795
2072	2963
2073	2943
2074	2941
2075	2830
2076	2747
2077	2862
2078	2883
2079	2862
2080	2819
2081	2932
2082	2803
2083	2839
2084	2833
2085	2867
2086	3037
2087	2872
2088	2875
2089	2896
2090	2755
2091	2918
2092	2788
2093	2609
2094	2618
2095	2661
2096	2796
2097	2668
2098	2538
2099	2671
2100	2793
2101	2776
2102	2913
2103	2725
2104	2787
2105	2797
2106	2680
2107	2763
2108	2566
2109	2776
2110	2702
2111	2664
2112	2745
2113	2469
2114	2680
2115	2644
2116	2706
2117	2432
2118	2507
2119	2620
2120	2533
2121	2604
2122	2833
2123	2697
2124	2732
2125	2627
2126	2638
2127	2569
2128	2763
2129	2825
2130	2783
2131	2770
2132	2748
2133	2686
2134	2682
2135	2864
2136	2686
2137	2600
2138	2652
2139	2546
2140	2432
2141	2594
2142	2686
2143	2690
2144	2582
2145	2519
2146	2566
2147	2471
2148	2515
2149	2473
2150	2697
2151	2527
2152	2785
2153	2541
2154	2444
2155	2693
2156	2566
2157	2553
2158	2461
2159	2685
2160	2504
2161	2495
2162	2627
2163	2513
2164	2611
2165	2584
2166	2700
2167	2691
2168	2423
2169	2611
2170	2598
2171	2666
2172	2535
2173	2699
2174	2774
2175	2512
2176	2428
2177	2590
2178	2684
2179	2767
2180	2569
2181	2338
2182	2463
2183	2588
2184	2562
2185	2671
2186	2689
2187	2685
2188	2476
2189	2554
2190	2470
2191	2655
2192	2583
2193	2770
2194	2415
2195	2585
2196	2612
2197	2685
2198	2599
2199	2691
2200	2757
2201	2535
2202	2813
2203	2691
2204	2767
2205	2813
2206	2652
2207	2686
2208	2584
2209	2671
2210	2637
2211	2530
2212	2648
2213	2606
2214	2653
2215	2581
2216	2498
2217	2431
2218	2462
2219	2479
2220	2467
2221	2464
2222	2713
2223	2600
2224	2609
2225	2646
2226	2824
2227	2680
2228	2540
2229	2530
2230	2567
2231	2574
2232	2728
2233	2770
2234	2885
2235	2673
2236	2638
2237	2611
2238	2633
2239	2700
2240	2505
2241	2596
2242	2869
2243	2838
2244	2837
2245	2732
2246	2539
2247	2522
2248	2681
2249	2589
2250	2577
2251	2692
2252	2768
2253	2754
2254	2863
2255	2597
2256	2942
2257	2789
2258	2989
2259	3145
2260	2889
2261	2778
2262	2765
2263	2574
2264	2651
2265	2531
2266	2676
2267	2553
2268	2559
2269	2391
2270	2662
2271	2474
2272	2608
2273	2351
2274	2473
2275	2516
2276	2644
2277	2663
2278	2617
2279	2548
2280	2367
2281	2520
2282	2510
2283	2327
2284	2471
2285	2305
2286	2457
2287	2532
2288	2572
2289	2443
2290	2383
2291	2495
2292	2345
2293	2531
2294	2520
2295	2443
2296	2478
2297	2469
2298	2438
2299	2524
2300	2342
2301	2465
2302	2553
2303	2416
2304	2264
2305	2365
2306	2419
2307	2382
2308	2250
2309	2294
2310	2320
2311	2292
2312	2300
2313	2233
2314	2361
2315	2489
2316	2606
2317	2493
2318	2599
2319	2431
2320	2376
2321	2518
2322	2601
2323	2376
2324	2443
2325	2463
2326	2408
2327	2298
2328	2434
2329	2445
2330	2216
2331	2386
2332	2300
2333	2148
2334	2198
2335	2274
2336	2138
2337	2375
2338	2203
2339	2138
2340	2423
2341	2280
2342	2432
2343	2281
2344	2347
2345	2205
2346	2327
2347	2344
2348	2338
2349	2366
2350	2279
2351	2307
2352	2452
2353	2274
2354	2050
2355	2137
2356	2231
2357	2201
2358	2274
2359	2318
2360	2261
2361	2316
2362	2312
2363	2182
2364	2175
2365	2176
2366	2049
2367	2263
2368	2190
2369	2250
2370	2177
2371	2151
2372	2187
2373	2210
2374	2355
2375	2161
2376	2035
2377	2157
2378	2175
2379	2242
2380	2396
2381	2168
2382	2093
2383	2219
2384	2015
2385	2178
2386	2065
2387	2077
2388	2331
2389	2117
2390	2150
2391	2045
2392	2153
2393	2068
2394	2035
2395	2066
2396	2046
2397	2058
2398	2015
2399	2196
2400	2048
2401	2157
2402	2057
2403	2120
2404	2260
2405	2132
2406	2068
2407	2205
2408	2082
2409	1904
2410	2065
2411	1964
2412	1952
2413	2066
2414	2114
2415	2064
2416	1963
2417	1991
2418	2075
2419	2095
2420	2090
2421	2109
2422	2084
2423	2157
2424	1961
2425	2123
2426	1997
2427	1920
2428	1993
2429	1942
2430	2044
2431	1998
2432	2103
2433	1976
2434	1803
2435	1911
2436	1957
2437	2009
2438	1950
2439	1964
2440	2029
2441	1947
2442	2100
2443	2037
2444	1965
2445	1949
2446	1896
2447	2035
2448	2001
2449	1991
2450	1984
2451	1891
2452	2083
2453	1929
2454	1939
2455	1972
2456	2033
2457	2032
2458	1930
2459	1946
2460	1931
2461	1978
2462	1900
2463	1993
2464	1964
2465	1993
2466	1899
2467	1958
2468	1890
2469	1986
2470	2001
2471	2136
2472	1890
2473	2060
2474	1926
2475	1998
2476	2106
2477	2022
2478	1878
2479	2025
2480	1976
2481	2092
2482	1951
2483	2126
2484	1998
2485	2126
2486	2026
2487	1981
2488	2122
2489	1978
2490	1991
2491	2083
2492	1999
2493	2022
2494	1997
2495	2027
2496	2095
2497	1963
2498	2114
2499	2048
2500	1882
2501	1977
2502	2011
2503	2101
2504	1975
2505	2130
2506	2003
2507	1911
2508	2041
2509	1913
2510	2227
2511	2019
2512	1987
2513	2089
2514	2068
2515	1951
2516	2001
2517	1941
2518	2035
2519	2064
2520	2107
2521	2209
2522	2052
2523	2171
2524	2012
2525	2089
2526	1963
2527	2046
2528	2095
2529	1983
2530	2131
2531	1975
2532	2019
2533	1988
2534	2153
2535	2043
2536	2125
2537	2032
2538	1937
2539	1976
2540	1989
2541	2035
2542	2076
2543	2019
2544	1989
2545	2087
2546	1963
2547	2132
2548	1943
2549	1939
2550	1969
2551	1920
2552	1910
2553	2010
2554	2045
2555	2019
2556	2053
2557	2128
2558	2026
2559	2039
2560	2098
2561	1965
2562	2031
2563	2130
2564	1992
2565	1987
2566	2054
2567	2033
2568	2021
2569	2070
2570	2071
2571	1981
2572	2005
2573	1944
2574	2035
2575	2132
2576	1899
2577	2057
2578	1980
2579	2130
2580	2044
2581	1855
2582	1989
2583	2135
2584	2149
2585	1978
2586	1930
2587	1973
2588	2095
2589	1995
2590	1962
2591	1924
2592	2074
2593	1982
2594	2034
2595	1875
2596	1951
2597	2024
2598	1893
2599	1956
2600	1978
2601	1997
2602	1944
2603	2009
2604	2013
2605	1882
2606	2032
2607	1924
2608	1974
2609	1878
2610	1990
2611	1950
2612	1948
2613	1959
2614	1897
2615	1790
2616	2004
2617	1826
2618	1866
2619	1900
2620	1971
2621	2066
2622	1970
2623	1962
2624	2013
2625	1920
2626	1954
2627	1978
2628	1911
2629	1910
2630	2106
2631	2007
2632	2047
2633	1983
2634	2027
2635	1957
2636	1932
2637	1973
2638	2060
2639	2018
2640	2282
2641	2214
2642	2054
2643	2029
2644	2157
2645	2187
2646	1999
2647	2041
2648	1932
2649	1987
2650	2024
2651	2173
2652	2286
2653	2187
2654	2364
2655	1977
2656	2004
2657	1971
2658	1957
2659	1917
2660	2061
2661	1999
2662	2079
2663	2091
2664	1990
2665	2090
2666	1935
2667	2243
2668	2091
2669	2010
2670	1974
2671	1922
2672	1989
2673	2072
2674	1954
2675	2039
2676	2004
2677	1900
2678	2139
2679	2088
2680	2106
2681	2030
2682	2060
2683	2257
2684	2083
2685	2309
2686	1972
2687	2082
2688	2182
2689	2049
2690	2173
2691	2116
2692	2014
2693	2106
2694	1978
2695	2024
2696	2067
2697	2035
2698	1903
2699	2131
2700	2129
2701	2179
2702	2100
2703	1969
2704	2130
2705	2044
2706	2050
2707	2046
2708	2141
2709	2238
2710	2337
2711	2297
2712	2117
2713	1939
2714	2055
2715	2002
2716	2068
2717	2096
2718	1961
2719	2131
2720	2065
2721	2243
2722	2101
2723	2101
2724	1970
2725	1916
2726	2113
2727	1963
2728	2101
2729	2094
2730	2005
2731	2048
2732	1980
2733	1950
2734	1872
2735	1907
2736	2019
2737	1992
2738	2022
2739	2018
2740	1880
2741	1977
2742	2103
2743	1877
2744	1836
2745	2099
2746	1925
2747	1867
2748	1811
2749	1952
2750	1895
2751	1871
2752	1771
2753	1797
2754	1940
2755	1907
2756	1944
2757	2016
2758	1902
2759	1756
2760	1970
2761	1980
2762	1985
2763	1856
2764	1889
2765	1805
2766	1917
2767	1874
2768	1852
2769	1902
2770	2013
2771	1855
2772	1905
2773	1917
2774	1867
2775	1748
2776	1887
2777	1873
2778	1784
2779	1826
2780	1834
2781	1818
2782	1800
2783	1820
2784	1818
2785	1704
2786	1819
2787	1800
2788	1846
2789	1806
2790	1916
2791	1843
2792	1781
2793	1758
2794	1763
2795	1692
2796	1677
2797	1736
2798	1722
2799	1805
2800	1767
2801	1627
2802	1713
2803	1816
2804	1869
2805	1670
2806	1796
2807	1598
2808	1822
2809	1787
2810	1704
2811	1702
2812	1822
2813	1865
2814	1866
2815	1739
2816	1788
2817	1854
2818	1745
2819	1879
2820	1726
2821	1776
2822	1708
2823	1769
2824	1881
2825	1882
2826	1790
2827	1830
2828	1839
2829	1745
2830	1675
2831	1606
2832	1753
2833	1755
2834	1842
2835	1753
2836	1663
2837	1674
2838	1774
2839	1705
2840	1773
2841	1692
2842	1790
2843	1788
2844	1671
2845	1773
2846	1893
2847	1768
2848	1830
2849	1711
2850	1683
2851	1650
2852	1759
2853	1860
2854	1912
2855	1682
2856	1977
2857	1898
2858	1673
2859	1767
2860	1966
2861	1943
2862	1874
2863	1922
2864	1819
2865	1874
2866	1670
2867	1826
2868	1774
2869	1725
2870	1564
2871	1689
2872	1632
2873	1788
2874	1807
2875	1868
2876	1653
2877	1724
2878	1687
2879	1728
2880	1894
2881	1756
2882	1886
2883	1771
2884	1779
2885	1872
2886	1822
2887	1934
2888	2062
2889	1805
2890	1771
2891	1833
2892	1943
2893	1708
2894	1910
2895	1793
2896	1918
2897	1912
2898	1944
2899	1983
2900	1910
2901	1813
2902	1861
2903	1906
2904	1901
2905	1893
2906	1718
2907	1850
2908	1836
2909	1786
2910	1900
2911	1779
2912	1898
2913	1921
2914	1814
2915	1838
2916	1814
2917	1882
2918	1883
2919	1759
2920	1879
2921	1865
2922	1873
2923	1750
2924	1917
2925	1865
2926	1881
2927	1801
2928	1895
2929	1814
2930	1970
2931	1890
2932	1820
2933	1823
2934	1877
2935	1784
2936	1850
2937	1911
2938	1822
2939	1723
2940	1713
2941	1756
2942	1719
2943	1690
2944	1940
2945	1853
2946	1910
2947	1777
2948	1906
2949	1948
2950	1842
2951	1811
2952	1858
2953	1917
2954	1815
2955	1772
2956	1877
2957	1755
2958	1850
2959	1739
2960	2037
2961	2046
2962	1955
2963	1822
2964	1796
2965	1838
2966	1725
2967	1971
2968	1867
2969	1844
2970	1931
2971	1885
2972	1915
2973	1844
2974	1830
2975	1902
2976	1899
2977	1859
2978	1819
2979	1793
2980	1790
2981	1959
2982	1831
2983	1848
2984	1817
2985	1764
2986	1779
2987	1919
2988	1787
2989	1832
2990	1814
2991	1887
2992	1766
2993	1906
2994	1863
2995	1706
2996	1784
2997	1836
2998	1871
2999	1837
3000	1731
3001	1743
3002	1954
3003	1856
3004	1753
3005	1942
3006	1911
3007	1729
3008	1800
3009	1813
3010	1830
3011	1745
3012	1798
3013	1829
3014	1717
3015	1600
3016	1609
3017	1712
3018	1788
3019	1811
3020	1801
3021	1795
3022	1683
3023	1716
3024	1878
3025	1677
3026	1822
3027	1783
3028	1761
3029	1710
3030	1914
3031	1745
3032	1667
3033	1883
3034	1710
3035	1765
3036	1736
3037	1779
3038	1714
3039	1687
3040	1743
3041	1883
3042	1830
3043	1782
3044	1633
3045	1822
3046	1601
3047	1733
3048	1816
3049	1785
3050	1873
3051	1811
3052	1746
3053	1837
3054	1977
3055	1956
3056	1849
3057	1902
3058	1967
3059	1903
3060	1796
3061	1735
3062	1976
3063	1968
3064	1903
3065	1808
3066	1859
3067	1921
3068	1904
3069	1834
3070	1832
3071	1821
3072	1839
3073	1787
3074	1886
3075	1981
3076	1948
3077	2004
3078	2090
3079	2024
3080	2046
3081	1857
3082	1896
3083	2097
3084	1939
3085	1882
3086	1978
3087	1893
3088	1950
3089	1715
3090	1894
3091	1676
3092	1761
3093	1866
3094	1822
3095	1988
3096	1929
3097	2014
3098	1872
3099	1920
3100	1803
3101	1803
3102	1788
3103	1851
3104	1888
3105	1854
3106	1900
3107	1810
3108	1824
3109	1873
3110	1798
3111	1865
3112	1774
3113	1748
3114	1857
3115	1814
3116	1815
3117	1813
3118	1728
3119	1884
3120	1621
3121	1943
3122	1917
3123	1648
3124	1714
3125	1935
3126	1844
3127	1804
3128	1822
3129	1863
3130	1732
3131	1750
3132	1668
3133	1681
3134	1721
3135	1772
3136	1594
3137	1581
3138	1707
3139	1780
3140	1708
3141	1742
3142	1788
3143	1689
3144	1754
3145	1807
3146	1730
3147	1645
3148	1850
3149	1848
3150	1664
3151	1833
3152	1686
3153	1832
3154	1658
3155	1664
3156	1638
3157	1669
3158	1736
3159	1910
3160	1792
3161	1728
3162	1660
3163	1702
3164	1767
3165	1776
3166	1810
3167	1727
3168	1758
3169	1651
3170	1727
3171	1713
3172	1722
3173	1797
3174	1688
3175	1749
3176	1740
3177	1712
3178	1694
3179	1629
3180	1745
3181	1665
3182	1752
3183	1762
3184	1790
3185	1741
3186	1702
3187	1628
3188	1729
3189	1781
3190	1764
3191	1775
3192	1752
3193	1752
3194	1786
3195	1656
3196	1783
3197	1733
3198	1620
3199	1734
3200	1654
3201	1695
3202	1806
3203	1723
3204	1795
3205	1788
3206	1791
3207	1817
3208	1647
3209	1648
3210	1660
3211	1664
3212	1750
3213	1707
3214	1762
3215	1731
3216	1522
3217	1628
3218	1686
3219	1666
3220	1739
3221	1704
3222	1718
3223	1888
3224	1707
3225	1797
3226	1642
3227	1727
3228	1814
3229	1612
3230	1736
3231	1782
3232	1699
3233	1665
3234	1708
3235	1803
3236	1821
3237	1871
3238	1742
3239	1674
3240	1710
3241	1806
3242	1715
3243	1723
3244	1830
3245	1707
3246	1735
3247	1795
3248	1720
3249	1675
3250	1717
3251	1635
3252	1734
3253	1874
3254	1653
3255	1764
3256	1656
3257	1715
3258	1727
3259	1672
3260	1695
3261	1802
3262	1680
3263	1809
3264	1816
3265	1641
3266	1801
3267	1703
3268	1779
3269	1749
3270	1681
3271	1709
3272	1812
3273	1799
3274	1675
3275	1633
3276	1655
3277	1742
3278	1695
3279	1585
3280	1657
3281	1749
3282	1610
3283	1664
3284	1728
3285	1785
3286	1870
3287	1731
3288	1587
3289	1768
3290	1676
3291	1598
3292	1718
3293	1743
3294	1831
3295	1842
3296	1766
3297	1851
3298	1765
3299	1818
3300	1765
3301	1714
3302	1868
3303	1761
3304	1635
3305	1811
3306	1691
3307	1883
3308	1881
3309	1764
3310	1796
3311	1831
3312	1802
3313	1812
3314	1646
3315	1823
3316	1715
3317	1835
3318	1985
3319	1844
3320	1857
3321	1859
3322	1783
3323	1814
3324	1810
3325	1720
3326	1780
3327	1744
3328	1809
3329	1641
3330	1725
3331	1785
3332	1848
3333	1661
3334	1767
3335	1751
3336	1874
3337	1707
3338	1815
3339	1657
3340	1725
3341	1715
3342	1769
3343	1816
3344	1719
3345	1665
3346	1716
3347	1725
3348	1686
3349	1847
3350	1743
3351	1826
3352	1609
3353	1714
3354	1697
3355	1732
3356	1702
3357	1640
3358	1685
3359	1609
3360	1594
3361	1599
3362	1632
3363	1565
3364	1583
3365	1550
3366	1587
3367	1573
3368	1603
3369	1484
3370	1635
3371	1494
3372	1577
3373	1625
3374	1626
3375	1570
3376	1415
3377	1559
3378	1567
3379	1514
3380	1483
3381	1635
3382	1527
3383	1435
3384	1388
3385	1416
3386	1504
3387	1566
3388	1508
3389	1490
3390	1513
3391	1585
3392	1536
3393	1492
3394	1452
3395	1483
3396	1499
3397	1527
3398	1462
3399	1522
3400	1545
3401	1519
3402	1624
3403	1496
3404	1577
3405	1515
3406	1659
3407	1501
3408	1529
3409	1543
3410	1587
3411	1541
3412	1572
3413	1421
3414	1580
3415	1496
3416	1607
3417	1574
3418	1490
3419	1402
3420	1354
3421	1632
3422	1602
3423	1534
3424	1444
3425	1577
3426	1548
3427	1600
3428	1470
3429	1549
3430	1536
3431	1559
3432	1527
3433	1465
3434	1575
3435	1557
3436	1388
3437	1501
3438	1456
3439	1616
3440	1596
3441	1531
3442	1475
3443	1568
3444	1432
3445	1424
3446	1311
3447	1564
3448	1460
3449	1410
3450	1617
3451	1399
3452	1520
3453	1568
3454	1591
3455	1409
3456	1539
3457	1455
3458	1532
3459	1418
3460	1399
3461	1480
3462	1452
3463	1582
3464	1438
3465	1491
3466	1475
3467	1475
3468	1439
3469	1559
3470	1547
3471	1522
3472	1585
3473	1488
3474	1536
3475	1512
3476	1525
3477	1396
3478	1391
3479	1410
3480	1427
3481	1444
3482	1523
3483	1448
3484	1467
3485	1471
3486	1451
3487	1478
3488	1428
3489	1445
3490	1512
3491	1334
3492	1394
3493	1421
3494	1374
3495	1415
3496	1498
3497	1380
3498	1355
3499	1524
3500	1488
3501	1387
3502	1434
3503	1549
3504	1428
3505	1400
3506	1500
3507	1432
3508	1473
3509	1424
3510	1348
3511	1438
3512	1439
3513	1475
3514	1268
3515	1408
3516	1402
3517	1387
3518	1345
3519	1400
3520	1456
3521	1399
3522	1454
3523	1451
3524	1518
3525	1447
3526	1326
3527	1384
3528	1473
3529	1373
3530	1430
3531	1394
3532	1482
3533	1435
3534	1411
3535	1527
3536	1468
3537	1485
3538	1370
3539	1471
3540	1397
3541	1420
3542	1516
3543	1325
3544	1422
3545	1447
3546	1423
3547	1318
3548	1319
3549	1471
3550	1380
3551	1423
3552	1336
3553	1357
3554	1398
3555	1394
3556	1416
3557	1524
3558	1411
3559	1495
3560	1408
3561	1470
3562	1468
3563	1540
3564	1406
3565	1434
3566	1553
3567	1503
3568	1358
3569	1383
3570	1489
3571	1468
3572	1445
3573	1550
3574	1494
3575	1548
3576	1401
3577	1436
3578	1474
3579	1565
3580	1346
3581	1513
3582	1425
3583	1521
3584	1463
3585	1535
3586	1454
3587	1465
3588	1523
3589	1484
3590	1511
3591	1404
3592	1493
3593	1471
3594	1566
3595	1489
3596	1391
3597	1410
3598	1478
3599	1370
3600	1463
3601	1532
3602	1432
3603	1488
3604	1491
3605	1461
3606	1500
3607	1498
3608	1524
3609	1451
3610	1421
3611	1502
3612	1501
3613	1383
3614	1493
3615	1424
3616	1558
3617	1538
3618	1546
3619	1444
3620	1540
3621	1520
3622	1492
3623	1561
3624	1429
3625	1411
3626	1378
3627	1425
3628	1504
3629	1498
3630	1474
3631	1334
3632	1426
3633	1388
3634	1433
3635	1438
3636	1460
3637	1495
3638	1469
3639	1437
3640	1496
3641	1437
3642	1415
3643	1428
3644	1494
3645	1584
3646	1574
3647	1484
3648	1587
3649	1372
3650	1383
3651	1458
3652	1386
3653	1536
3654	1356
3655	1556
3656	1421
3657	1420
3658	1529
3659	1409
3660	1483
3661	1522
3662	1416
3663	1485
3664	1549
3665	1420
3666	1472
3667	1472
3668	1599
3669	1342
3670	1488
3671	1467
3672	1381
3673	1453
3674	1353
3675	1484
3676	1416
3677	1449
3678	1427
3679	1499
3680	1377
3681	1603
3682	1473
3683	1416
3684	1392
3685	1471
3686	1471
3687	1489
3688	1481
3689	1466
3690	1414
3691	1516
3692	1454
3693	1512
3694	1482
3695	1488
3696	1544
3697	1404
3698	1466
3699	1540
3700	1584
3701	1505
3702	1569
3703	1613
3704	1499
3705	1437
3706	1531
3707	1402
3708	1476
3709	1524
3710	1487
3711	1395
3712	1412
3713	1539
3714	1577
3715	1586
3716	1516
3717	1528
3718	1503
3719	1321
3720	1469
3721	1550
3722	1430
3723	1377
3724	1467
3725	1459
3726	1564
3727	1507
3728	1489
3729	1516
3730	1489
3731	1467
3732	1445
3733	1506
3734	1335
3735	1399
3736	1515
3737	1546
3738	1542
3739	1443
3740	1370
3741	1364
3742	1395
3743	1461
3744	1374
3745	1464
3746	1560
3747	1522
3748	1520
3749	1452
3750	1493
3751	1378
3752	1372
3753	1429
3754	1446
3755	1485
3756	1384
3757	1557
3758	1487
3759	1517
3760	1462
3761	1447
3762	1428
3763	1415
3764	1344
3765	1500
3766	1253
3767	1535
3768	1481
3769	1540
3770	1386
3771	1461
3772	1483
3773	1312
3774	1552
3775	1353
3776	1342
3777	1437
3778	1298
3779	1385
3780	1323
3781	1433
3782	1439
3783	1349
3784	1430
3785	1352
3786	1453
3787	1379
3788	1463
3789	1382
3790	1489
3791	1277
3792	1420
3793	1357
3794	1317
3795	1362
3796	1313
3797	1229
3798	1260
3799	1369
3800	1278
3801	1459
3802	1351
3803	1353
3804	1313
3805	1365
3806	1313
3807	1471
3808	1316
3809	1284
3810	1227
3811	1293
3812	1298
3813	1235
3814	1326
3815	1385
3816	1382
3817	1329
3818	1305
3819	1258
3820	1367
3821	1248
3822	1135
3823	1270
3824	1298
3825	1318
3826	1345
3827	1198
3828	1267
3829	1331
3830	1132
3831	1127
3832	1249
3833	1234
3834	1209
3835	1244
3836	1246
3837	1211
3838	1122
3839	1321
3840	1252
3841	1240
3842	1215
3843	1233
3844	1270
3845	1129
3846	1256
3847	1181
3848	1160
3849	1177
3850	1166
3851	1226
3852	1229
3853	1218
3854	1332
3855	1263
3856	1270
3857	1295
3858	1180
3859	1330
3860	1195
3861	1253
3862	1197
3863	1308
3864	1264
3865	1214
3866	1231
3867	1195
3868	1257
3869	1152
3870	1185
3871	1168
3872	1307
3873	1232
3874	1105
3875	1217
3876	1288
3877	1110
3878	1264
3879	1244
3880	1243
3881	1276
3882	1245
3883	1084
3884	1239
3885	1257
3886	1192
3887	1271
3888	1226
3889	1322
3890	1224
3891	1215
3892	1226
3893	1208
3894	1230
3895	1314
3896	1208
3897	1355
3898	1327
3899	1247
3900	1328
3901	1306
3902	1382
3903	1309
3904	1190
3905	1401
3906	1222
3907	1420
3908	1294
3909	1244
3910	1233
3911	1374
3912	1239
3913	1344
3914	1420
3915	1356
3916	1215
3917	1385
3918	1385
3919	1239
3920	1382
3921	1342
3922	1430
3923	1374
3924	1402
3925	1327
3926	1244
3927	1333
3928	1287
3929	1270
3930	1328
3931	1408
3932	1443
3933	1342
3934	1372
3935	1314
3936	1271
3937	1275
3938	1541
3939	1290
3940	1250
3941	1320
3942	1328
3943	1328
3944	1379
3945	1274
3946	1520
3947	1355
3948	1333
3949	1349
3950	1298
3951	1239
3952	1451
3953	1309
3954	1425
3955	1331
3956	1247
3957	1304
3958	1407
3959	1251
3960	1332
3961	1429
3962	1339
3963	1276
3964	1393
3965	1216
3966	1381
3967	1299
3968	1264
3969	1324
3970	1226
3971	1265
3972	1374
3973	1411
3974	1428
3975	1335
3976	1371
3977	1379
3978	1410
3979	1347
3980	1347
3981	1392
3982	1395
3983	1420
3984	1327
3985	1327
3986	1266
3987	1280
3988	1312
3989	1232
3990	1362
3991	1278
3992	1299
3993	1363
3994	1312
3995	1155
3996	1182
3997	1181
3998	1243
3999	1242
4000	1336
4001	1306
4002	1340
4003	1300
4004	1252
4005	1207
4006	1264
4007	1216
4008	1288
4009	1299
4010	1311
4011	1277
4012	1265
4013	1176
4014	1313
4015	1244
4016	1214
4017	1165
4018	1260
4019	1326
4020	1292
4021	1264
4022	1329
4023	1229
4024	1244
4025	1376
4026	1218
4027	1333
4028	1258
4029	1202
4030	1255
4031	1220
4032	1303
4033	1345
4034	1195
4035	1307
4036	1223
4037	1170
4038	1248
4039	1136
4040	1195
4041	1258
4042	1207
4043	1244
4044	1191
4045	1280
4046	1235
4047	1264
4048	1312
4049	1222
4050	1197
4051	1171
4052	1230
4053	1321
4054	1267
4055	1167
4056	1244
4057	1140
4058	1291
4059	1283
4060	1233
4061	1176
4062	1093
4063	1079
4064	1270
4065	1308
4066	1260
4067	1175
4068	1322
4069	1242
4070	1253
4071	1332
4072	1093
4073	1243
4074	1221
4075	1207
4076	1165
4077	1230
4078	1061
4079	1138
4080	1291
4081	1224
4082	1172
4083	1136
4084	1188
4085	1193
4086	1172
4087	1171
4088	1198
4089	1213
4090	1271
4091	1100
4092	1253
4093	1272
4094	1210
4095	1213
4096	1285
4097	1253
4098	1238
4099	1232
4100	1203
4101	1160
4102	1306
4103	1283
4104	1276
4105	1265
4106	1249
4107	1155
4108	1207
4109	1163
4110	1173
4111	1281
4112	1083
4113	1240
4114	1225
4115	1144
4116	1180
4117	1159
4118	1241
4119	1242
4120	1219
4121	1251
4122	1272
4123	1186
4124	1280
4125	1262
4126	1248
4127	1203
4128	1248
4129	1225
4130	1089
4131	1221
4132	1208
4133	1136
4134	1243
4135	1212
4136	1202
4137	1080
4138	1322
4139	1195
4140	1216
4141	1151
4142	1158
4143	1170
4144	1183
4145	1206
4146	1211
4147	1181
4148	1159
4149	1188
4150	1217
4151	1159
4152	1193
4153	1262
4154	1167
4155	1248
4156	1066
4157	1204
4158	1242
4159	1110
4160	1108
4161	1218
4162	1221
4163	1147
4164	1108
4165	1204
4166	1097
4167	1248
4168	1196
4169	1152
4170	1122
4171	1053
4172	1161
4173	1162
4174	1177
4175	1130
4176	1193
4177	1105
4178	1119
4179	1175
4180	1016
4181	1158
4182	1259
4183	1137
4184	1262
4185	1165
4186	1209
4187	1185
4188	1164
4189	1068
4190	1197
4191	1143
4192	1112
4193	1190
4194	992
4195	1130
4196	1146
4197	1132
4198	1066
4199	1266
4200	1067
4201	1210
4202	1065
4203	947
4204	1139
4205	1216
4206	1158
4207	1080
4208	1133
4209	1199
4210	1084
4211	1151
4212	1053
4213	1083
4214	1069
4215	1073
4216	1218
4217	1070
4218	1140
4219	1185
4220	1055
4221	1057
4222	1184
4223	1108
4224	1043
4225	1069
4226	1183
4227	1118
4228	1260
4229	1052
4230	1126
4231	1104
4232	1200
4233	1198
4234	1223
4235	1171
4236	1198
4237	1227
4238	1095
4239	1175
4240	1166
4241	1205
4242	1060
4243	1179
4244	1139
4245	1175
4246	1123
4247	1110
4248	1138
4249	1138
4250	1138
4251	1221
4252	1128
4253	1194
4254	1176
4255	1199
4256	1138
4257	1207
4258	1159
4259	1086
4260	1059
4261	1219
4262	1081
4263	1324
4264	1228
4265	1096
4266	1144
4267	1131
4268	1148
4269	994
4270	1243
4271	1065
4272	1116
4273	1232
4274	1216
4275	1205
4276	1319
4277	1117
4278	1264
4279	1138
4280	1242
4281	1180
4282	1207
4283	1137
4284	1163
4285	1094
4286	1233
4287	1089
4288	1094
4289	1040
4290	1069
4291	1213
4292	1232
4293	1227
4294	1238
4295	1236
4296	1140
4297	1172
4298	1167
4299	1248
4300	1244
4301	1119
4302	1241
4303	1232
4304	1200
4305	1214
4306	1082
4307	1209
4308	1216
4309	1084
4310	1169
4311	1092
4312	1216
4313	1145
4314	1082
4315	1137
4316	1203
4317	983
4318	1151
4319	1095
4320	1049
4321	1025
4322	1177
4323	1238
4324	1141
4325	1132
4326	1157
4327	1068
4328	1058
4329	1151
4330	1145
4331	1040
4332	1188
4333	1221
4334	1040
4335	1149
4336	1208
4337	1143
4338	1038
4339	1094
4340	1056
4341	1152
4342	1054
4343	1050
4344	1097
4345	1126
4346	1009
4347	1164
4348	1030
4349	1075
4350	1126
4351	1071
4352	1040
4353	970
4354	1146
4355	1007
4356	1108
4357	1068
4358	926
4359	982
4360	1128
4361	1076
4362	1007
4363	1106
4364	1087
4365	1046
4366	1064
4367	1090
4368	1092
4369	1095
4370	1080
4371	1024
4372	1075
4373	1085
4374	1171
4375	1098
4376	1202
4377	1044
4378	997
4379	1099
4380	1068
4381	1046
4382	1020
4383	965
4384	1001
4385	972
4386	944
4387	945
4388	1082
4389	1076
4390	1017
4391	1008
4392	1049
4393	1113
4394	1011
4395	991
4396	1017
4397	982
4398	950
4399	1037
4400	984
4401	1045
4402	1052
4403	971
4404	1113
4405	1004
4406	938
4407	1030
4408	965
4409	1002
4410	1043
4411	983
4412	1178
4413	1144
4414	1023
4415	1029
4416	1042
4417	964
4418	1077
4419	948
4420	1001
4421	986
4422	1002
4423	946
4424	978
4425	1012
4426	1083
4427	1022
4428	1040
4429	933
4430	1008
4431	1121
4432	1025
4433	1081
4434	1027
4435	901
4436	964
4437	967
4438	987
4439	988
4440	1000
4441	980
4442	925
4443	982
4444	941
4445	965
4446	979
4447	987
4448	952
4449	1044
4450	932
4451	857
4452	996
4453	844
4454	1108
4455	1014
4456	940
4457	938
4458	1006
4459	968
4460	958
4461	966
4462	910
4463	954
4464	879
4465	876
4466	968
4467	864
4468	875
4469	930
4470	943
4471	854
4472	888
4473	959
4474	968
4475	911
4476	921
4477	1045
4478	979
4479	904
4480	897
4481	905
4482	1048
4483	856
4484	1011
4485	894
4486	989
4487	911
4488	995
4489	920
4490	1016
4491	947
4492	1111
4493	920
4494	995
4495	981
4496	1007
4497	845
4498	910
4499	958
4500	982
4501	928
4502	1000
4503	1091
4504	947
4505	960
4506	1007
4507	967
4508	874
4509	896
4510	989
4511	974
4512	1061
4513	996
4514	938
4515	795
4516	963
4517	877
4518	932
4519	964
4520	966
4521	923
4522	1015
4523	974
4524	1005
4525	886
4526	986
4527	949
4528	1048
4529	914
4530	957
4531	995
4532	881
4533	908
4534	942
4535	972
4536	1022
4537	1016
4538	975
4539	1001
4540	889
4541	866
4542	984
4543	859
4544	919
4545	878
4546	931
4547	935
4548	986
4549	906
4550	950
4551	920
4552	911
4553	1041
4554	980
4555	965
4556	892
4557	873
4558	906
4559	926
4560	914
4561	863
4562	920
4563	905
4564	814
4565	983
4566	860
4567	883
4568	925
4569	909
4570	989
4571	909
4572	954
4573	941
4574	982
4575	943
4576	1063
4577	921
4578	935
4579	892
4580	942
4581	900
4582	963
4583	893
4584	968
4585	841
4586	842
4587	996
4588	956
4589	925
4590	912
4591	950
4592	924
4593	970
4594	982
4595	946
4596	830
4597	909
4598	899
4599	831
4600	928
4601	877
4602	849
4603	944
4604	854
4605	921
4606	960
4607	973
4608	960
4609	930
4610	925
4611	847
4612	901
4613	865
4614	942
4615	1045
4616	874
4617	898
4618	986
4619	998
4620	998
4621	928
4622	925
4623	1048
4624	1020
4625	977
4626	1064
4627	1010
4628	1025
4629	1112
4630	958
4631	1116
4632	1165
4633	1026
4634	1021
4635	975
4636	1087
4637	1121
4638	1059
4639	1063
4640	1057
4641	939
4642	1065
4643	1043
4644	956
4645	1053
4646	1004
4647	1045
4648	930
4649	1004
4650	1114
4651	1000
4652	954
4653	919
4654	1029
4655	1075
4656	928
4657	1003
4658	1038
4659	1011
4660	1026
4661	1058
4662	989
4663	1047
4664	978
4665	1035
4666	1003
4667	965
4668	958
4669	1043
4670	982
4671	943
4672	1040
4673	1010
4674	1031
4675	983
4676	946
4677	1037
4678	990
4679	911
4680	977
4681	1006
4682	923
4683	940
4684	896
4685	1041
4686	915
4687	1123
4688	1033
4689	866
4690	910
4691	902
4692	995
4693	992
4694	970
4695	994
4696	991
4697	871
4698	942
4699	969
4700	1010
4701	910
4702	989
4703	941
4704	916
4705	925
4706	958
4707	1032
4708	990
4709	919
4710	947
4711	951
4712	1008
4713	961
4714	1039
4715	931
4716	1001
4717	985
4718	954
4719	967
4720	891
4721	859
4722	895
4723	928
4724	927
4725	979
4726	1031
4727	908
4728	947
4729	929
4730	931
4731	1032
4732	972
4733	923
4734	913
4735	995
4736	888
4737	905
4738	1061
4739	952
4740	1030
4741	952
4742	874
4743	957
4744	992
4745	947
4746	989
4747	963
4748	987
4749	956
4750	930
4751	892
4752	932
4753	969
4754	934
4755	928
4756	988
4757	909
4758	972
4759	955
4760	1048
4761	993
4762	1042
4763	949
4764	977
4765	900
4766	1030
4767	870
4768	1012
4769	1000
4770	1081
4771	1101
4772	1067
4773	986
4774	1104
4775	996
4776	1168
4777	947
4778	993
4779	1094
4780	975
4781	1004
4782	998
4783	964
4784	1028
4785	1066
4786	953
4787	1042
4788	1046
4789	972
4790	1063
4791	1000
4792	983
4793	1066
4794	1039
4795	1022
4796	1070
4797	1017
4798	979
4799	1060
4800	1102
4801	1131
4802	1035
4803	1049
4804	986
4805	944
4806	1023
4807	1001
4808	934
4809	1086
4810	1076
4811	1064
4812	997
4813	1084
4814	1010
4815	1042
4816	1036
4817	1101
4818	1004
4819	925
4820	992
4821	1003
4822	1111
4823	973
4824	983
4825	1024
4826	1084
4827	925
4828	972
4829	988
4830	1010
4831	951
4832	1073
4833	1010
4834	943
4835	1078
4836	1110
4837	1075
4838	1060
4839	998
4840	1037
4841	1048
4842	1075
4843	1056
4844	964
4845	1011
4846	956
4847	1081
4848	1075
4849	896
4850	984
4851	964
4852	857
4853	826
4854	1080
4855	1011
4856	899
4857	951
4858	872
4859	965
4860	994
4861	881
4862	927
4863	928
4864	947
4865	973
4866	877
4867	910
4868	905
4869	953
4870	945
4871	795
4872	886
4873	815
4874	913
4875	893
4876	856
4877	910
4878	999
4879	937
4880	971
4881	972
4882	990
4883	979
4884	949
4885	873
4886	956
4887	873
4888	880
4889	1008
4890	875
4891	931
4892	922
4893	927
4894	955
4895	888
4896	773
4897	898
4898	929
4899	1001
4900	890
4901	842
4902	802
4903	900
4904	820
4905	867
4906	951
4907	921
4908	1038
4909	858
4910	1005
4911	943
4912	894
4913	933
4914	913
4915	940
4916	948
4917	923
4918	1003
4919	820
4920	844
4921	870
4922	962
4923	794
4924	897
4925	963
4926	845
4927	950
4928	791
4929	928
4930	862
4931	948
4932	941
4933	936
4934	863
4935	927
4936	801
4937	889
4938	897
4939	880
4940	922
4941	961
4942	812
4943	828
4944	942
4945	863
4946	993
4947	982
4948	901
4949	928
4950	987
4951	845
4952	941
4953	924
4954	854
4955	912
4956	843
4957	921
4958	848
4959	1015
4960	929
4961	990
4962	884
4963	982
4964	944
4965	1008
4966	919
4967	888
4968	941
4969	910
4970	903
4971	934
4972	888
4973	868
4974	917
4975	947
4976	872
4977	877
4978	884
4979	882
4980	934
4981	907
4982	926
4983	902
4984	873
4985	853
4986	919
4987	936
4988	891
4989	908
4990	938
4991	843
4992	857
4993	789
4994	904
4995	848
4996	895
4997	859
4998	911
4999	928
5000	864
5001	795
5002	1009
5003	972
5004	923
5005	943
5006	916
5007	978
5008	921
5009	864
5010	965
5011	973
5012	888
5013	911
5014	874
5015	957
5016	845
5017	858
5018	915
5019	738
5020	860
5021	946
5022	908
5023	912
5024	949
5025	853
5026	862
5027	811
5028	876
5029	927
5030	905
5031	840
5032	933
5033	916
5034	878
5035	847
5036	889
5037	902
5038	924
5039	837
5040	790
5041	791
5042	846
5043	955
5044	856
5045	887
5046	842
5047	843
5048	851
5049	926
5050	895
5051	870
5052	830
5053	822
5054	852
5055	839
5056	766
5057	840
5058	900
5059	824
5060	787
5061	939
5062	829
5063	777
5064	841
5065	802
5066	834
5067	838
5068	858
5069	852
5070	893
5071	845
5072	832
5073	930
5074	844
5075	912
5076	911
5077	847
5078	824
5079	828
5080	907
5081	855
5082	935
5083	814
5084	910
5085	809
5086	880
5087	805
5088	861
5089	891
5090	897
5091	845
5092	844
5093	717
5094	973
5095	740
5096	781
5097	853
5098	774
5099	849
5100	782
5101	753
5102	763
5103	774
5104	741
5105	833
5106	758
5107	765
5108	896
5109	804
5110	765
5111	868
5112	828
5113	894
5114	833
5115	762
5116	899
5117	756
5118	884
5119	825
5120	899
5121	790
5122	811
5123	805
5124	742
5125	783
5126	895
5127	732
5128	780
5129	797
5130	820
5131	811
5132	889
5133	786
5134	816
5135	881
5136	791
5137	833
5138	779
5139	794
5140	777
5141	774
5142	793
5143	761
5144	875
5145	885
5146	701
5147	881
5148	792
5149	781
5150	755
5151	820
5152	768
5153	714
5154	739
5155	761
5156	829
5157	870
5158	800
5159	843
5160	790
5161	878
5162	758
5163	713
5164	773
5165	783
5166	788
5167	752
5168	834
5169	881
5170	764
5171	754
5172	755
5173	781
5174	853
5175	775
5176	800
5177	822
5178	760
5179	732
5180	745
5181	748
5182	710
5183	839
5184	775
5185	888
5186	767
5187	845
5188	784
5189	849
5190	695
5191	704
5192	803
5193	730
5194	784
5195	848
5196	816
5197	820
5198	780
5199	784
5200	856
5201	782
5202	780
5203	845
5204	880
5205	850
5206	760
5207	816
5208	735
5209	798
5210	780
5211	885
5212	758
5213	823
5214	782
5215	931
5216	872
5217	869
5218	816
5219	810
5220	832
5221	814
5222	826
5223	768
5224	795
5225	848
5226	756
5227	748
5228	864
5229	993
5230	800
5231	834
5232	806
5233	816
5234	773
5235	812
5236	799
5237	807
5238	881
5239	847
5240	783
5241	807
5242	813
5243	790
5244	937
5245	857
5246	824
5247	795
5248	807
5249	794
5250	808
5251	896
5252	852
5253	840
5254	858
5255	841
5256	773
5257	758
5258	828
5259	806
5260	851
5261	926
5262	787
5263	801
5264	742
5265	738
5266	729
5267	863
5268	813
5269	812
5270	796
5271	809
5272	758
5273	765
5274	756
5275	771
5276	772
5277	835
5278	737
5279	737
5280	758
5281	802
5282	794
5283	706
5284	720
5285	689
5286	828
5287	859
5288	760
5289	772
5290	747
5291	770
5292	812
5293	733
5294	677
5295	734
5296	784
5297	754
5298	789
5299	692
5300	898
5301	739
5302	715
5303	719
5304	843
5305	725
5306	801
5307	759
5308	782
5309	736
5310	707
5311	835
5312	726
5313	835
5314	700
5315	723
5316	830
5317	857
5318	771
5319	761
5320	798
5321	787
5322	741
5323	810
5324	749
5325	832
5326	758
5327	776
5328	751
5329	750
5330	831
5331	799
5332	692
5333	719
5334	736
5335	716
5336	730
5337	799
5338	652
5339	778
5340	676
5341	792
5342	660
5343	712
5344	715
5345	612
5346	766
5347	853
5348	746
5349	631
5350	759
5351	765
5352	748
5353	738
5354	738
5355	715
5356	784
5357	771
5358	787
5359	778
5360	840
5361	744
5362	719
5363	807
5364	721
5365	782
5366	685
5367	842
5368	779
5369	779
5370	767
5371	716
5372	784
5373	810
5374	788
5375	805
5376	795
5377	779
5378	880
5379	782
5380	808
5381	787
5382	703
5383	835
5384	791
5385	683
5386	690
5387	711
5388	771
5389	789
5390	852
5391	843
5392	711
5393	780
5394	808
5395	779
5396	794
5397	825
5398	794
5399	751
5400	827
5401	805
5402	764
5403	816
5404	804
5405	759
5406	748
5407	763
5408	744
5409	802
5410	776
5411	779
5412	758
5413	685
5414	699
5415	779
5416	730
5417	784
5418	887
5419	877
5420	880
5421	797
5422	689
5423	779
5424	765
5425	746
5426	814
5427	787
5428	796
5429	789
5430	832
5431	808
5432	773
5433	815
5434	755
5435	807
5436	788
5437	849
5438	719
5439	839
5440	884
5441	928
5442	806
5443	807
5444	825
5445	797
5446	751
5447	756
5448	834
5449	877
5450	822
5451	790
5452	791
5453	771
5454	742
5455	740
5456	842
5457	924
5458	959
5459	817
5460	830
5461	837
5462	907
5463	869
5464	860
5465	954
5466	844
5467	896
5468	905
5469	901
5470	837
5471	820
5472	833
5473	915
5474	900
5475	827
5476	940
5477	940
5478	873
5479	854
5480	789
5481	891
5482	890
5483	743
5484	893
5485	900
5486	845
5487	936
5488	983
5489	897
5490	801
5491	899
5492	906
5493	819
5494	917
5495	898
5496	905
5497	979
5498	1007
5499	878
5500	810
5501	806
5502	869
5503	774
5504	911
5505	815
5506	842
5507	901
5508	862
5509	827
5510	842
5511	983
5512	850
5513	818
5514	865
5515	856
5516	864
5517	860
5518	847
5519	954
5520	823
5521	818
5522	844
5523	878
5524	910
5525	815
5526	806
5527	868
5528	893
5529	837
5530	828
5531	852
5532	932
5533	898
5534	919
5535	938
5536	891
5537	828
5538	754
5539	889
5540	918
5541	866
5542	887
5543	844
5544	891
5545	837
5546	885
5547	768
5548	843
5549	857
5550	865
5551	726
5552	764
5553	848
5554	893
5555	814
5556	885
5557	847
5558	916
5559	888
5560	935
5561	857
5562	875
5563	900
5564	775
5565	758
5566	879
5567	865
5568	816
5569	837
5570	850
5571	765
5572	834
5573	865
5574	824
5575	871
5576	762
5577	811
5578	866
5579	783
5580	793
5581	799
5582	865
5583	810
5584	815
5585	783
5586	853
5587	866
5588	802
5589	824
5590	823
5591	885
5592	912
5593	842
5594	836
5595	755
5596	873
5597	849
5598	863
5599	881
5600	876
5601	776
5602	886
5603	873
5604	761
5605	877
5606	839
5607	877
5608	916
5609	919
5610	784
5611	881
5612	840
5613	831
5614	892
5615	885
5616	865
5617	808
5618	832
5619	795
5620	828
5621	965
5622	849
5623	840
5624	815
5625	804
5626	821
5627	753
5628	733
5629	803
5630	870
5631	919
5632	923
5633	923
5634	844
5635	882
5636	771
5637	872
5638	773
5639	825
5640	837
5641	912
5642	907
5643	808
5644	845
5645	859
5646	959
5647	847
5648	830
5649	813
5650	977
5651	882
5652	782
5653	899
5654	816
5655	848
5656	865
5657	850
5658	888
5659	863
5660	912
5661	869
5662	893
5663	835
5664	871
5665	856
5666	831
5667	804
5668	879
5669	800
5670	828
5671	791
5672	805
5673	727
5674	871
5675	848
5676	756
5677	791
5678	813
5679	732
5680	847
5681	911
5682	816
5683	799
5684	734
5685	837
5686	796
5687	745
5688	845
5689	872
5690	795
5691	820
5692	883
5693	771
5694	857
5695	774
5696	837
5697	758
5698	798
5699	722
5700	801
5701	759
5702	745
5703	757
5704	752
5705	858
5706	853
5707	768
5708	748
5709	788
5710	809
5711	755
5712	728
5713	693
5714	749
5715	775
5716	718
5717	838
5718	729
5719	735
5720	642
5721	671
5722	687
5723	768
5724	660
5725	713
5726	847
5727	739
5728	701
5729	752
5730	765
5731	722
5732	754
5733	744
5734	750
5735	711
5736	642
5737	750
5738	714
5739	678
5740	738
5741	736
5742	740
5743	740
5744	772
5745	745
5746	682
5747	758
5748	724
5749	787
5750	710
5751	709
5752	781
5753	695
5754	727
5755	822
5756	719
5757	771
5758	765
5759	691
5760	687
5761	751
5762	709
5763	732
5764	664
5765	844
5766	733
5767	770
5768	730
5769	796
5770	704
5771	782
5772	756
5773	711
5774	745
5775	774
5776	675
5777	691
5778	676
5779	655
5780	728
5781	735
5782	716
5783	719
5784	698
5785	794
5786	792
5787	703
5788	679
5789	621
5790	715
5791	736
5792	783
5793	743
5794	760
5795	789
5796	677
5797	736
5798	713
5799	813
5800	703
5801	734
5802	687
5803	662
5804	784
5805	723
5806	697
5807	633
5808	703
5809	733
5810	769
5811	636
5812	724
5813	709
5814	700
5815	707
5816	801
5817	603
5818	641
5819	681
5820	684
5821	673
5822	660
5823	658
5824	774
5825	638
5826	681
5827	654
5828	758
5829	682
5830	747
5831	766
5832	724
5833	680
5834	743
5835	696
5836	715
5837	701
5838	694
5839	710
5840	684
5841	689
5842	715
5843	695
5844	705
5845	706
5846	743
5847	755
5848	734
5849	742
5850	699
5851	760
5852	699
5853	772
5854	672
5855	706
5856	706
5857	680
5858	649
5859	670
5860	707
5861	732
5862	729
5863	727
5864	656
5865	634
5866	764
5867	752
5868	742
5869	756
5870	716
5871	702
5872	646
5873	638
5874	711
5875	646
5876	700
5877	582
5878	730
5879	654
5880	684
5881	624
5882	677
5883	728
5884	720
5885	728
5886	673
5887	689
5888	686
5889	741
5890	626
5891	586
5892	643
5893	670
5894	692
5895	669
5896	685
5897	657
5898	683
5899	663
5900	617
5901	705
5902	757
5903	662
5904	751
5905	625
5906	720
5907	668
5908	662
5909	681
5910	635
5911	648
5912	654
5913	679
5914	631
5915	675
5916	636
5917	649
5918	639
5919	613
5920	654
5921	693
5922	663
5923	655
5924	775
5925	684
5926	657
5927	627
5928	726
5929	705
5930	683
5931	646
5932	688
5933	659
5934	740
5935	648
5936	618
5937	724
5938	692
5939	667
5940	661
5941	591
5942	629
5943	655
5944	668
5945	665
5946	609
5947	656
5948	621
5949	651
5950	680
5951	663
5952	642
5953	715
5954	732
5955	655
5956	641
5957	656
5958	628
5959	648
5960	608
5961	712
5962	630
5963	571
5964	679
5965	693
5966	655
5967	714
5968	637
5969	644
5970	717
5971	687
5972	658
5973	660
5974	710
5975	676
5976	641
5977	728
5978	671
5979	711
5980	760
5981	640
5982	674
5983	691
5984	682
5985	652
5986	685
5987	619
5988	747
5989	711
5990	648
5991	670
5992	712
5993	778
5994	661
5995	661
5996	687
5997	688
5998	655
5999	641
6000	609
6001	641
6002	736
6003	638
6004	652
6005	681
6006	744
6007	737
6008	682
6009	696
6010	604
6011	683
6012	707
6013	702
6014	724
6015	639
6016	639
6017	711
6018	778
6019	654
6020	733
6021	722
6022	682
6023	698
6024	633
6025	659
6026	706
6027	662
6028	697
6029	652
6030	683
6031	645
6032	709
6033	707
6034	745
6035	729
6036	660
6037	707
6038	702
6039	610
6040	710
6041	680
6042	710
6043	643
6044	669
6045	723
6046	676
6047	779
6048	671
6049	630
6050	625
6051	703
6052	680
6053	644
6054	669
6055	641
6056	628
6057	698
6058	651
6059	621
6060	605
6061	676
6062	709
6063	686
6064	665
6065	662
6066	620
6067	704
6068	688
6069	678
6070	717
6071	691
6072	605
6073	683
6074	593
6075	670
6076	615
6077	685
6078	683
6079	633
6080	667
6081	628
6082	642
6083	643
6084	655
6085	611
6086	624
6087	665
6088	659
6089	690
6090	653
6091	622
6092	688
6093	709
6094	637
6095	699
6096	698
6097	761
6098	652
6099	634
6100	646
6101	573
6102	600
6103	618
6104	682
6105	591
6106	652
6107	664
6108	586
6109	669
6110	663
6111	648
6112	680
6113	665
6114	547
6115	730
6116	670
6117	680
6118	663
6119	617
6120	660
6121	692
6122	635
6123	597
6124	578
6125	623
6126	619
6127	602
6128	611
6129	659
6130	718
6131	635
6132	650
6133	615
6134	658
6135	566
6136	619
6137	663
6138	610
6139	623
6140	604
6141	639
6142	643
6143	625
6144	650
6145	660
6146	554
6147	551
6148	635
6149	581
6150	624
6151	652
6152	622
6153	614
6154	568
6155	665
6156	627
6157	610
6158	630
6159	581
6160	571
6161	589
6162	629
6163	614
6164	617
6165	591
6166	646
6167	576
6168	567
6169	590
6170	581
6171	634
6172	571
6173	631
6174	638
6175	542
6176	590
6177	584
6178	651
6179	551
6180	620
6181	537
6182	559
6183	635
6184	655
6185	553
6186	533
6187	479
6188	633
6189	595
6190	684
6191	560
6192	519
6193	571
6194	605
6195	565
6196	602
6197	667
6198	539
6199	540
6200	613
6201	584
6202	557
6203	544
6204	579
6205	571
6206	541
6207	546
6208	572
6209	648
6210	564
6211	554
6212	623
6213	572
6214	656
6215	574
6216	516
6217	585
6218	542
6219	543
6220	539
6221	553
6222	556
6223	580
6224	562
6225	474
6226	515
6227	671
6228	585
6229	637
6230	633
6231	698
6232	546
6233	584
6234	585
6235	607
6236	596
6237	578
6238	580
6239	606
6240	534
6241	622
6242	611
6243	599
6244	711
6245	615
6246	639
6247	548
6248	612
6249	619
6250	528
6251	595
6252	634
6253	579
6254	592
6255	647
6256	609
6257	640
6258	604
6259	672
6260	680
6261	557
6262	642
6263	599
6264	594

