## htsjdk.samtools.metrics.StringHeader
# CollectInsertSizeMetrics HISTOGRAM_FILE=/work/ugbogu/pipeline/data/nbl/GSE189367/results/picard/SRR17010982_insert_size_histogram.pdf MINIMUM_PCT=0.5 INPUT=/work/ugbogu/pipeline/data/nbl/GSE189367/results/star/SRR17010982.Aligned.sortedByCoord.out.bam OUTPUT=/work/ugbogu/pipeline/data/nbl/GSE189367/results/picard/SRR17010982_insert_size_metrics.txt    DEVIATIONS=10.0 METRIC_ACCUMULATION_LEVEL=[ALL_READS] INCLUDE_DUPLICATES=false ASSUME_SORTED=true STOP_AFTER=0 VERBOSITY=INFO QUIET=false VALIDATION_STRINGENCY=STRICT COMPRESSION_LEVEL=5 MAX_RECORDS_IN_RAM=500000 CREATE_INDEX=false CREATE_MD5_FILE=false USE_JDK_DEFLATER=false USE_JDK_INFLATER=false
## htsjdk.samtools.metrics.StringHeader
# Started on: Fri Apr 10 10:17:12 UTC 2026

## METRICS CLASS	picard.analysis.InsertSizeMetrics
MEDIAN_INSERT_SIZE	MODE_INSERT_SIZE	MEDIAN_ABSOLUTE_DEVIATION	MIN_INSERT_SIZE	MAX_INSERT_SIZE	MEAN_INSERT_SIZE	STANDARD_DEVIATION	READ_PAIRS	PAIR_ORIENTATION	WIDTH_OF_10_PERCENT	WIDTH_OF_20_PERCENT	WIDTH_OF_30_PERCENT	WIDTH_OF_40_PERCENT	WIDTH_OF_50_PERCENT	WIDTH_OF_60_PERCENT	WIDTH_OF_70_PERCENT	WIDTH_OF_80_PERCENT	WIDTH_OF_90_PERCENT	WIDTH_OF_95_PERCENT	WIDTH_OF_99_PERCENT	SAMPLE	LIBRARY	READ_GROUP
590	133	467	24	3321093	977.205062	1226.033862	23174468	FR	445	701	817	885	935	1237	3219	7043	19503	60177	154443			

## HISTOGRAM	java.lang.Integer
insert_size	All_Reads.fr_count
24	2
25	3
26	1
28	2
29	3
30	3
31	4
32	9
33	10
34	20
35	195
36	216
37	251
38	295
39	282
40	270
41	333
42	290
43	329
44	334
45	309
46	395
47	450
48	433
49	531
50	560
51	579
52	583
53	638
54	618
55	710
56	740
57	797
58	961
59	1028
60	1136
61	1238
62	1383
63	1467
64	1538
65	1565
66	1838
67	2146
68	2241
69	2507
70	2832
71	3004
72	3238
73	3816
74	4054
75	5981
76	5456
77	5473
78	6473
79	6922
80	7529
81	7946
82	8373
83	9777
84	10840
85	11168
86	12335
87	13173
88	14439
89	15602
90	16631
91	18212
92	20483
93	21740
94	24004
95	26173
96	27840
97	30529
98	32567
99	35533
100	36592
101	38565
102	40474
103	42636
104	46603
105	49867
106	51998
107	54064
108	55620
109	58741
110	60232
111	61561
112	63993
113	66811
114	67574
115	70210
116	71594
117	74487
118	77192
119	77395
120	80151
121	82977
122	82183
123	83861
124	86991
125	85696
126	85402
127	87597
128	87382
129	87343
130	88305
131	88710
132	87291
133	90986
134	90772
135	89080
136	90538
137	89388
138	87694
139	88367
140	88307
141	87821
142	86209
143	85876
144	84427
145	83873
146	82609
147	82829
148	81557
149	80837
150	78112
151	81034
152	78262
153	79279
154	76976
155	76196
156	76142
157	73967
158	73933
159	70823
160	70505
161	69218
162	68199
163	66655
164	65369
165	63737
166	63918
167	63638
168	62831
169	62039
170	63040
171	60055
172	59799
173	58825
174	56698
175	56761
176	56569
177	54531
178	54592
179	53296
180	52419
181	52348
182	51385
183	49806
184	49432
185	48297
186	47598
187	48047
188	47238
189	46276
190	45703
191	45191
192	44216
193	43560
194	42940
195	42356
196	42060
197	41082
198	41535
199	39706
200	40341
201	39339
202	39348
203	39066
204	37834
205	38469
206	37025
207	36935
208	36670
209	35819
210	35038
211	34859
212	34853
213	34490
214	33416
215	32983
216	33016
217	32648
218	32375
219	31775
220	31625
221	31010
222	30043
223	30542
224	29696
225	29606
226	29238
227	29539
228	29001
229	28465
230	28400
231	28108
232	28082
233	27808
234	27569
235	27056
236	26627
237	25503
238	25800
239	25443
240	25332
241	24527
242	24730
243	24211
244	24112
245	23928
246	23425
247	23094
248	22622
249	22455
250	22656
251	22688
252	22128
253	22044
254	21447
255	20870
256	21218
257	20868
258	20815
259	20686
260	20306
261	20035
262	20345
263	20064
264	19200
265	19328
266	18767
267	18500
268	18725
269	18866
270	18445
271	18252
272	17855
273	18008
274	17461
275	17533
276	17295
277	17119
278	16923
279	16954
280	16491
281	16345
282	16576
283	16519
284	16127
285	15387
286	15508
287	15497
288	15137
289	15174
290	14829
291	14789
292	14865
293	14808
294	14377
295	14167
296	13735
297	13918
298	13778
299	13327
300	13657
301	13524
302	13555
303	13175
304	13687
305	13106
306	12849
307	12760
308	12980
309	12695
310	12435
311	12328
312	12295
313	12229
314	12157
315	12291
316	11880
317	11810
318	11512
319	11420
320	11387
321	11522
322	11316
323	11162
324	11490
325	11000
326	10862
327	10931
328	10699
329	10673
330	10324
331	10651
332	10413
333	10159
334	10922
335	10544
336	10171
337	10093
338	10353
339	10235
340	9851
341	9966
342	9810
343	9690
344	9803
345	9610
346	9549
347	9440
348	9506
349	9412
350	9209
351	9380
352	9255
353	9590
354	9162
355	8885
356	8793
357	9099
358	8797
359	8912
360	8921
361	8905
362	8874
363	8683
364	8619
365	8482
366	8577
367	8669
368	8543
369	8586
370	8162
371	8290
372	8478
373	8077
374	8145
375	8134
376	8167
377	8020
378	8162
379	7777
380	8494
381	7744
382	7671
383	7826
384	7956
385	7862
386	7886
387	7635
388	7601
389	7311
390	7286
391	7117
392	7508
393	7410
394	7574
395	7503
396	7518
397	7320
398	7309
399	7266
400	7276
401	7264
402	7143
403	7137
404	6761
405	6809
406	6721
407	7055
408	6911
409	7024
410	6890
411	6761
412	6802
413	6708
414	6643
415	6699
416	6499
417	6460
418	6495
419	6560
420	6511
421	6590
422	6465
423	6388
424	6726
425	6157
426	6355
427	6391
428	6574
429	6403
430	6273
431	6220
432	6119
433	6456
434	6110
435	6122
436	6405
437	6204
438	5943
439	6383
440	6165
441	6244
442	6245
443	6186
444	6140
445	6220
446	6104
447	6117
448	6013
449	6148
450	6063
451	5908
452	6133
453	5933
454	6622
455	6117
456	5833
457	5934
458	5862
459	5975
460	5864
461	6172
462	6020
463	5970
464	5871
465	5982
466	5884
467	5909
468	5601
469	5828
470	5843
471	5724
472	5690
473	5555
474	5547
475	5552
476	5607
477	5777
478	5600
479	5755
480	5521
481	5199
482	5746
483	5701
484	5565
485	5511
486	5679
487	5635
488	5612
489	5521
490	5644
491	5670
492	5649
493	5513
494	5701
495	5561
496	5626
497	5651
498	5472
499	5675
500	5589
501	5559
502	5444
503	5678
504	5623
505	5672
506	5408
507	5704
508	5568
509	5666
510	5774
511	5479
512	5391
513	5362
514	5476
515	5504
516	5498
517	5419
518	5564
519	5504
520	5480
521	5540
522	5286
523	5698
524	5365
525	5398
526	5498
527	5386
528	5363
529	5498
530	5302
531	5339
532	5349
533	5365
534	5377
535	5539
536	5404
537	5464
538	5264
539	5466
540	5627
541	5255
542	5380
543	5323
544	5346
545	5369
546	5147
547	5143
548	5164
549	5055
550	5315
551	5230
552	5395
553	5222
554	5023
555	5255
556	5157
557	5325
558	5040
559	5158
560	5103
561	5012
562	5030
563	5420
564	5096
565	5220
566	5075
567	5022
568	5067
569	5162
570	4947
571	4887
572	4996
573	4924
574	4982
575	5113
576	4811
577	4905
578	5046
579	5111
580	5063
581	5074
582	4929
583	5117
584	4978
585	5034
586	4857
587	4910
588	4876
589	4985
590	4797
591	4767
592	4908
593	4946
594	4867
595	5054
596	4966
597	4977
598	4889
599	4885
600	5000
601	4693
602	4787
603	4810
604	4757
605	4641
606	4690
607	4627
608	4645
609	4687
610	4638
611	4778
612	4520
613	4534
614	4902
615	4663
616	4657
617	4700
618	4479
619	4511
620	4672
621	4698
622	4537
623	4674
624	4778
625	4823
626	4765
627	4785
628	4720
629	4413
630	4577
631	4639
632	4681
633	4664
634	4883
635	4884
636	4841
637	4759
638	4869
639	4760
640	4553
641	4551
642	4364
643	4748
644	4595
645	4823
646	4699
647	4703
648	4436
649	4991
650	4697
651	4446
652	4559
653	4396
654	4708
655	4498
656	4680
657	4483
658	4254
659	4615
660	4567
661	4523
662	4521
663	4545
664	4488
665	4514
666	4457
667	4404
668	4550
669	4573
670	4476
671	4485
672	4435
673	4448
674	4342
675	4333
676	4523
677	4337
678	4500
679	4472
680	4492
681	4538
682	4497
683	4344
684	4410
685	4504
686	4427
687	4465
688	4298
689	4433
690	4300
691	4532
692	4695
693	4740
694	4512
695	4536
696	4483
697	4490
698	4473
699	4625
700	4213
701	4443
702	4545
703	4567
704	4355
705	4559
706	4554
707	4359
708	4576
709	4513
710	4442
711	4533
712	4511
713	4505
714	4480
715	4501
716	4494
717	4482
718	4220
719	4427
720	4317
721	4534
722	4333
723	4398
724	4510
725	4287
726	4343
727	4213
728	4234
729	4281
730	4197
731	4380
732	4311
733	4273
734	4284
735	4447
736	4113
737	4346
738	4359
739	4334
740	4163
741	4108
742	4191
743	4367
744	4251
745	4156
746	3956
747	3883
748	3971
749	4094
750	3991
751	4180
752	4040
753	4101
754	4044
755	4221
756	4241
757	4008
758	4132
759	4182
760	4052
761	4177
762	4235
763	4253
764	4243
765	4155
766	3974
767	3866
768	4121
769	4011
770	4016
771	4144
772	4031
773	4196
774	4206
775	3990
776	3988
777	4126
778	4201
779	4059
780	4224
781	4191
782	4078
783	3955
784	4271
785	3994
786	4156
787	4403
788	4127
789	4021
790	3964
791	4120
792	4062
793	3966
794	4078
795	4180
796	4022
797	4120
798	4321
799	4167
800	3945
801	4005
802	4085
803	4035
804	4034
805	4080
806	4011
807	4072
808	3869
809	3989
810	4110
811	4039
812	3898
813	3763
814	3877
815	4065
816	4028
817	4042
818	4114
819	4025
820	3813
821	4094
822	3920
823	4043
824	3959
825	3964
826	4045
827	3996
828	4057
829	3977
830	4004
831	4020
832	3959
833	3926
834	3917
835	3971
836	4010
837	3952
838	3901
839	4017
840	4101
841	4029
842	3974
843	3788
844	4056
845	3872
846	4110
847	3902
848	3850
849	3916
850	3876
851	3662
852	3688
853	3835
854	3786
855	3884
856	3790
857	3922
858	3921
859	3851
860	4030
861	3771
862	3822
863	3871
864	4092
865	4004
866	3935
867	3945
868	3982
869	3646
870	3791
871	4022
872	3747
873	3856
874	3977
875	3690
876	3933
877	3771
878	3785
879	3903
880	3844
881	3675
882	3752
883	4026
884	3834
885	3840
886	3972
887	3730
888	3779
889	3755
890	3873
891	3618
892	3733
893	3936
894	3839
895	3930
896	3711
897	3789
898	3805
899	3745
900	3708
901	3654
902	3743
903	3812
904	3876
905	3747
906	3790
907	3696
908	3746
909	3630
910	3603
911	3641
912	3680
913	3741
914	3724
915	3717
916	3738
917	3743
918	3620
919	3786
920	3833
921	3705
922	3616
923	3751
924	3602
925	3529
926	3532
927	3765
928	3609
929	3855
930	3837
931	3538
932	3677
933	3582
934	3593
935	3770
936	3604
937	3716
938	3721
939	3633
940	3756
941	3803
942	3697
943	3489
944	3726
945	3514
946	3590
947	3496
948	3627
949	3581
950	3492
951	3509
952	3563
953	3494
954	3599
955	3647
956	3470
957	3405
958	3505
959	3374
960	3445
961	3347
962	3560
963	3517
964	3407
965	3471
966	3434
967	3523
968	3549
969	3460
970	3459
971	3424
972	3434
973	3372
974	3585
975	3419
976	3597
977	3511
978	3592
979	3342
980	3365
981	3354
982	3513
983	3449
984	3415
985	3433
986	3344
987	3562
988	3639
989	3485
990	3662
991	3336
992	3616
993	3401
994	3526
995	3407
996	3247
997	3332
998	3498
999	3495
1000	3530
1001	3416
1002	3319
1003	3384
1004	3183
1005	3308
1006	3328
1007	3320
1008	3105
1009	3321
1010	3275
1011	3384
1012	3214
1013	3295
1014	3339
1015	3361
1016	3387
1017	3328
1018	3399
1019	3392
1020	3332
1021	3256
1022	3185
1023	3192
1024	3278
1025	3226
1026	3313
1027	3222
1028	3237
1029	3253
1030	3242
1031	3122
1032	3152
1033	3055
1034	3202
1035	3192
1036	3302
1037	3210
1038	3103
1039	3250
1040	3212
1041	3110
1042	3197
1043	3176
1044	3081
1045	3141
1046	3208
1047	3065
1048	3271
1049	3203
1050	3181
1051	3027
1052	3245
1053	3263
1054	3075
1055	3315
1056	3212
1057	3155
1058	2989
1059	3220
1060	3052
1061	3078
1062	3040
1063	3122
1064	3183
1065	3044
1066	3020
1067	3120
1068	2972
1069	2961
1070	3072
1071	3133
1072	2932
1073	2820
1074	3073
1075	3052
1076	2995
1077	3168
1078	3217
1079	2833
1080	3007
1081	2916
1082	2881
1083	3058
1084	2804
1085	2859
1086	2896
1087	2990
1088	2984
1089	2942
1090	2947
1091	2948
1092	2817
1093	2774
1094	2888
1095	2991
1096	2985
1097	3082
1098	2901
1099	3059
1100	2895
1101	2915
1102	2889
1103	2949
1104	3056
1105	3021
1106	2989
1107	2990
1108	2941
1109	2928
1110	3059
1111	2992
1112	3096
1113	2953
1114	3079
1115	3046
1116	2796
1117	2893
1118	2888
1119	2883
1120	3003
1121	2914
1122	2953
1123	3077
1124	3026
1125	3023
1126	2898
1127	2968
1128	2971
1129	2874
1130	2911
1131	2866
1132	3096
1133	3098
1134	2878
1135	2817
1136	2920
1137	2931
1138	2999
1139	2888
1140	3007
1141	3012
1142	3031
1143	2992
1144	3016
1145	2950
1146	3045
1147	3034
1148	3045
1149	3041
1150	3123
1151	3155
1152	2879
1153	3107
1154	3090
1155	3023
1156	3155
1157	3106
1158	3141
1159	3044
1160	3172
1161	3125
1162	3171
1163	3022
1164	3054
1165	3262
1166	2966
1167	2985
1168	3028
1169	2953
1170	3064
1171	3046
1172	3198
1173	2995
1174	3161
1175	3082
1176	3149
1177	3019
1178	3049
1179	2901
1180	3078
1181	3246
1182	3099
1183	3127
1184	3000
1185	3099
1186	3119
1187	2983
1188	3036
1189	3032
1190	3082
1191	3024
1192	3125
1193	3147
1194	3094
1195	3002
1196	3187
1197	3018
1198	3077
1199	3130
1200	2964
1201	3036
1202	2930
1203	2948
1204	3068
1205	3091
1206	2920
1207	3040
1208	3070
1209	3047
1210	2924
1211	2959
1212	3101
1213	3003
1214	3012
1215	2863
1216	3002
1217	2931
1218	2986
1219	3064
1220	2900
1221	2843
1222	2999
1223	3029
1224	2951
1225	3019
1226	2925
1227	3046
1228	2951
1229	2990
1230	2881
1231	2976
1232	2905
1233	3105
1234	2978
1235	2986
1236	2940
1237	2974
1238	2822
1239	2929
1240	3004
1241	2956
1242	2954
1243	2849
1244	2953
1245	3021
1246	2933
1247	3102
1248	2890
1249	2887
1250	2884
1251	3049
1252	2953
1253	3105
1254	3207
1255	3194
1256	3105
1257	3087
1258	2981
1259	2919
1260	2888
1261	3185
1262	3060
1263	3169
1264	3013
1265	3208
1266	3069
1267	3080
1268	3105
1269	3043
1270	2955
1271	3033
1272	3021
1273	2996
1274	2886
1275	3012
1276	2847
1277	3001
1278	2810
1279	2969
1280	3005
1281	2891
1282	2895
1283	2768
1284	2767
1285	2844
1286	2995
1287	2978
1288	2859
1289	2798
1290	2955
1291	2753
1292	2868
1293	2839
1294	2992
1295	2826
1296	2837
1297	2855
1298	2873
1299	2976
1300	2988
1301	2836
1302	2796
1303	2861
1304	2942
1305	3057
1306	2700
1307	2744
1308	3020
1309	2825
1310	2963
1311	2802
1312	2839
1313	2717
1314	2799
1315	2896
1316	2984
1317	3010
1318	2983
1319	2862
1320	2892
1321	2723
1322	2825
1323	2878
1324	2945
1325	2848
1326	2972
1327	2865
1328	2655
1329	2810
1330	2742
1331	2768
1332	2910
1333	2767
1334	2898
1335	2822
1336	2733
1337	2673
1338	2879
1339	2773
1340	2826
1341	2775
1342	2757
1343	2671
1344	2813
1345	2663
1346	2732
1347	2711
1348	2829
1349	2704
1350	2803
1351	2833
1352	2718
1353	2682
1354	2697
1355	2798
1356	2666
1357	2852
1358	2865
1359	2851
1360	2553
1361	2742
1362	2951
1363	2770
1364	2866
1365	2612
1366	2792
1367	2831
1368	2750
1369	2684
1370	2830
1371	2759
1372	2559
1373	2973
1374	2741
1375	2737
1376	2843
1377	2647
1378	2602
1379	2723
1380	2723
1381	2704
1382	2768
1383	2748
1384	2857
1385	2805
1386	2687
1387	2804
1388	2866
1389	2817
1390	2727
1391	2889
1392	2914
1393	2820
1394	2904
1395	2760
1396	2724
1397	2810
1398	2715
1399	2701
1400	2773
1401	2631
1402	2708
1403	2636
1404	2809
1405	2659
1406	2697
1407	2728
1408	2585
1409	2775
1410	2644
1411	2636
1412	2756
1413	2593
1414	2756
1415	2787
1416	2685
1417	2710
1418	2589
1419	2703
1420	2678
1421	2587
1422	2705
1423	2495
1424	2607
1425	2670
1426	2629
1427	2572
1428	2641
1429	2701
1430	2672
1431	2741
1432	2567
1433	2859
1434	2644
1435	2613
1436	2678
1437	2700
1438	2529
1439	2645
1440	2677
1441	2652
1442	2686
1443	2694
1444	2461
1445	2485
1446	2573
1447	2507
1448	2670
1449	2526
1450	2413
1451	2661
1452	2591
1453	2502
1454	2378
1455	2491
1456	2589
1457	2525
1458	2539
1459	2632
1460	2644
1461	2583
1462	2663
1463	2582
1464	2497
1465	2422
1466	2506
1467	2421
1468	2462
1469	2591
1470	2600
1471	2492
1472	2552
1473	2551
1474	2667
1475	2584
1476	2353
1477	2371
1478	2543
1479	2489
1480	2563
1481	2618
1482	2525
1483	2637
1484	2643
1485	2560
1486	2559
1487	2486
1488	2569
1489	2487
1490	2576
1491	2639
1492	2687
1493	2612
1494	2767
1495	2706
1496	2565
1497	2625
1498	2576
1499	2927
1500	2977
1501	2761
1502	2724
1503	2634
1504	2811
1505	2767
1506	2821
1507	2899
1508	2647
1509	2764
1510	2808
1511	2727
1512	2586
1513	2776
1514	2715
1515	2808
1516	2671
1517	2625
1518	2674
1519	2570
1520	2659
1521	2601
1522	2555
1523	2804
1524	2823
1525	2804
1526	2799
1527	2715
1528	2753
1529	2712
1530	2766
1531	2847
1532	2892
1533	2640
1534	2718
1535	2710
1536	2793
1537	2787
1538	2774
1539	2772
1540	2815
1541	2647
1542	2855
1543	2526
1544	2729
1545	2763
1546	2587
1547	2753
1548	2568
1549	2782
1550	2802
1551	2820
1552	2803
1553	2770
1554	2673
1555	2652
1556	2790
1557	2819
1558	2691
1559	2715
1560	2848
1561	2713
1562	2795
1563	2701
1564	2697
1565	2683
1566	2500
1567	2774
1568	2798
1569	2639
1570	2761
1571	2621
1572	2566
1573	2695
1574	2815
1575	2749
1576	2389
1577	2557
1578	2614
1579	2580
1580	2646
1581	2641
1582	2735
1583	2681
1584	2626
1585	2734
1586	2726
1587	2686
1588	2540
1589	2612
1590	2652
1591	2638
1592	2620
1593	2584
1594	2424
1595	2541
1596	2382
1597	2500
1598	2536
1599	2604
1600	2575
1601	2477
1602	2526
1603	2760
1604	2611
1605	2563
1606	2606
1607	2685
1608	2613
1609	2646
1610	2506
1611	2330
1612	2447
1613	2347
1614	2499
1615	2522
1616	2423
1617	2335
1618	2602
1619	2400
1620	2495
1621	2394
1622	2340
1623	2494
1624	2624
1625	2527
1626	2570
1627	2463
1628	2554
1629	2499
1630	2316
1631	2396
1632	2385
1633	2376
1634	2501
1635	2206
1636	2345
1637	2363
1638	2451
1639	2471
1640	2400
1641	2308
1642	2320
1643	2432
1644	2396
1645	2402
1646	2490
1647	2366
1648	2253
1649	2472
1650	2352
1651	2401
1652	2339
1653	2284
1654	2326
1655	2317
1656	2299
1657	2276
1658	2311
1659	2274
1660	2277
1661	2169
1662	2377
1663	2349
1664	2352
1665	2414
1666	2324
1667	2501
1668	2462
1669	2459
1670	2525
1671	2366
1672	2432
1673	2288
1674	2301
1675	2170
1676	2380
1677	2377
1678	2446
1679	2261
1680	2360
1681	2332
1682	2297
1683	2319
1684	2273
1685	2352
1686	2326
1687	2270
1688	2357
1689	2261
1690	2369
1691	2318
1692	2357
1693	2404
1694	2315
1695	2272
1696	2311
1697	2188
1698	2290
1699	2213
1700	2266
1701	2239
1702	2347
1703	2373
1704	2334
1705	2361
1706	2271
1707	2302
1708	2259
1709	2139
1710	2286
1711	2222
1712	2196
1713	2110
1714	2243
1715	2294
1716	2205
1717	2270
1718	2302
1719	2138
1720	2187
1721	2255
1722	2245
1723	2237
1724	2223
1725	2094
1726	2172
1727	2099
1728	2277
1729	2211
1730	2347
1731	2334
1732	2095
1733	2392
1734	2253
1735	2265
1736	2260
1737	2411
1738	2271
1739	2144
1740	2287
1741	2310
1742	2221
1743	2186
1744	2236
1745	2106
1746	2178
1747	2140
1748	2137
1749	2217
1750	2211
1751	2126
1752	2137
1753	2196
1754	2344
1755	2282
1756	2209
1757	2178
1758	2224
1759	2227
1760	2210
1761	2051
1762	2222
1763	2115
1764	1977
1765	2139
1766	2068
1767	2049
1768	2107
1769	2180
1770	2112
1771	2233
1772	2083
1773	2261
1774	2143
1775	2029
1776	2026
1777	2102
1778	2109
1779	2058
1780	2178
1781	2007
1782	1992
1783	2032
1784	1971
1785	2072
1786	2086
1787	2061
1788	1990
1789	2110
1790	2014
1791	2054
1792	1982
1793	2103
1794	2057
1795	2090
1796	1987
1797	1989
1798	2150
1799	1963
1800	1988
1801	1984
1802	2057
1803	1980
1804	1968
1805	1944
1806	2051
1807	1963
1808	2017
1809	1997
1810	2056
1811	2005
1812	1975
1813	2046
1814	1990
1815	1861
1816	1888
1817	1917
1818	1867
1819	2034
1820	2052
1821	2002
1822	1948
1823	1942
1824	1887
1825	1917
1826	2043
1827	1890
1828	1857
1829	1954
1830	1882
1831	1916
1832	1966
1833	1948
1834	1786
1835	1786
1836	1880
1837	1931
1838	1883
1839	1734
1840	1969
1841	1873
1842	1827
1843	1814
1844	1998
1845	1971
1846	1886
1847	1857
1848	1837
1849	1884
1850	1801
1851	1870
1852	1792
1853	2046
1854	1992
1855	1821
1856	1912
1857	1951
1858	2000
1859	1969
1860	1850
1861	1998
1862	1909
1863	2180
1864	2031
1865	1956
1866	1845
1867	1944
1868	1934
1869	2036
1870	1959
1871	2011
1872	1999
1873	2028
1874	1854
1875	2014
1876	1939
1877	1942
1878	1954
1879	1933
1880	1875
1881	1928
1882	1943
1883	1920
1884	1863
1885	2069
1886	1880
1887	2029
1888	2008
1889	1985
1890	2057
1891	2020
1892	1961
1893	2061
1894	1912
1895	2045
1896	1871
1897	2033
1898	2083
1899	1860
1900	1894
1901	2003
1902	2009
1903	2009
1904	2023
1905	2013
1906	1872
1907	2048
1908	2030
1909	2195
1910	2085
1911	1993
1912	2101
1913	1975
1914	2088
1915	2141
1916	2046
1917	1971
1918	2049
1919	2022
1920	1933
1921	1972
1922	2045
1923	2104
1924	2248
1925	2001
1926	2111
1927	1945
1928	1975
1929	1965
1930	1969
1931	2131
1932	2044
1933	1975
1934	1968
1935	2087
1936	1972
1937	2196
1938	2006
1939	2072
1940	2018
1941	2128
1942	1938
1943	2078
1944	2044
1945	2084
1946	1870
1947	1874
1948	1980
1949	1946
1950	2056
1951	1999
1952	1990
1953	2034
1954	2068
1955	1979
1956	1992
1957	2064
1958	2101
1959	2006
1960	2034
1961	2061
1962	2112
1963	2087
1964	2053
1965	2120
1966	2025
1967	1856
1968	2032
1969	1979
1970	2071
1971	2210
1972	2048
1973	1972
1974	2041
1975	2082
1976	2004
1977	1992
1978	2034
1979	2127
1980	2072
1981	1999
1982	2130
1983	2052
1984	2077
1985	2023
1986	1967
1987	2116
1988	1948
1989	2043
1990	2017
1991	2110
1992	2144
1993	2139
1994	2087
1995	2154
1996	2155
1997	2097
1998	2230
1999	2044
2000	2299
2001	2222
2002	2155
2003	2204
2004	2163
2005	2181
2006	2166
2007	2111
2008	2194
2009	2238
2010	2061
2011	2213
2012	2170
2013	2012
2014	2113
2015	2215
2016	2169
2017	2108
2018	2216
2019	2233
2020	2184
2021	2153
2022	2038
2023	2240
2024	2121
2025	2069
2026	2190
2027	2204
2028	2160
2029	2037
2030	2063
2031	2015
2032	2031
2033	1957
2034	2059
2035	2050
2036	1937
2037	2090
2038	2163
2039	2198
2040	2077
2041	2165
2042	2095
2043	2006
2044	2140
2045	2018
2046	2144
2047	2199
2048	2162
2049	2086
2050	2239
2051	2067
2052	1922
2053	2071
2054	1932
2055	2150
2056	2060
2057	2067
2058	2081
2059	2008
2060	2039
2061	1801
2062	2024
2063	1903
2064	2120
2065	1997
2066	2118
2067	2037
2068	1979
2069	2014
2070	1972
2071	2037
2072	1829
2073	2049
2074	1919
2075	1968
2076	1894
2077	1989
2078	1919
2079	1932
2080	2016
2081	2000
2082	1977
2083	2046
2084	2053
2085	1993
2086	1932
2087	1913
2088	1914
2089	1948
2090	1991
2091	1957
2092	1874
2093	1888
2094	1818
2095	1913
2096	1888
2097	1891
2098	1983
2099	1943
2100	1965
2101	1946
2102	1920
2103	1943
2104	1899
2105	1862
2106	1815
2107	1819
2108	1841
2109	1907
2110	1846
2111	1865
2112	1941
2113	1725
2114	1767
2115	1743
2116	1917
2117	1695
2118	1678
2119	1751
2120	1806
2121	1953
2122	1808
2123	1797
2124	1843
2125	1805
2126	1829
2127	1862
2128	1823
2129	1749
2130	1718
2131	1796
2132	1811
2133	1750
2134	1738
2135	1777
2136	1702
2137	1839
2138	1734
2139	1750
2140	1765
2141	1733
2142	1746
2143	1694
2144	1690
2145	1629
2146	1773
2147	1739
2148	1797
2149	1700
2150	1726
2151	1630
2152	1733
2153	1736
2154	1589
2155	1630
2156	1710
2157	1633
2158	1674
2159	1726
2160	1697
2161	1710
2162	1672
2163	1611
2164	1698
2165	1786
2166	1768
2167	1675
2168	1773
2169	1700
2170	1719
2171	1775
2172	1748
2173	1665
2174	1831
2175	1723
2176	1721
2177	1680
2178	1719
2179	1759
2180	1767
2181	1748
2182	1707
2183	1751
2184	1657
2185	1763
2186	1746
2187	1798
2188	1683
2189	1661
2190	1715
2191	1694
2192	1721
2193	1720
2194	1632
2195	1623
2196	1637
2197	1712
2198	1752
2199	1671
2200	1771
2201	1669
2202	1643
2203	1726
2204	1639
2205	1659
2206	1682
2207	1730
2208	1735
2209	1641
2210	1762
2211	1733
2212	1700
2213	1748
2214	1695
2215	1737
2216	1593
2217	1722
2218	1523
2219	1584
2220	1723
2221	1681
2222	1734
2223	1653
2224	1588
2225	1667
2226	1591
2227	1708
2228	1595
2229	1609
2230	1614
2231	1605
2232	1649
2233	1663
2234	1773
2235	1727
2236	1753
2237	1724
2238	1849
2239	1699
2240	1737
2241	1738
2242	1750
2243	1781
2244	1654
2245	1655
2246	1699
2247	1824
2248	1859
2249	1880
2250	1966
2251	1826
2252	1745
2253	1788
2254	1918
2255	1728
2256	1810
2257	1777
2258	1742
2259	1795
2260	1883
2261	1864
2262	1720
2263	1806
2264	1858
2265	1804
2266	1809
2267	1893
2268	1818
2269	1776
2270	1817
2271	1700
2272	1688
2273	1801
2274	1702
2275	1747
2276	1917
2277	1783
2278	1773
2279	1745
2280	1753
2281	1740
2282	1763
2283	1701
2284	1784
2285	1829
2286	1779
2287	1876
2288	1853
2289	1835
2290	1708
2291	1625
2292	1754
2293	1725
2294	1685
2295	1782
2296	1795
2297	1831
2298	1675
2299	1797
2300	1906
2301	1764
2302	1787
2303	1735
2304	1733
2305	1680
2306	1795
2307	1684
2308	1730
2309	1831
2310	1755
2311	1801
2312	1818
2313	1714
2314	1918
2315	1826
2316	1664
2317	1752
2318	1753
2319	1650
2320	1922
2321	1887
2322	1726
2323	1741
2324	1843
2325	1908
2326	1904
2327	1666
2328	1892
2329	1841
2330	1946
2331	1813
2332	1929
2333	1831
2334	1740
2335	1730
2336	1715
2337	1877
2338	1638
2339	1722
2340	1813
2341	1771
2342	1915
2343	1926
2344	1819
2345	1729
2346	1894
2347	1788
2348	1642
2349	1818
2350	1800
2351	1874
2352	1768
2353	1711
2354	1756
2355	1754
2356	1721
2357	1696
2358	1799
2359	1684
2360	1788
2361	1789
2362	1764
2363	1744
2364	1797
2365	1801
2366	1758
2367	1758
2368	1785
2369	1698
2370	1828
2371	1632
2372	1690
2373	1588
2374	1674
2375	1699
2376	1636
2377	1720
2378	1612
2379	1696
2380	1585
2381	1655
2382	1725
2383	1660
2384	1605
2385	1635
2386	1633
2387	1618
2388	1549
2389	1534
2390	1718
2391	1712
2392	1645
2393	1657
2394	1556
2395	1572
2396	1546
2397	1496
2398	1539
2399	1609
2400	1584
2401	1702
2402	1544
2403	1618
2404	1499
2405	1520
2406	1538
2407	1535
2408	1494
2409	1559
2410	1608
2411	1625
2412	1501
2413	1519
2414	1528
2415	1516
2416	1599
2417	1505
2418	1548
2419	1613
2420	1469
2421	1523
2422	1455
2423	1464
2424	1455
2425	1473
2426	1539
2427	1433
2428	1439
2429	1452
2430	1546
2431	1496
2432	1484
2433	1509
2434	1404
2435	1604
2436	1431
2437	1606
2438	1448
2439	1449
2440	1475
2441	1404
2442	1539
2443	1487
2444	1398
2445	1440
2446	1488
2447	1451
2448	1410
2449	1448
2450	1363
2451	1438
2452	1422
2453	1542
2454	1333
2455	1375
2456	1436
2457	1389
2458	1449
2459	1430
2460	1430
2461	1479
2462	1516
2463	1353
2464	1369
2465	1328
2466	1369
2467	1494
2468	1527
2469	1427
2470	1390
2471	1421
2472	1389
2473	1550
2474	1515
2475	1538
2476	1383
2477	1590
2478	1468
2479	1506
2480	1496
2481	1499
2482	1438
2483	1568
2484	1521
2485	1587
2486	1384
2487	1538
2488	1458
2489	1496
2490	1405
2491	1461
2492	1501
2493	1435
2494	1534
2495	1490
2496	1482
2497	1586
2498	1544
2499	1416
2500	1474
2501	1502
2502	1424
2503	1528
2504	1501
2505	1554
2506	1550
2507	1511
2508	1644
2509	1642
2510	1545
2511	1595
2512	1579
2513	1575
2514	1492
2515	1683
2516	1691
2517	1551
2518	1545
2519	1673
2520	1551
2521	1648
2522	1664
2523	1761
2524	1597
2525	1729
2526	1665
2527	1440
2528	1561
2529	1502
2530	1596
2531	1557
2532	1512
2533	1681
2534	1672
2535	1666
2536	1588
2537	1605
2538	1490
2539	1570
2540	1689
2541	1611
2542	1525
2543	1569
2544	1650
2545	1671
2546	1610
2547	1696
2548	1694
2549	1684
2550	1586
2551	1569
2552	1576
2553	1724
2554	1531
2555	1550
2556	1698
2557	1674
2558	1660
2559	1701
2560	1670
2561	1649
2562	1667
2563	1583
2564	1627
2565	1650
2566	1603
2567	1533
2568	1550
2569	1649
2570	1568
2571	1604
2572	1576
2573	1578
2574	1683
2575	1660
2576	1617
2577	1598
2578	1427
2579	1532
2580	1493
2581	1483
2582	1540
2583	1595
2584	1448
2585	1508
2586	1436
2587	1458
2588	1527
2589	1522
2590	1538
2591	1459
2592	1505
2593	1607
2594	1517
2595	1557
2596	1545
2597	1455
2598	1526
2599	1491
2600	1587
2601	1428
2602	1502
2603	1478
2604	1612
2605	1483
2606	1441
2607	1411
2608	1379
2609	1533
2610	1540
2611	1529
2612	1404
2613	1522
2614	1529
2615	1413
2616	1464
2617	1492
2618	1482
2619	1394
2620	1504
2621	1461
2622	1418
2623	1526
2624	1449
2625	1516
2626	1485
2627	1477
2628	1401
2629	1430
2630	1453
2631	1553
2632	1464
2633	1473
2634	1530
2635	1465
2636	1470
2637	1405
2638	1486
2639	1585
2640	1521
2641	1526
2642	1421
2643	1426
2644	1525
2645	1588
2646	1541
2647	1532
2648	1417
2649	1439
2650	1380
2651	1593
2652	1761
2653	1651
2654	1691
2655	1435
2656	1510
2657	1380
2658	1428
2659	1346
2660	1434
2661	1383
2662	1565
2663	1458
2664	1429
2665	1457
2666	1397
2667	1414
2668	1353
2669	1427
2670	1431
2671	1321
2672	1453
2673	1296
2674	1325
2675	1325
2676	1460
2677	1398
2678	1379
2679	1382
2680	1448
2681	1412
2682	1417
2683	1373
2684	1312
2685	1409
2686	1420
2687	1431
2688	1378
2689	1385
2690	1362
2691	1425
2692	1320
2693	1375
2694	1338
2695	1360
2696	1456
2697	1409
2698	1329
2699	1455
2700	1380
2701	1423
2702	1414
2703	1396
2704	1522
2705	1457
2706	1387
2707	1422
2708	1363
2709	1499
2710	1582
2711	1516
2712	1413
2713	1319
2714	1298
2715	1415
2716	1355
2717	1246
2718	1281
2719	1325
2720	1394
2721	1393
2722	1373
2723	1327
2724	1379
2725	1304
2726	1363
2727	1374
2728	1227
2729	1384
2730	1316
2731	1273
2732	1339
2733	1302
2734	1293
2735	1389
2736	1294
2737	1324
2738	1284
2739	1318
2740	1346
2741	1338
2742	1401
2743	1384
2744	1340
2745	1416
2746	1205
2747	1327
2748	1256
2749	1329
2750	1314
2751	1392
2752	1212
2753	1336
2754	1336
2755	1296
2756	1370
2757	1304
2758	1431
2759	1263
2760	1317
2761	1405
2762	1291
2763	1291
2764	1332
2765	1295
2766	1366
2767	1427
2768	1456
2769	1351
2770	1302
2771	1434
2772	1334
2773	1251
2774	1415
2775	1318
2776	1359
2777	1317
2778	1382
2779	1283
2780	1194
2781	1327
2782	1278
2783	1241
2784	1286
2785	1336
2786	1274
2787	1347
2788	1306
2789	1235
2790	1337
2791	1394
2792	1227
2793	1295
2794	1203
2795	1317
2796	1252
2797	1246
2798	1316
2799	1342
2800	1255
2801	1260
2802	1233
2803	1282
2804	1244
2805	1241
2806	1250
2807	1249
2808	1261
2809	1223
2810	1240
2811	1200
2812	1252
2813	1252
2814	1274
2815	1257
2816	1287
2817	1191
2818	1265
2819	1171
2820	1282
2821	1243
2822	1193
2823	1273
2824	1247
2825	1317
2826	1241
2827	1245
2828	1181
2829	1168
2830	1145
2831	1149
2832	1196
2833	1212
2834	1213
2835	1204
2836	1213
2837	1198
2838	1283
2839	1175
2840	1113
2841	1231
2842	1189
2843	1175
2844	1200
2845	1244
2846	1223
2847	1271
2848	1301
2849	1401
2850	1240
2851	1179
2852	1232
2853	1248
2854	1217
2855	1254
2856	1297
2857	1253
2858	1226
2859	1306
2860	1258
2861	1330
2862	1287
2863	1385
2864	1253
2865	1209
2866	1188
2867	1215
2868	1377
2869	1137
2870	1217
2871	1256
2872	1230
2873	1213
2874	1249
2875	1211
2876	1193
2877	1171
2878	1122
2879	1204
2880	1203
2881	1186
2882	1246
2883	1200
2884	1244
2885	1170
2886	1205
2887	1260
2888	1329
2889	1210
2890	1169
2891	1240
2892	1200
2893	1264
2894	1166
2895	1202
2896	1201
2897	1208
2898	1221
2899	1118
2900	1259
2901	1279
2902	1205
2903	1275
2904	1223
2905	1277
2906	1283
2907	1270
2908	1300
2909	1261
2910	1311
2911	1247
2912	1284
2913	1348
2914	1280
2915	1241
2916	1178
2917	1204
2918	1229
2919	1227
2920	1269
2921	1139
2922	1241
2923	1243
2924	1210
2925	1316
2926	1155
2927	1329
2928	1284
2929	1241
2930	1204
2931	1176
2932	1286
2933	1199
2934	1272
2935	1282
2936	1253
2937	1268
2938	1240
2939	1282
2940	1314
2941	1226
2942	1189
2943	1187
2944	1215
2945	1115
2946	1235
2947	1197
2948	1214
2949	1131
2950	1164
2951	1196
2952	1224
2953	1201
2954	1246
2955	1230
2956	1242
2957	1257
2958	1266
2959	1216
2960	1205
2961	1211
2962	1164
2963	1127
2964	1277
2965	1336
2966	1242
2967	1174
2968	1169
2969	1148
2970	1243
2971	1259
2972	1263
2973	1212
2974	1277
2975	1335
2976	1280
2977	1127
2978	1200
2979	1186
2980	1166
2981	1166
2982	1159
2983	1254
2984	1345
2985	1220
2986	1232
2987	1217
2988	1276
2989	1196
2990	1355
2991	1285
2992	1256
2993	1219
2994	1289
2995	1172
2996	1247
2997	1288
2998	1371
2999	1271
3000	1222
3001	1192
3002	1285
3003	1369
3004	1260
3005	1294
3006	1296
3007	1326
3008	1291
3009	1236
3010	1279
3011	1334
3012	1280
3013	1373
3014	1184
3015	1328
3016	1320
3017	1278
3018	1217
3019	1373
3020	1318
3021	1331
3022	1271
3023	1326
3024	1263
3025	1204
3026	1275
3027	1289
3028	1322
3029	1258
3030	1230
3031	1292
3032	1333
3033	1194
3034	1150
3035	1211
3036	1314
3037	1246
3038	1236
3039	1285
3040	1285
3041	1245
3042	1237
3043	1269
3044	1198
3045	1229
3046	1251
3047	1255
3048	1277
3049	1256
3050	1293
3051	1266
3052	1342
3053	1330
3054	1255
3055	1200
3056	1242
3057	1283
3058	1310
3059	1306
3060	1320
3061	1335
3062	1357
3063	1334
3064	1296
3065	1303
3066	1183
3067	1165
3068	1240
3069	1314
3070	1233
3071	1269
3072	1209
3073	1280
3074	1226
3075	1234
3076	1247
3077	1317
3078	1336
3079	1184
3080	1264
3081	1140
3082	1164
3083	1194
3084	1202
3085	1190
3086	1129
3087	1262
3088	1222
3089	1198
3090	1212
3091	1181
3092	1213
3093	1194
3094	1260
3095	1191
3096	1186
3097	1242
3098	1196
3099	1147
3100	1232
3101	1186
3102	1131
3103	1177
3104	1127
3105	1151
3106	1175
3107	1327
3108	1208
3109	1240
3110	1190
3111	1055
3112	1082
3113	1207
3114	1244
3115	1150
3116	1189
3117	1183
3118	1152
3119	1273
3120	1142
3121	1173
3122	1190
3123	1200
3124	1114
3125	1053
3126	1084
3127	1227
3128	1168
3129	1051
3130	1234
3131	1104
3132	1096
3133	1138
3134	1164
3135	1165
3136	1209
3137	1137
3138	1198
3139	1067
3140	1203
3141	1159
3142	1148
3143	1073
3144	1095
3145	1301
3146	1170
3147	1174
3148	1176
3149	1186
3150	1106
3151	1127
3152	1215
3153	1148
3154	1005
3155	1071
3156	1160
3157	1200
3158	1155
3159	1088
3160	1229
3161	1015
3162	1159
3163	1135
3164	1210
3165	1259
3166	1089
3167	1180
3168	1090
3169	1115
3170	1079
3171	1154
3172	1107
3173	1226
3174	1151
3175	1122
3176	1048
3177	1191
3178	1037
3179	1133
3180	1110
3181	1143
3182	1096
3183	1163
3184	1154
3185	1136
3186	1026
3187	1140
3188	1140
3189	1118
3190	1162
3191	1172
3192	1099
3193	1107
3194	1167
3195	1189
3196	1132
3197	1162
3198	1161
3199	1186
3200	1083
3201	1144
3202	1110
3203	1195
3204	1090
3205	1112
3206	1175
3207	1192
3208	1181
3209	1258
3210	1173
3211	1215
3212	1171
3213	1118
3214	1133
3215	1216
3216	1065
3217	1077
3218	1098
3219	1096
3220	1130
3221	1186
3222	1208
3223	1130
3224	1212
3225	1157
3226	1174
3227	1100
3228	1127
3229	1155
3230	982
3231	1198
3232	1123
3233	1082
3234	1187
3235	1245
3236	1176
3237	1132
3238	1143
3239	1162
3240	1277
3241	1181
3242	1192
3243	1117
3244	1208
3245	1185
3246	1106
3247	1108
3248	1152
3249	1178
3250	1107
3251	1200
3252	1160
3253	1159
3254	1187
3255	1159
3256	1137
3257	1157
3258	1143
3259	1185
3260	1030
3261	1093
3262	1115
3263	1147
3264	1122
3265	1121
3266	1114
3267	1163
3268	1137
3269	1162
3270	1139
3271	1201
3272	1085
3273	1152
3274	1169
3275	1120
3276	1128
3277	1142
3278	1145
3279	1100
3280	1113
3281	1048
3282	1101
3283	1046
3284	1160
3285	1187
3286	1175
3287	1162
3288	1194
3289	1119
3290	1105
3291	1136
3292	1155
3293	1089
3294	1230
3295	1213
3296	1174
3297	1174
3298	1153
3299	1065
3300	1131
3301	1182
3302	1160
3303	1268
3304	1097
3305	1098
3306	1178
3307	1083
3308	1169
3309	1114
3310	1118
3311	1143
3312	1063
3313	1116
3314	1153
3315	1207
3316	1085
3317	1103
3318	1107
3319	1066
3320	1204
3321	1200
3322	1135
3323	1165
3324	1099
3325	1154
3326	1148
3327	1064
3328	1154
3329	1089
3330	1115
3331	1105
3332	1190
3333	1125
3334	1066
3335	1045
3336	1090
3337	1059
3338	1043
3339	1084
3340	1033
3341	1024
3342	975
3343	998
3344	1090
3345	1111
3346	1113
3347	1074
3348	1105
3349	1142
3350	1082
3351	1068
3352	1054
3353	1060
3354	981
3355	1030
3356	1123
3357	1049
3358	958
3359	1035
3360	935
3361	1061
3362	964
3363	965
3364	992
3365	1091
3366	981
3367	1025
3368	1025
3369	1032
3370	962
3371	977
3372	1022
3373	920
3374	1016
3375	1034
3376	976
3377	936
3378	891
3379	951
3380	977
3381	985
3382	987
3383	869
3384	1043
3385	1011
3386	963
3387	940
3388	948
3389	950
3390	1018
3391	975
3392	908
3393	1028
3394	1032
3395	922
3396	982
3397	981
3398	1076
3399	949
3400	1061
3401	1047
3402	974
3403	949
3404	955
3405	913
3406	1024
3407	946
3408	956
3409	996
3410	918
3411	1114
3412	1027
3413	963
3414	990
3415	932
3416	965
3417	937
3418	1032
3419	984
3420	891
3421	949
3422	990
3423	992
3424	993
3425	893
3426	965
3427	888
3428	968
3429	999
3430	979
3431	942
3432	1017
3433	1000
3434	1013
3435	1034
3436	1021
3437	928
3438	1084
3439	1033
3440	927
3441	1025
3442	927
3443	1025
3444	937
3445	1013
3446	994
3447	1090
3448	1002
3449	1022
3450	1001
3451	1037
3452	990
3453	1017
3454	999
3455	1158
3456	1040
3457	1010
3458	1028
3459	1057
3460	1046
3461	995
3462	1044
3463	1002
3464	1026
3465	1021
3466	1039
3467	972
3468	1033
3469	873
3470	1100
3471	1006
3472	960
3473	1026
3474	965
3475	1048
3476	1070
3477	961
3478	956
3479	915
3480	1114
3481	1056
3482	979
3483	1026
3484	1050
3485	1039
3486	982
3487	1056
3488	1038
3489	1018
3490	1032
3491	995
3492	964
3493	969
3494	1031
3495	1011
3496	1068
3497	1036
3498	1012
3499	1012
3500	982
3501	1046
3502	1009
3503	1040
3504	1134
3505	1051
3506	1028
3507	1083
3508	998
3509	1012
3510	938
3511	1042
3512	981
3513	1012
3514	976
3515	1038
3516	996
3517	1004
3518	1076
3519	945
3520	1061
3521	974
3522	976
3523	1032
3524	934
3525	1029
3526	1075
3527	984
3528	1046
3529	978
3530	979
3531	966
3532	941
3533	1011
3534	1003
3535	984
3536	987
3537	967
3538	941
3539	1042
3540	999
3541	1019
3542	1039
3543	985
3544	973
3545	1043
3546	983
3547	906
3548	1021
3549	1018
3550	939
3551	960
3552	1019
3553	973
3554	1018
3555	1049
3556	967
3557	946
3558	950
3559	920
3560	895
3561	979
3562	961
3563	912
3564	960
3565	956
3566	1042
3567	1000
3568	989
3569	1010
3570	986
3571	975
3572	943
3573	977
3574	938
3575	994
3576	987
3577	1075
3578	977
3579	983
3580	934
3581	921
3582	965
3583	991
3584	1002
3585	1039
3586	1001
3587	999
3588	969
3589	973
3590	983
3591	992
3592	1011
3593	1023
3594	1062
3595	985
3596	1024
3597	921
3598	993
3599	1027
3600	897
3601	1030
3602	1001
3603	918
3604	954
3605	962
3606	984
3607	949
3608	1005
3609	1031
3610	1014
3611	989
3612	950
3613	998
3614	979
3615	1035
3616	956
3617	950
3618	950
3619	1006
3620	998
3621	890
3622	1046
3623	1042
3624	1085
3625	986
3626	1010
3627	1002
3628	1009
3629	1042
3630	1010
3631	1060
3632	1040
3633	1040
3634	947
3635	989
3636	953
3637	1045
3638	896
3639	994
3640	930
3641	922
3642	924
3643	948
3644	1028
3645	917
3646	1023
3647	928
3648	931
3649	1017
3650	978
3651	975
3652	900
3653	923
3654	1002
3655	929
3656	1007
3657	968
3658	885
3659	1119
3660	989
3661	1015
3662	889
3663	979
3664	876
3665	1004
3666	958
3667	909
3668	970
3669	958
3670	930
3671	955
3672	917
3673	1009
3674	965
3675	1018
3676	968
3677	986
3678	896
3679	915
3680	921
3681	902
3682	1005
3683	937
3684	949
3685	1064
3686	929
3687	948
3688	985
3689	896
3690	947
3691	886
3692	945
3693	945
3694	879
3695	859
3696	902
3697	1027
3698	993
3699	1008
3700	1036
3701	947
3702	984
3703	980
3704	990
3705	1005
3706	988
3707	1001
3708	997
3709	999
3710	1047
3711	996
3712	1019
3713	1030
3714	966
3715	921
3716	991
3717	966
3718	1178
3719	967
3720	992
3721	998
3722	990
3723	992
3724	954
3725	1018
3726	1120
3727	997
3728	943
3729	948
3730	979
3731	993
3732	889
3733	975
3734	892
3735	976
3736	984
3737	898
3738	974
3739	990
3740	956
3741	942
3742	945
3743	935
3744	945
3745	943
3746	880
3747	908
3748	981
3749	1043
3750	974
3751	884
3752	848
3753	931
3754	943
3755	1026
3756	961
3757	989
3758	944
3759	987
3760	964
3761	884
3762	940
3763	886
3764	859
3765	864
3766	968
3767	933
3768	926
3769	993
3770	920
3771	1018
3772	939
3773	1017
3774	987
3775	1063
3776	848
3777	977
3778	934
3779	894
3780	857
3781	879
3782	955
3783	912
3784	912
3785	860
3786	875
3787	955
3788	981
3789	1007
3790	912
3791	1032
3792	1020
3793	919
3794	826
3795	776
3796	928
3797	882
3798	903
3799	839
3800	1036
3801	875
3802	950
3803	927
3804	928
3805	847
3806	853
3807	905
3808	881
3809	924
3810	897
3811	912
3812	921
3813	848
3814	839
3815	956
3816	963
3817	839
3818	904
3819	889
3820	867
3821	935
3822	846
3823	865
3824	851
3825	908
3826	873
3827	812
3828	964
3829	880
3830	847
3831	828
3832	842
3833	903
3834	841
3835	821
3836	846
3837	814
3838	842
3839	924
3840	869
3841	850
3842	970
3843	846
3844	880
3845	883
3846	1038
3847	853
3848	771
3849	853
3850	933
3851	869
3852	826
3853	885
3854	887
3855	821
3856	1006
3857	906
3858	813
3859	877
3860	874
3861	855
3862	926
3863	886
3864	955
3865	853
3866	879
3867	896
3868	894
3869	854
3870	829
3871	887
3872	938
3873	860
3874	871
3875	827
3876	854
3877	846
3878	917
3879	862
3880	906
3881	854
3882	876
3883	812
3884	799
3885	741
3886	946
3887	834
3888	796
3889	860
3890	876
3891	914
3892	825
3893	793
3894	930
3895	941
3896	923
3897	864
3898	892
3899	886
3900	970
3901	1026
3902	831
3903	956
3904	952
3905	892
3906	875
3907	897
3908	862
3909	930
3910	908
3911	925
3912	909
3913	1037
3914	1007
3915	979
3916	935
3917	970
3918	859
3919	968
3920	1017
3921	927
3922	967
3923	1029
3924	970
3925	971
3926	1024
3927	918
3928	1016
3929	1022
3930	985
3931	1065
3932	944
3933	1022
3934	878
3935	963
3936	999
3937	882
3938	953
3939	1017
3940	932
3941	951
3942	990
3943	821
3944	940
3945	890
3946	926
3947	1004
3948	880
3949	878
3950	930
3951	922
3952	879
3953	974
3954	871
3955	1032
3956	1054
3957	991
3958	1049
3959	1065
3960	1010
3961	953
3962	1010
3963	914
3964	973
3965	1034
3966	900
3967	910
3968	995
3969	908
3970	889
3971	953
3972	958
3973	911
3974	920
3975	906
3976	1011
3977	871
3978	866
3979	925
3980	924
3981	887
3982	952
3983	984
3984	985
3985	965
3986	899
3987	831
3988	873
3989	928
3990	927
3991	902
3992	922
3993	874
3994	837
3995	879
3996	814
3997	826
3998	815
3999	949
4000	844
4001	873
4002	978
4003	902
4004	957
4005	872
4006	841
4007	944
4008	889
4009	978
4010	1004
4011	1006
4012	997
4013	1022
4014	1023
4015	998
4016	902
4017	1016
4018	967
4019	915
4020	977
4021	1012
4022	952
4023	963
4024	918
4025	969
4026	947
4027	967
4028	981
4029	951
4030	911
4031	976
4032	1069
4033	1058
4034	976
4035	1173
4036	1000
4037	983
4038	943
4039	891
4040	930
4041	849
4042	909
4043	961
4044	852
4045	898
4046	980
4047	891
4048	950
4049	908
4050	886
4051	851
4052	881
4053	879
4054	907
4055	871
4056	909
4057	990
4058	875
4059	996
4060	909
4061	1033
4062	937
4063	879
4064	960
4065	978
4066	887
4067	863
4068	886
4069	985
4070	885
4071	936
4072	868
4073	936
4074	863
4075	846
4076	871
4077	933
4078	838
4079	870
4080	869
4081	854
4082	893
4083	890
4084	935
4085	936
4086	924
4087	790
4088	828
4089	843
4090	826
4091	846
4092	839
4093	846
4094	784
4095	828
4096	876
4097	919
4098	844
4099	800
4100	886
4101	750
4102	874
4103	802
4104	736
4105	862
4106	848
4107	835
4108	800
4109	828
4110	804
4111	806
4112	849
4113	776
4114	848
4115	873
4116	822
4117	835
4118	781
4119	858
4120	779
4121	756
4122	833
4123	839
4124	891
4125	847
4126	905
4127	852
4128	861
4129	784
4130	851
4131	754
4132	767
4133	783
4134	879
4135	751
4136	768
4137	749
4138	805
4139	754
4140	800
4141	763
4142	814
4143	744
4144	773
4145	757
4146	756
4147	712
4148	746
4149	676
4150	839
4151	733
4152	703
4153	729
4154	719
4155	721
4156	759
4157	816
4158	857
4159	766
4160	720
4161	771
4162	733
4163	797
4164	733
4165	701
4166	775
4167	794
4168	740
4169	735
4170	742
4171	807
4172	807
4173	767
4174	784
4175	840
4176	729
4177	795
4178	791
4179	675
4180	822
4181	709
4182	712
4183	754
4184	718
4185	811
4186	795
4187	790
4188	728
4189	728
4190	830
4191	742
4192	734
4193	735
4194	713
4195	775
4196	785
4197	729
4198	747
4199	788
4200	767
4201	765
4202	705
4203	722
4204	772
4205	749
4206	721
4207	762
4208	805
4209	787
4210	811
4211	766
4212	822
4213	851
4214	731
4215	812
4216	759
4217	707
4218	786
4219	776
4220	792
4221	806
4222	764
4223	753
4224	777
4225	751
4226	767
4227	793
4228	771
4229	754
4230	856
4231	838
4232	891
4233	803
4234	751
4235	792
4236	709
4237	716
4238	774
4239	723
4240	775
4241	781
4242	767
4243	929
4244	771
4245	752
4246	870
4247	806
4248	754
4249	820
4250	821
4251	735
4252	737
4253	743
4254	730
4255	726
4256	675
4257	758
4258	703
4259	765
4260	658
4261	699
4262	697
4263	817
4264	855
4265	745
4266	743
4267	737
4268	767
4269	800
4270	778
4271	657
4272	809
4273	737
4274	714
4275	756
4276	823
4277	752
4278	767
4279	742
4280	742
4281	815
4282	783
4283	766
4284	720
4285	697
4286	794
4287	671
4288	876
4289	772
4290	778
4291	779
4292	763
4293	740
4294	808
4295	769
4296	769
4297	769
4298	840
4299	692
4300	799
4301	782
4302	715
4303	791
4304	779
4305	682
4306	785
4307	688
4308	790
4309	747
4310	706
4311	717
4312	784
4313	761
4314	712
4315	816
4316	726
4317	692
4318	734
4319	727
4320	697
4321	693
4322	670
4323	721
4324	760
4325	749
4326	763
4327	694
4328	725
4329	741
4330	719
4331	779
4332	674
4333	673
4334	704
4335	773
4336	662
4337	640
4338	724
4339	721
4340	698
4341	740
4342	633
4343	660
4344	666
4345	666
4346	629
4347	699
4348	677
4349	653
4350	687
4351	686
4352	692
4353	653
4354	685
4355	647
4356	707
4357	660
4358	723
4359	632
4360	655
4361	701
4362	700
4363	620
4364	632
4365	650
4366	675
4367	661
4368	655
4369	692
4370	671
4371	776
4372	646
4373	656
4374	682
4375	703
4376	686
4377	761
4378	722
4379	672
4380	714
4381	659
4382	611
4383	642
4384	695
4385	650
4386	644
4387	576
4388	598
4389	614
4390	684
4391	608
4392	614
4393	669
4394	633
4395	653
4396	682
4397	693
4398	622
4399	569
4400	610
4401	610
4402	668
4403	641
4404	623
4405	652
4406	650
4407	674
4408	609
4409	588
4410	638
4411	613
4412	678
4413	657
4414	608
4415	612
4416	649
4417	666
4418	619
4419	664
4420	681
4421	661
4422	667
4423	618
4424	672
4425	654
4426	617
4427	683
4428	664
4429	714
4430	636
4431	650
4432	608
4433	674
4434	664
4435	595
4436	588
4437	578
4438	647
4439	631
4440	578
4441	569
4442	618
4443	571
4444	636
4445	569
4446	586
4447	604
4448	718
4449	638
4450	641
4451	589
4452	632
4453	684
4454	539
4455	584
4456	673
4457	656
4458	621
4459	612
4460	630
4461	647
4462	634
4463	614
4464	614
4465	620
4466	631
4467	653
4468	659
4469	622
4470	559
4471	613
4472	623
4473	689
4474	617
4475	638
4476	654
4477	570
4478	647
4479	629
4480	640
4481	630
4482	663
4483	703
4484	645
4485	661
4486	593
4487	685
4488	658
4489	708
4490	670
4491	657
4492	709
4493	627
4494	697
4495	622
4496	677
4497	669
4498	643
4499	734
4500	656
4501	655
4502	702
4503	646
4504	683
4505	626
4506	717
4507	706
4508	654
4509	673
4510	697
4511	702
4512	626
4513	703
4514	701
4515	672
4516	707
4517	706
4518	662
4519	720
4520	792
4521	725
4522	668
4523	704
4524	724
4525	792
4526	622
4527	717
4528	642
4529	660
4530	665
4531	686
4532	708
4533	716
4534	711
4535	727
4536	747
4537	656
4538	709
4539	699
4540	627
4541	673
4542	657
4543	783
4544	647
4545	618
4546	689
4547	702
4548	683
4549	733
4550	677
4551	653
4552	642
4553	626
4554	628
4555	697
4556	705
4557	665
4558	712
4559	611
4560	748
4561	563
4562	625
4563	683
4564	700
4565	706
4566	673
4567	662
4568	681
4569	671
4570	568
4571	592
4572	582
4573	669
4574	643
4575	624
4576	564
4577	637
4578	698
4579	633
4580	700
4581	657
4582	803
4583	623
4584	611
4585	600
4586	635
4587	617
4588	576
4589	604
4590	520
4591	567
4592	624
4593	599
4594	527
4595	551
4596	575
4597	516
4598	609
4599	571
4600	679
4601	619
4602	564
4603	634
4604	616
4605	654
4606	636
4607	649
4608	595
4609	580
4610	676
4611	607
4612	549
4613	602
4614	671
4615	586
4616	601
4617	600
4618	658
4619	693
4620	676
4621	588
4622	652
4623	711
4624	688
4625	610
4626	614
4627	677
4628	634
4629	700
4630	645
4631	610
4632	682
4633	670
4634	698
4635	652
4636	656
4637	674
4638	708
4639	655
4640	613
4641	627
4642	649
4643	636
4644	675
4645	593
4646	650
4647	646
4648	697
4649	713
4650	662
4651	723
4652	718
4653	627
4654	616
4655	678
4656	600
4657	597
4658	643
4659	692
4660	677
4661	654
4662	686
4663	664
4664	619
4665	617
4666	637
4667	649
4668	712
4669	712
4670	628
4671	690
4672	634
4673	724
4674	633
4675	567
4676	717
4677	681
4678	677
4679	593
4680	617
4681	655
4682	676
4683	679
4684	695
4685	659
4686	663
4687	680
4688	667
4689	652
4690	587
4691	567
4692	627
4693	629
4694	619
4695	666
4696	634
4697	633
4698	615
4699	604
4700	576
4701	602
4702	660
4703	675
4704	552
4705	638
4706	590
4707	664
4708	645
4709	593
4710	614
4711	645
4712	692
4713	616
4714	562
4715	579
4716	672
4717	633
4718	578
4719	567
4720	695
4721	587
4722	664
4723	588
4724	631
4725	592
4726	652
4727	649
4728	568
4729	574
4730	666
4731	710
4732	702
4733	643
4734	611
4735	703
4736	659
4737	609
4738	622
4739	609
4740	691
4741	652
4742	735
4743	650
4744	553
4745	654
4746	689
4747	723
4748	712
4749	711
4750	727
4751	665
4752	676
4753	646
4754	632
4755	762
4756	816
4757	714
4758	713
4759	698
4760	666
4761	702
4762	746
4763	849
4764	802
4765	721
4766	717
4767	815
4768	808
4769	905
4770	820
4771	774
4772	785
4773	820
4774	872
4775	900
4776	913
4777	959
4778	900
4779	780
4780	674
4781	720
4782	740
4783	786
4784	710
4785	787
4786	720
4787	687
4788	729
4789	701
4790	710
4791	736
4792	882
4793	751
4794	820
4795	801
4796	763
4797	712
4798	805
4799	742
4800	746
4801	698
4802	601
4803	808
4804	793
4805	742
4806	706
4807	696
4808	724
4809	648
4810	621
4811	723
4812	713
4813	794
4814	822
4815	758
4816	819
4817	768
4818	718
4819	822
4820	676
4821	631
4822	636
4823	711
4824	723
4825	770
4826	756
4827	700
4828	775
4829	806
4830	737
4831	650
4832	792
4833	717
4834	680
4835	705
4836	728
4837	780
4838	754
4839	772
4840	719
4841	711
4842	762
4843	758
4844	735
4845	791
4846	713
4847	714
4848	732
4849	720
4850	927
4851	739
4852	769
4853	672
4854	610
4855	703
4856	849
4857	769
4858	790
4859	756
4860	801
4861	838
4862	806
4863	767
4864	777
4865	797
4866	676
4867	668
4868	714
4869	723
4870	728
4871	734
4872	692
4873	729
4874	739
4875	707
4876	646
4877	677
4878	816
4879	688
4880	799
4881	707
4882	711
4883	757
4884	592
4885	712
4886	683
4887	720
4888	747
4889	656
4890	710
4891	625
4892	756
4893	693
4894	717
4895	712
4896	640
4897	598
4898	632
4899	638
4900	673
4901	678
4902	655
4903	743
4904	641
4905	607
4906	645
4907	702
4908	708
4909	688
4910	610
4911	596
4912	582
4913	647
4914	615
4915	606
4916	626
4917	583
4918	615
4919	639
4920	633
4921	635
4922	670
4923	658
4924	562
4925	618
4926	647
4927	565
4928	586
4929	565
4930	567
4931	600
4932	577
4933	582
4934	597
4935	622
4936	553
4937	689
4938	581
4939	609
4940	581
4941	621
4942	568
4943	591
4944	588
4945	577
4946	650
4947	577
4948	668
4949	569
4950	623
4951	539
4952	542
4953	603
4954	634
4955	593
4956	590
4957	563
4958	598
4959	581
4960	622
4961	593
4962	547
4963	599
4964	560
4965	634
4966	548
4967	549
4968	590
4969	678
4970	600
4971	554
4972	538
4973	559
4974	546
4975	606
4976	549
4977	539
4978	579
4979	506
4980	487
4981	534
4982	570
4983	493
4984	615
4985	523
4986	495
4987	491
4988	520
4989	583
4990	566
4991	579
4992	488
4993	525
4994	515
4995	489
4996	577
4997	518
4998	495
4999	598
5000	593
5001	562
5002	553
5003	530
5004	570
5005	551
5006	523
5007	477
5008	525
5009	555
5010	545
5011	554
5012	500
5013	566
5014	541
5015	591
5016	546
5017	591
5018	557
5019	599
5020	530
5021	560
5022	568
5023	618
5024	559
5025	531
5026	506
5027	524
5028	519
5029	518
5030	571
5031	552
5032	564
5033	536
5034	517
5035	525
5036	564
5037	467
5038	580
5039	550
5040	537
5041	484
5042	477
5043	568
5044	594
5045	574
5046	556
5047	524
5048	577
5049	562
5050	564
5051	589
5052	555
5053	559
5054	547
5055	479
5056	563
5057	519
5058	529
5059	525
5060	447
5061	565
5062	477
5063	608
5064	481
5065	519
5066	564
5067	471
5068	501
5069	556
5070	573
5071	553
5072	515
5073	537
5074	551
5075	521
5076	500
5077	508
5078	518
5079	515
5080	531
5081	515
5082	499
5083	496
5084	507
5085	572
5086	513
5087	476
5088	514
5089	492
5090	490
5091	572
5092	497
5093	538
5094	531
5095	551
5096	560
5097	509
5098	501
5099	572
5100	513
5101	513
5102	537
5103	555
5104	507
5105	536
5106	492
5107	460
5108	504
5109	527
5110	507
5111	495
5112	523
5113	527
5114	522
5115	539
5116	570
5117	538
5118	544
5119	548
5120	522
5121	503
5122	473
5123	572
5124	502
5125	538
5126	485
5127	474
5128	476
5129	551
5130	417
5131	526
5132	541
5133	479
5134	490
5135	476
5136	529
5137	486
5138	541
5139	494
5140	538
5141	471
5142	490
5143	536
5144	559
5145	552
5146	570
5147	583
5148	496
5149	479
5150	506
5151	554
5152	570
5153	605
5154	553
5155	496
5156	496
5157	512
5158	572
5159	521
5160	540
5161	509
5162	555
5163	485
5164	558
5165	483
5166	576
5167	519
5168	599
5169	600
5170	562
5171	526
5172	552
5173	506
5174	578
5175	496
5176	548
5177	498
5178	557
5179	533
5180	501
5181	528
5182	560
5183	564
5184	552
5185	476
5186	525
5187	542
5188	525
5189	585
5190	543
5191	538
5192	527
5193	538
5194	536
5195	485
5196	550
5197	509
5198	511
5199	521
5200	570
5201	549
5202	540
5203	541
5204	518
5205	531
5206	532
5207	507
5208	470
5209	477
5210	532
5211	513
5212	537
5213	569
5214	540
5215	515
5216	535
5217	509
5218	485
5219	505
5220	540
5221	525
5222	484
5223	493
5224	536
5225	487
5226	496
5227	531
5228	517
5229	508
5230	486
5231	492
5232	476
5233	562
5234	507
5235	528
5236	559
5237	592
5238	465
5239	485
5240	445
5241	536
5242	463
5243	454
5244	515
5245	500
5246	474
5247	524
5248	490
5249	474
5250	554
5251	518
5252	462
5253	481
5254	481
5255	479
5256	498
5257	489
5258	407
5259	501
5260	528

