## htsjdk.samtools.metrics.StringHeader
# CollectInsertSizeMetrics HISTOGRAM_FILE=/work/ugbogu/pipeline/data/nbl/GSE189367/results/picard/SRR17011005_insert_size_histogram.pdf MINIMUM_PCT=0.5 INPUT=/work/ugbogu/pipeline/data/nbl/GSE189367/results/star/SRR17011005.Aligned.sortedByCoord.out.bam OUTPUT=/work/ugbogu/pipeline/data/nbl/GSE189367/results/picard/SRR17011005_insert_size_metrics.txt    DEVIATIONS=10.0 METRIC_ACCUMULATION_LEVEL=[ALL_READS] INCLUDE_DUPLICATES=false ASSUME_SORTED=true STOP_AFTER=0 VERBOSITY=INFO QUIET=false VALIDATION_STRINGENCY=STRICT COMPRESSION_LEVEL=5 MAX_RECORDS_IN_RAM=500000 CREATE_INDEX=false CREATE_MD5_FILE=false USE_JDK_DEFLATER=false USE_JDK_INFLATER=false
## htsjdk.samtools.metrics.StringHeader
# Started on: Tue Apr 14 20:01:46 UTC 2026

## METRICS CLASS	picard.analysis.InsertSizeMetrics
MEDIAN_INSERT_SIZE	MODE_INSERT_SIZE	MEDIAN_ABSOLUTE_DEVIATION	MIN_INSERT_SIZE	MAX_INSERT_SIZE	MEAN_INSERT_SIZE	STANDARD_DEVIATION	READ_PAIRS	PAIR_ORIENTATION	WIDTH_OF_10_PERCENT	WIDTH_OF_20_PERCENT	WIDTH_OF_30_PERCENT	WIDTH_OF_40_PERCENT	WIDTH_OF_50_PERCENT	WIDTH_OF_60_PERCENT	WIDTH_OF_70_PERCENT	WIDTH_OF_80_PERCENT	WIDTH_OF_90_PERCENT	WIDTH_OF_95_PERCENT	WIDTH_OF_99_PERCENT	SAMPLE	LIBRARY	READ_GROUP
643	134	522	23	3436003	1083.785333	1383.01536	32005469	FR	523	801	921	991	1045	1427	3653	7965	21293	57227	161667			

## HISTOGRAM	java.lang.Integer
insert_size	All_Reads.fr_count
23	1
24	1
29	1
30	1
31	1
32	3
33	12
34	17
35	159
36	128
37	183
38	193
39	172
40	238
41	226
42	228
43	294
44	273
45	357
46	351
47	361
48	414
49	562
50	567
51	576
52	651
53	660
54	718
55	764
56	802
57	963
58	1139
59	1301
60	1425
61	1610
62	1797
63	1944
64	1965
65	2149
66	2489
67	2882
68	3206
69	3329
70	4017
71	4538
72	4614
73	5744
74	6179
75	12045
76	8556
77	8415
78	10975
79	10297
80	10622
81	11714
82	12482
83	13942
84	15305
85	16517
86	18139
87	19343
88	20889
89	22951
90	24686
91	27500
92	30101
93	31869
94	35124
95	38578
96	40774
97	44912
98	47781
99	50718
100	53241
101	56144
102	58423
103	62476
104	66721
105	70975
106	74622
107	77517
108	79106
109	83328
110	85566
111	87055
112	90946
113	93013
114	94724
115	97419
116	100864
117	102614
118	106893
119	106432
120	108774
121	111021
122	111877
123	113836
124	116665
125	115496
126	115680
127	118242
128	116793
129	116410
130	116952
131	116799
132	115878
133	118052
134	118277
135	116334
136	118117
137	116365
138	116814
139	115593
140	115843
141	113906
142	112690
143	111269
144	111472
145	110534
146	108476
147	105519
148	108145
149	105132
150	103447
151	106729
152	103616
153	102606
154	102054
155	100826
156	100120
157	98404
158	97287
159	95226
160	95151
161	93472
162	91897
163	90259
164	89752
165	86529
166	87637
167	85465
168	85249
169	85039
170	84139
171	81117
172	81211
173	79414
174	77287
175	76630
176	76724
177	74104
178	74311
179	72920
180	71900
181	71154
182	70831
183	68873
184	67796
185	67592
186	66407
187	66674
188	65586
189	63063
190	63226
191	63370
192	61855
193	60925
194	60315
195	58681
196	58561
197	57698
198	56456
199	54880
200	55653
201	55392
202	54845
203	53932
204	53246
205	52486
206	51053
207	50392
208	50865
209	49585
210	48641
211	48342
212	48538
213	47739
214	46805
215	46603
216	45747
217	45341
218	45380
219	43929
220	43515
221	43396
222	43040
223	42307
224	41829
225	41252
226	40905
227	41492
228	40137
229	39977
230	40751
231	39575
232	38557
233	39155
234	37688
235	38133
236	37400
237	36377
238	36030
239	35192
240	35073
241	34434
242	34767
243	33733
244	33531
245	33562
246	33075
247	32333
248	32397
249	31500
250	31846
251	31480
252	31019
253	30331
254	29923
255	29925
256	29042
257	29455
258	28927
259	28368
260	28390
261	28118
262	28086
263	27780
264	27352
265	27373
266	26943
267	26783
268	26044
269	26033
270	25389
271	25345
272	25058
273	24687
274	24610
275	24754
276	24353
277	23383
278	23728
279	23129
280	22604
281	22902
282	22284
283	22384
284	22659
285	21722
286	21651
287	21283
288	21118
289	21003
290	20392
291	20360
292	20783
293	20218
294	20020
295	19777
296	19420
297	18940
298	19156
299	18799
300	18787
301	18528
302	18951
303	18410
304	18541
305	18026
306	17905
307	17443
308	17705
309	17326
310	17096
311	17183
312	16816
313	16431
314	16714
315	16680
316	16017
317	16284
318	15772
319	15617
320	15775
321	15614
322	15542
323	15519
324	15473
325	15349
326	14952
327	14595
328	14962
329	14557
330	14403
331	14523
332	14373
333	13967
334	14019
335	14170
336	13756
337	13819
338	13630
339	13548
340	13702
341	13553
342	13332
343	13092
344	13204
345	12993
346	13188
347	12893
348	13181
349	12521
350	12547
351	12637
352	12731
353	12240
354	12336
355	12268
356	12115
357	12319
358	12104
359	11684
360	11801
361	11785
362	11896
363	11730
364	11428
365	11460
366	11612
367	11303
368	11405
369	11299
370	11245
371	11079
372	10728
373	10655
374	10475
375	10528
376	10463
377	10646
378	10645
379	10318
380	10357
381	10298
382	10255
383	9942
384	10105
385	10054
386	10036
387	10054
388	9959
389	9993
390	9979
391	9722
392	10033
393	9895
394	9460
395	9649
396	9727
397	9584
398	9152
399	9188
400	9309
401	9345
402	9396
403	9464
404	9164
405	8960
406	8977
407	8949
408	8793
409	8923
410	8729
411	8938
412	8883
413	8730
414	8833
415	8695
416	8748
417	8655
418	9006
419	8514
420	8480
421	8177
422	8430
423	8442
424	8396
425	8562
426	8197
427	8667
428	8398
429	8604
430	8244
431	8207
432	8339
433	8078
434	8073
435	8061
436	7891
437	8023
438	7662
439	7759
440	7907
441	8067
442	8151
443	7990
444	8169
445	7891
446	7717
447	7780
448	7732
449	7806
450	7618
451	7739
452	7723
453	7744
454	8056
455	7920
456	7578
457	7379
458	7484
459	7588
460	7386
461	7658
462	7338
463	7121
464	7350
465	7282
466	7353
467	7293
468	7100
469	7248
470	7386
471	7108
472	7222
473	7219
474	6913
475	7014
476	7023
477	7212
478	6983
479	6952
480	6995
481	6956
482	6832
483	6695
484	7018
485	6908
486	6895
487	6852
488	7009
489	6810
490	6797
491	6839
492	6888
493	6778
494	6570
495	6669
496	6977
497	6675
498	6808
499	6756
500	6753
501	6646
502	6512
503	6675
504	6678
505	6764
506	6621
507	7070
508	6750
509	6702
510	6908
511	6748
512	6672
513	6467
514	6736
515	6775
516	6538
517	6690
518	6530
519	6765
520	6861
521	6587
522	6608
523	6643
524	6552
525	6647
526	6434
527	6525
528	6227
529	6272
530	6341
531	6483
532	6548
533	6436
534	6331
535	6552
536	6608
537	6547
538	6388
539	6445
540	6553
541	6579
542	6336
543	6578
544	6278
545	6621
546	6397
547	6317
548	6425
549	6042
550	6367
551	6226
552	5997
553	6230
554	6375
555	6295
556	6429
557	6298
558	6161
559	6227
560	5939
561	6237
562	6152
563	6141
564	6105
565	6176
566	6347
567	6264
568	6238
569	6048
570	6090
571	6003
572	5900
573	6295
574	6206
575	6275
576	5962
577	6019
578	6137
579	6020
580	6080
581	6113
582	6077
583	6155
584	6081
585	6219
586	6149
587	6122
588	6022
589	6217
590	6027
591	5936
592	6166
593	6060
594	5985
595	6059
596	6009
597	5954
598	6017
599	5989
600	5824
601	5774
602	5938
603	6079
604	5856
605	6068
606	5995
607	5890
608	5798
609	5763
610	5545
611	5863
612	5622
613	5776
614	5885
615	5950
616	5718
617	5767
618	5668
619	5837
620	5774
621	5872
622	5473
623	5654
624	5719
625	5923
626	5953
627	5856
628	5699
629	5531
630	5678
631	5790
632	5914
633	5754
634	5845
635	5783
636	5814
637	5508
638	5784
639	5641
640	5503
641	5534
642	5523
643	5755
644	5570
645	5801
646	5668
647	5692
648	5540
649	5876
650	5485
651	5399
652	5595
653	5471
654	5481
655	5746
656	5605
657	5641
658	5590
659	5745
660	5651
661	5468
662	5448
663	5775
664	5730
665	5792
666	5535
667	5432
668	5506
669	5668
670	5782
671	5517
672	5580
673	5574
674	5487
675	5399
676	5579
677	5411
678	5870
679	5529
680	5945
681	5620
682	5727
683	5516
684	5403
685	5419
686	5548
687	5518
688	5418
689	5301
690	5594
691	5652
692	5693
693	5779
694	5690
695	5877
696	5695
697	5718
698	5629
699	5568
700	5657
701	5654
702	5570
703	5645
704	5347
705	5461
706	5560
707	5529
708	5822
709	5531
710	5558
711	5353
712	5466
713	5490
714	5662
715	5611
716	5606
717	5548
718	5509
719	5398
720	5504
721	5656
722	5327
723	5603
724	5745
725	5639
726	5646
727	5620
728	5439
729	5429
730	5433
731	5366
732	5474
733	5520
734	5527
735	5433
736	5485
737	5536
738	5343
739	5557
740	5338
741	5464
742	5621
743	5308
744	5353
745	5403
746	5077
747	5264
748	5369
749	5191
750	5308
751	5193
752	5296
753	5135
754	5196
755	5404
756	5237
757	5088
758	5540
759	5452
760	5339
761	5118
762	5423
763	5311
764	5136
765	5179
766	5356
767	5348
768	5189
769	5282
770	5314
771	5119
772	5203
773	5116
774	4925
775	5141
776	5045
777	5212
778	5263
779	4992
780	5067
781	5204
782	4841
783	4985
784	5072
785	5163
786	5050
787	5307
788	4911
789	5004
790	4847
791	5220
792	5191
793	5272
794	5447
795	5223
796	5141
797	5207
798	5250
799	4773
800	5063
801	5035
802	5270
803	5138
804	5309
805	5174
806	5357
807	4869
808	5176
809	4987
810	4860
811	5087
812	5031
813	4913
814	4926
815	5120
816	4955
817	4932
818	4806
819	4909
820	4871
821	4903
822	5009
823	4886
824	4578
825	4811
826	4831
827	4730
828	4832
829	4925
830	4854
831	4823
832	5029
833	4829
834	4882
835	4821
836	4902
837	5082
838	4973
839	5037
840	4777
841	4891
842	4835
843	4979
844	4956
845	4750
846	4827
847	4847
848	4956
849	4812
850	4785
851	4680
852	4656
853	4827
854	4683
855	4899
856	4728
857	4681
858	4824
859	4789
860	4884
861	4901
862	4564
863	4789
864	4815
865	4909
866	4718
867	4978
868	4780
869	4754
870	4692
871	4769
872	4913
873	4845
874	4822
875	4604
876	4844
877	4787
878	4653
879	4688
880	4881
881	4777
882	4669
883	4854
884	4771
885	4761
886	4813
887	4841
888	4753
889	4669
890	4588
891	4810
892	4639
893	4938
894	4779
895	4846
896	4580
897	4581
898	4540
899	4605
900	4572
901	4573
902	4665
903	4607
904	4691
905	4522
906	4584
907	4719
908	4711
909	4534
910	4445
911	4465
912	4792
913	4525
914	4645
915	4517
916	4758
917	4995
918	4685
919	4665
920	4684
921	4670
922	4799
923	4691
924	4697
925	4479
926	4793
927	4705
928	4682
929	4853
930	4716
931	4634
932	4741
933	4746
934	4550
935	4600
936	4800
937	4858
938	4659
939	4658
940	4595
941	4675
942	4715
943	4774
944	4480
945	4686
946	4588
947	4715
948	4603
949	4633
950	4806
951	4560
952	4748
953	4503
954	4454
955	4601
956	4682
957	4765
958	4560
959	4644
960	4430
961	4592
962	4598
963	4701
964	4319
965	4461
966	4686
967	4577
968	4608
969	4593
970	4626
971	4538
972	4711
973	4475
974	4545
975	4451
976	4620
977	4597
978	4589
979	4390
980	4408
981	4480
982	4360
983	4398
984	4410
985	4511
986	4646
987	4534
988	4426
989	4460
990	4461
991	4371
992	4355
993	4335
994	4354
995	4476
996	4510
997	4251
998	4311
999	4111
1000	4489
1001	4445
1002	4425
1003	4092
1004	4224
1005	4378
1006	4199
1007	4331
1008	4311
1009	4448
1010	4225
1011	4248
1012	4326
1013	4434
1014	4392
1015	4338
1016	4309
1017	4208
1018	4241
1019	4191
1020	4054
1021	4234
1022	4204
1023	4234
1024	4127
1025	4128
1026	4246
1027	4182
1028	4169
1029	4113
1030	3959
1031	3928
1032	4100
1033	4198
1034	4172
1035	4172
1036	4135
1037	4171
1038	4211
1039	3970
1040	4008
1041	4063
1042	3930
1043	4084
1044	4133
1045	3947
1046	4137
1047	4058
1048	4191
1049	3974
1050	3960
1051	4038
1052	4054
1053	4090
1054	4120
1055	3961
1056	4071
1057	4126
1058	3891
1059	4188
1060	3973
1061	4038
1062	3909
1063	4025
1064	4112
1065	4083
1066	4053
1067	4181
1068	4073
1069	3865
1070	3986
1071	4037
1072	3988
1073	4089
1074	4108
1075	3923
1076	4001
1077	3913
1078	3871
1079	4099
1080	3982
1081	3883
1082	3754
1083	3924
1084	3862
1085	3845
1086	3978
1087	3981
1088	3809
1089	3960
1090	3958
1091	3885
1092	3854
1093	3999
1094	4097
1095	3953
1096	3980
1097	3870
1098	3946
1099	4135
1100	3821
1101	3913
1102	4033
1103	3977
1104	3933
1105	4007
1106	3902
1107	4055
1108	3960
1109	4115
1110	4049
1111	4072
1112	4044
1113	4069
1114	4031
1115	4288
1116	4091
1117	3965
1118	3989
1119	3944
1120	3957
1121	3941
1122	4106
1123	4142
1124	4118
1125	3748
1126	3857
1127	3860
1128	4081
1129	3873
1130	4055
1131	3964
1132	4075
1133	3852
1134	3920
1135	3918
1136	4043
1137	3960
1138	4000
1139	4190
1140	3924
1141	4107
1142	4121
1143	4028
1144	4057
1145	4088
1146	4042
1147	4025
1148	4129
1149	3951
1150	4099
1151	4255
1152	4155
1153	3990
1154	3967
1155	4053
1156	4113
1157	4125
1158	4134
1159	4292
1160	4144
1161	4069
1162	4223
1163	4071
1164	4260
1165	4203
1166	4147
1167	4136
1168	3928
1169	3931
1170	3695
1171	3951
1172	4043
1173	3931
1174	4068
1175	3976
1176	3929
1177	4017
1178	3997
1179	3922
1180	3999
1181	3999
1182	3832
1183	3885
1184	4134
1185	4124
1186	3974
1187	4091
1188	3947
1189	3761
1190	4065
1191	4002
1192	3934
1193	4000
1194	4016
1195	3980
1196	3942
1197	3996
1198	3830
1199	3915
1200	4009
1201	4035
1202	3859
1203	3907
1204	3907
1205	4070
1206	3930
1207	4108
1208	3856
1209	4007
1210	4120
1211	3960
1212	3949
1213	3801
1214	3819
1215	3950
1216	3890
1217	4047
1218	3999
1219	3947
1220	3955
1221	3968
1222	3995
1223	3869
1224	4060
1225	4081
1226	4107
1227	4177
1228	4139
1229	3882
1230	3948
1231	4165
1232	3981
1233	3855
1234	4051
1235	3916
1236	3825
1237	3987
1238	3881
1239	3926
1240	3822
1241	4008
1242	3925
1243	3933
1244	3849
1245	4035
1246	3822
1247	3912
1248	3951
1249	3929
1250	4128
1251	4041
1252	3989
1253	3923
1254	4004
1255	4015
1256	4033
1257	3999
1258	4113
1259	3925
1260	3951
1261	3894
1262	3964
1263	4101
1264	4013
1265	4232
1266	4028
1267	4224
1268	3935
1269	4037
1270	3928
1271	4084
1272	4039
1273	3893
1274	3831
1275	3808
1276	3798
1277	3678
1278	3717
1279	3824
1280	3694
1281	3812
1282	3743
1283	3804
1284	3827
1285	3806
1286	3640
1287	3728
1288	3818
1289	3773
1290	3710
1291	3675
1292	3746
1293	3734
1294	3622
1295	3822
1296	3558
1297	3588
1298	3843
1299	3753
1300	3643
1301	3830
1302	3637
1303	3770
1304	3803
1305	3658
1306	3498
1307	3737
1308	3652
1309	3693
1310	3760
1311	3562
1312	3492
1313	3559
1314	3747
1315	3619
1316	3548
1317	3629
1318	3596
1319	3630
1320	3496
1321	3595
1322	3655
1323	3481
1324	3560
1325	3677
1326	3698
1327	3520
1328	3490
1329	3573
1330	3429
1331	3508
1332	3562
1333	3522
1334	3588
1335	3519
1336	3395
1337	3439
1338	3517
1339	3431
1340	3553
1341	3461
1342	3423
1343	3474
1344	3257
1345	3498
1346	3494
1347	3405
1348	3444
1349	3314
1350	3494
1351	3573
1352	3490
1353	3456
1354	3448
1355	3585
1356	3610
1357	3358
1358	3495
1359	3522
1360	3498
1361	3381
1362	3564
1363	3582
1364	3370
1365	3395
1366	3277
1367	3405
1368	3306
1369	3413
1370	3396
1371	3407
1372	3431
1373	3415
1374	3443
1375	3413
1376	3369
1377	3344
1378	3347
1379	3476
1380	3460
1381	3244
1382	3529
1383	3403
1384	3404
1385	3535
1386	3407
1387	3430
1388	3373
1389	3390
1390	3314
1391	3311
1392	3450
1393	3190
1394	3298
1395	3163
1396	3426
1397	3448
1398	3364
1399	3433
1400	3402
1401	3327
1402	3333
1403	3288
1404	3274
1405	3181
1406	3436
1407	3268
1408	3291
1409	3308
1410	3435
1411	3303
1412	3369
1413	3357
1414	3283
1415	3266
1416	3212
1417	3319
1418	3281
1419	3310
1420	3176
1421	3202
1422	3167
1423	3269
1424	3121
1425	3300
1426	3195
1427	3395
1428	3164
1429	3406
1430	3216
1431	3193
1432	3293
1433	3315
1434	3309
1435	3241
1436	3215
1437	3341
1438	3254
1439	3187
1440	3360
1441	3264
1442	3333
1443	3219
1444	3244
1445	3156
1446	3240
1447	3469
1448	3129
1449	3250
1450	3336
1451	3251
1452	3294
1453	3260
1454	3216
1455	3191
1456	3376
1457	3200
1458	3370
1459	3394
1460	3463
1461	3342
1462	3417
1463	3334
1464	3339
1465	3385
1466	3307
1467	3317
1468	3271
1469	3501
1470	3360
1471	3405
1472	3408
1473	3630
1474	3466
1475	3440
1476	3451
1477	3469
1478	3289
1479	3311
1480	3421
1481	3255
1482	3203
1483	3447
1484	3391
1485	3483
1486	3471
1487	3456
1488	3520
1489	3511
1490	3599
1491	3559
1492	3682
1493	3727
1494	3719
1495	3495
1496	3854
1497	3562
1498	3721
1499	3597
1500	3561
1501	3606
1502	3687
1503	3377
1504	3603
1505	3511
1506	3583
1507	3486
1508	3515
1509	3562
1510	3638
1511	3728
1512	3509
1513	3573
1514	3433
1515	3416
1516	3489
1517	3559
1518	3651
1519	3596
1520	3656
1521	3592
1522	3661
1523	3617
1524	3792
1525	3740
1526	3499
1527	3530
1528	3577
1529	3439
1530	3718
1531	3495
1532	3695
1533	3630
1534	3517
1535	3644
1536	3563
1537	3459
1538	3506
1539	3620
1540	3572
1541	3715
1542	3705
1543	3501
1544	3650
1545	3333
1546	3545
1547	3517
1548	3523
1549	3684
1550	3685
1551	3636
1552	3342
1553	3676
1554	3640
1555	3597
1556	3820
1557	3922
1558	3775
1559	3741
1560	3589
1561	3501
1562	3722
1563	3592
1564	3674
1565	3728
1566	3447
1567	3521
1568	3693
1569	3639
1570	3630
1571	3402
1572	3540
1573	3523
1574	3628
1575	3682
1576	3336
1577	3321
1578	3474
1579	3225
1580	3421
1581	3451
1582	3450
1583	3460
1584	3468
1585	3666
1586	3568
1587	3767
1588	3555
1589	3607
1590	3509
1591	3598
1592	3648
1593	3487
1594	3518
1595	3434
1596	3272
1597	3176
1598	3402
1599	3370
1600	3534
1601	3313
1602	3323
1603	3533
1604	3356
1605	3525
1606	3397
1607	3660
1608	3314
1609	3439
1610	3359
1611	3320
1612	3088
1613	3205
1614	3324
1615	3427
1616	3297
1617	3185
1618	3395
1619	3225
1620	3340
1621	3377
1622	3353
1623	3277
1624	3332
1625	3321
1626	3275
1627	3586
1628	3233
1629	3218
1630	3267
1631	3430
1632	3395
1633	3321
1634	3293
1635	3395
1636	3238
1637	3368
1638	3234
1639	3400
1640	3440
1641	3363
1642	3527
1643	3376
1644	3338
1645	3301
1646	3239
1647	3185
1648	3204
1649	3314
1650	3184
1651	3292
1652	3498
1653	3323
1654	3233
1655	3229
1656	3265
1657	3192
1658	3304
1659	3234
1660	3105
1661	3209
1662	3375
1663	3168
1664	3183
1665	3286
1666	3114
1667	3310
1668	3217
1669	3319
1670	3431
1671	3241
1672	3440
1673	3343
1674	3309
1675	3229
1676	3358
1677	3096
1678	3243
1679	3239
1680	3251
1681	3269
1682	3357
1683	3238
1684	3282
1685	3219
1686	3252
1687	3185
1688	3399
1689	3264
1690	3321
1691	3379
1692	3371
1693	3266
1694	3194
1695	3289
1696	3149
1697	3213
1698	3324
1699	3355
1700	3104
1701	3243
1702	3291
1703	3389
1704	3390
1705	3449
1706	3413
1707	3277
1708	3221
1709	3435
1710	3498
1711	3318
1712	3476
1713	3350
1714	3192
1715	3422
1716	3451
1717	3472
1718	3239
1719	3110
1720	3211
1721	3279
1722	3219
1723	3358
1724	3318
1725	3246
1726	3243
1727	3254
1728	3249
1729	3479
1730	3277
1731	3328
1732	3417
1733	3258
1734	3176
1735	3319
1736	3206
1737	3174
1738	3290
1739	3212
1740	3059
1741	3340
1742	3276
1743	3150
1744	3233
1745	3316
1746	3206
1747	3213
1748	3313
1749	3157
1750	3385
1751	3155
1752	3294
1753	3295
1754	3357
1755	3119
1756	3339
1757	3187
1758	3212
1759	3157
1760	3353
1761	3228
1762	2887
1763	3297
1764	3136
1765	3215
1766	2978
1767	3264
1768	3009
1769	3224
1770	3113
1771	3359
1772	3288
1773	3162
1774	3201
1775	3133
1776	3036
1777	3031
1778	3029
1779	2968
1780	3125
1781	2996
1782	2965
1783	3008
1784	2998
1785	2894
1786	3022
1787	2865
1788	3159
1789	2854
1790	2919
1791	2870
1792	2977
1793	2985
1794	2922
1795	3035
1796	2963
1797	2904
1798	2859
1799	2948
1800	3007
1801	2928
1802	2921
1803	2748
1804	2870
1805	2922
1806	2921
1807	2814
1808	2948
1809	2891
1810	2927
1811	2769
1812	2800
1813	2737
1814	2813
1815	2748
1816	2922
1817	2881
1818	2759
1819	2908
1820	2814
1821	2670
1822	2834
1823	2765
1824	2816
1825	2858
1826	2903
1827	2782
1828	2957
1829	2694
1830	2790
1831	2720
1832	2885
1833	2906
1834	2745
1835	2805
1836	2637
1837	2652
1838	2693
1839	2802
1840	2781
1841	2638
1842	2852
1843	2747
1844	2675
1845	2799
1846	2800
1847	2607
1848	2695
1849	2886
1850	2753
1851	2785
1852	2832
1853	2692
1854	2780
1855	2725
1856	2827
1857	2753
1858	2653
1859	2774
1860	2647
1861	2801
1862	2761
1863	2761
1864	2791
1865	2678
1866	2737
1867	2854
1868	2925
1869	2682
1870	2687
1871	2723
1872	2763
1873	2890
1874	2819
1875	2798
1876	2749
1877	2571
1878	2648
1879	2678
1880	2691
1881	2641
1882	2789
1883	2936
1884	2743
1885	2772
1886	2800
1887	2641
1888	2811
1889	2715
1890	2594
1891	2672
1892	2780
1893	2800
1894	2744
1895	2792
1896	2713
1897	2862
1898	2767
1899	2802
1900	2815
1901	2836
1902	2718
1903	2838
1904	2788
1905	2732
1906	2740
1907	2826
1908	2813
1909	2917
1910	2775
1911	2857
1912	2879
1913	2837
1914	2810
1915	2832
1916	2748
1917	2813
1918	2816
1919	2848
1920	2802
1921	2798
1922	2789
1923	2878
1924	2770
1925	2820
1926	2781
1927	2621
1928	2538
1929	2830
1930	2678
1931	2817
1932	2841
1933	2750
1934	2763
1935	2768
1936	2777
1937	2603
1938	2789
1939	2923
1940	2754
1941	2734
1942	2875
1943	2890
1944	2810
1945	2698
1946	2724
1947	2715
1948	2824
1949	2705
1950	2903
1951	2775
1952	2754
1953	2889
1954	2864
1955	2771
1956	2731
1957	2842
1958	2824
1959	2693
1960	2808
1961	2751
1962	2723
1963	2809
1964	2751
1965	2882
1966	2843
1967	2715
1968	2888
1969	2784
1970	2741
1971	2666
1972	2717
1973	2916
1974	2764
1975	2752
1976	2885
1977	2928
1978	3003
1979	2997
1980	2906
1981	3048
1982	3083
1983	2969
1984	2793
1985	3021
1986	2821
1987	2913
1988	2862
1989	2825
1990	2899
1991	3041
1992	3194
1993	3098
1994	3135
1995	2921
1996	3131
1997	2928
1998	2880
1999	3073
2000	2928
2001	2907
2002	3093
2003	3008
2004	3081
2005	3056
2006	3019
2007	2895
2008	3089
2009	3190
2010	2991
2011	2958
2012	3086
2013	3168
2014	3129
2015	3077
2016	3148
2017	3072
2018	2861
2019	3132
2020	2948
2021	3101
2022	3272
2023	3018
2024	3125
2025	3136
2026	2889
2027	3239
2028	3202
2029	3252
2030	2975
2031	3008
2032	2976
2033	2982
2034	3054
2035	3046
2036	3127
2037	3084
2038	3151
2039	3069
2040	3013
2041	3115
2042	2955
2043	3074
2044	2928
2045	3156
2046	2960
2047	3069
2048	3052
2049	2985
2050	3039
2051	3066
2052	3030
2053	2954
2054	2999
2055	3027
2056	3077
2057	3068
2058	3016
2059	2910
2060	2910
2061	2813
2062	2862
2063	3005
2064	3033
2065	2919
2066	2892
2067	2892
2068	2864
2069	2910
2070	2861
2071	2769
2072	2884
2073	2882
2074	2777
2075	2741
2076	2849
2077	2802
2078	2677
2079	2947
2080	2615
2081	2799
2082	2664
2083	2783
2084	2774
2085	2818
2086	2745
2087	2656
2088	2707
2089	2848
2090	2747
2091	2778
2092	2751
2093	2625
2094	2543
2095	2663
2096	2563
2097	2602
2098	2648
2099	2616
2100	2702
2101	2502
2102	2731
2103	2738
2104	2463
2105	2584
2106	2636
2107	2661
2108	2653
2109	2488
2110	2673
2111	2525
2112	2502
2113	2530
2114	2647
2115	2486
2116	2504
2117	2469
2118	2738
2119	2522
2120	2646
2121	2510
2122	2631
2123	2676
2124	2468
2125	2584
2126	2418
2127	2580
2128	2496
2129	2655
2130	2604
2131	2467
2132	2583
2133	2542
2134	2582
2135	2722
2136	2636
2137	2466
2138	2535
2139	2534
2140	2359
2141	2489
2142	2459
2143	2503
2144	2432
2145	2322
2146	2562
2147	2397
2148	2519
2149	2445
2150	2472
2151	2495
2152	2517
2153	2477
2154	2361
2155	2331
2156	2444
2157	2296
2158	2465
2159	2428
2160	2474
2161	2367
2162	2526
2163	2444
2164	2459
2165	2396
2166	2550
2167	2483
2168	2523
2169	2418
2170	2542
2171	2518
2172	2468
2173	2349
2174	2577
2175	2559
2176	2415
2177	2512
2178	2457
2179	2586
2180	2428
2181	2463
2182	2447
2183	2486
2184	2393
2185	2411
2186	2591
2187	2456
2188	2446
2189	2477
2190	2357
2191	2551
2192	2247
2193	2359
2194	2420
2195	2441
2196	2393
2197	2436
2198	2412
2199	2314
2200	2455
2201	2419
2202	2497
2203	2538
2204	2557
2205	2558
2206	2536
2207	2430
2208	2491
2209	2566
2210	2502
2211	2575
2212	2441
2213	2384
2214	2372
2215	2487
2216	2324
2217	2438
2218	2256
2219	2425
2220	2365
2221	2361
2222	2416
2223	2450
2224	2379
2225	2445
2226	2482
2227	2503
2228	2343
2229	2369
2230	2453
2231	2351
2232	2516
2233	2529
2234	2502
2235	2674
2236	2486
2237	2571
2238	2441
2239	2489
2240	2400
2241	2484
2242	2626
2243	2743
2244	2466
2245	2509
2246	2374
2247	2376
2248	2592
2249	2579
2250	2468
2251	2367
2252	2369
2253	2531
2254	2719
2255	2529
2256	2512
2257	2448
2258	2524
2259	2664
2260	2502
2261	2500
2262	2488
2263	2599
2264	2647
2265	2440
2266	2397
2267	2368
2268	2409
2269	2524
2270	2489
2271	2520
2272	2444
2273	2488
2274	2249
2275	2481
2276	2463
2277	2494
2278	2583
2279	2465
2280	2458
2281	2317
2282	2416
2283	2275
2284	2332
2285	2472
2286	2467
2287	2329
2288	2383
2289	2427
2290	2399
2291	2398
2292	2315
2293	2339
2294	2373
2295	2364
2296	2370
2297	2352
2298	2414
2299	2423
2300	2352
2301	2474
2302	2279
2303	2322
2304	2389
2305	2387
2306	2396
2307	2346
2308	2523
2309	2376
2310	2398
2311	2259
2312	2358
2313	2305
2314	2384
2315	2398
2316	2406
2317	2241
2318	2419
2319	2557
2320	2542
2321	2457
2322	2317
2323	2452
2324	2359
2325	2390
2326	2460
2327	2362
2328	2378
2329	2326
2330	2349
2331	2393
2332	2378
2333	2274
2334	2241
2335	2343
2336	2230
2337	2313
2338	2195
2339	2258
2340	2377
2341	2249
2342	2412
2343	2268
2344	2275
2345	2235
2346	2302
2347	2237
2348	2326
2349	2232
2350	2273
2351	2163
2352	2256
2353	2059
2354	2253
2355	2243
2356	2082
2357	2313
2358	2205
2359	2195
2360	2330
2361	2187
2362	2284
2363	2233
2364	2141
2365	2212
2366	2106
2367	2208
2368	2127
2369	2042
2370	2091
2371	2230
2372	2054
2373	2169
2374	2142
2375	2047
2376	2137
2377	2146
2378	2052
2379	2130
2380	2224
2381	2149
2382	2058
2383	2158
2384	2178
2385	2095
2386	2059
2387	2041
2388	2082
2389	2129
2390	2024
2391	2071
2392	2114
2393	2027
2394	2031
2395	2029
2396	2081
2397	1994
2398	2035
2399	2004
2400	2090
2401	2023
2402	2114
2403	1989
2404	2019
2405	2157
2406	1982
2407	1935
2408	1988
2409	1989
2410	2096
2411	2029
2412	1954
2413	1801
2414	2029
2415	2061
2416	2076
2417	2064
2418	1968
2419	1968
2420	1937
2421	1965
2422	2045
2423	2015
2424	1990
2425	1967
2426	2001
2427	1905
2428	2030
2429	1921
2430	2094
2431	1931
2432	1923
2433	1815
2434	1954
2435	2024
2436	2003
2437	2056
2438	2024
2439	2004
2440	1977
2441	1934
2442	1938
2443	1923
2444	1934
2445	1943
2446	2044
2447	2027
2448	1930
2449	1892
2450	1887
2451	1875
2452	1929
2453	1944
2454	1853
2455	1937
2456	1979
2457	1962
2458	1976
2459	1962
2460	1859
2461	1858
2462	1949
2463	2079
2464	1863
2465	1859
2466	1900
2467	1989
2468	1934
2469	2035
2470	2023
2471	1863
2472	1933
2473	1873
2474	2017
2475	1910
2476	1963
2477	1981
2478	1866
2479	1918
2480	2016
2481	1999
2482	2001
2483	2049
2484	2019
2485	2202
2486	1975
2487	2066
2488	1908
2489	1910
2490	1952
2491	1986
2492	1964
2493	1973
2494	2033
2495	1984
2496	1875
2497	2109
2498	2005
2499	1904
2500	1975
2501	1893
2502	2008
2503	1990
2504	2012
2505	1943
2506	2046
2507	2071
2508	2031
2509	2049
2510	1949
2511	2005
2512	2155
2513	2111
2514	2094
2515	2081
2516	2172
2517	2045
2518	2011
2519	1990
2520	2012
2521	2014
2522	1946
2523	1963
2524	1975
2525	1918
2526	2027
2527	1978
2528	2048
2529	2186
2530	2037
2531	2111
2532	2063
2533	2111
2534	2051
2535	1962
2536	1980
2537	2033
2538	1990
2539	1962
2540	1981
2541	1962
2542	1984
2543	2089
2544	1984
2545	2127
2546	1935
2547	1938
2548	1989
2549	2049
2550	2003
2551	1956
2552	1987
2553	1923
2554	1944
2555	1914
2556	1955
2557	2095
2558	1974
2559	2098
2560	1931
2561	1872
2562	2062
2563	2078
2564	1952
2565	1978
2566	2010
2567	2085
2568	1980
2569	1888
2570	1947
2571	2022
2572	2065
2573	2014
2574	1967
2575	1964
2576	1980
2577	2015
2578	1867
2579	2012
2580	1975
2581	1933
2582	2029
2583	2071
2584	1956
2585	1911
2586	1931
2587	1894
2588	1925
2589	1994
2590	1908
2591	2000
2592	1799
2593	1959
2594	1845
2595	1840
2596	2063
2597	1980
2598	1965
2599	1919
2600	1916
2601	1799
2602	1784
2603	1970
2604	1916
2605	2001
2606	1821
2607	2062
2608	1940
2609	1887
2610	1947
2611	1915
2612	1924
2613	1985
2614	1840
2615	1939
2616	2012
2617	1801
2618	1963
2619	1977
2620	1889
2621	1967
2622	2015
2623	2034
2624	2038
2625	2107
2626	1935
2627	1946
2628	2019
2629	1979
2630	2007
2631	1994
2632	1815
2633	2045
2634	2147
2635	2127
2636	2076
2637	2048
2638	2069
2639	2149
2640	1940
2641	2150
2642	2029
2643	2172
2644	2143
2645	2040
2646	2004
2647	2055
2648	1979
2649	1892
2650	2098
2651	2032
2652	2176
2653	2130
2654	2183
2655	2114
2656	2017
2657	2144
2658	2118
2659	2102
2660	1912
2661	2073
2662	1954
2663	2029
2664	2125
2665	2115
2666	2071
2667	2198
2668	2155
2669	2151
2670	2113
2671	2139
2672	2086
2673	2053
2674	2220
2675	2300
2676	2223
2677	2112
2678	2433
2679	3067
2680	2630
2681	2373
2682	2269
2683	2170
2684	2578
2685	2349
2686	2432
2687	2207
2688	2328
2689	2239
2690	2185
2691	2178
2692	2106
2693	2158
2694	2176
2695	2187
2696	2260
2697	2208
2698	2170
2699	2190
2700	2221
2701	2238
2702	2154
2703	2262
2704	2257
2705	2130
2706	2147
2707	2255
2708	2171
2709	2492
2710	2515
2711	2474
2712	2144
2713	2038
2714	1975
2715	2220
2716	2070
2717	2035
2718	1939
2719	2227
2720	2004
2721	2147
2722	2183
2723	2058
2724	1922
2725	1971
2726	1977
2727	2075
2728	1976
2729	2024
2730	1969
2731	1957
2732	1928
2733	1899
2734	1964
2735	1909
2736	1942
2737	2631
2738	2382
2739	1926
2740	1929
2741	1808
2742	1933
2743	1806
2744	1873
2745	1941
2746	1905
2747	1820
2748	1808
2749	1820
2750	1823
2751	1948
2752	1799
2753	1850
2754	1830
2755	1780
2756	1879
2757	1854
2758	1847
2759	1811
2760	1936
2761	1977
2762	1872
2763	1815
2764	1904
2765	1908
2766	1877
2767	1995
2768	1880
2769	1878
2770	1857
2771	1962
2772	1860
2773	1855
2774	1924
2775	1814
2776	1815
2777	1910
2778	1765
2779	1883
2780	1939
2781	1736
2782	1850
2783	1842
2784	1815
2785	1725
2786	1738
2787	1781
2788	1827
2789	1846
2790	1789
2791	1872
2792	1833
2793	1705
2794	1797
2795	1650
2796	1802
2797	1826
2798	1693
2799	1826
2800	1714
2801	1820
2802	1840
2803	1808
2804	1793
2805	1834
2806	1812
2807	1827
2808	1867
2809	1834
2810	1756
2811	1780
2812	1807
2813	1800
2814	1899
2815	1801
2816	1834
2817	1851
2818	1830
2819	1738
2820	1817
2821	1805
2822	1724
2823	1749
2824	1842
2825	1820
2826	1720
2827	1809
2828	1763
2829	1729
2830	1748
2831	1782
2832	1871
2833	1772
2834	1747
2835	1779
2836	1874
2837	1660
2838	1806
2839	1702
2840	1846
2841	1681
2842	1690
2843	1758
2844	1746
2845	1695
2846	1766
2847	1900
2848	1745
2849	1839
2850	1875
2851	1754
2852	1726
2853	1693
2854	1773
2855	1718
2856	1777
2857	1777
2858	1703
2859	1770
2860	1787
2861	1861
2862	1868
2863	1972
2864	1773
2865	1780
2866	1772
2867	1849
2868	1762
2869	1759
2870	1707
2871	1789
2872	1765
2873	1800
2874	1795
2875	1790
2876	1777
2877	1782
2878	1780
2879	1797
2880	1800
2881	1719
2882	1950
2883	1981
2884	1695
2885	1810
2886	1730
2887	1752
2888	1924
2889	1786
2890	1705
2891	1785
2892	1746
2893	1922
2894	1925
2895	1970
2896	1755
2897	1858
2898	1693
2899	1878
2900	1859
2901	1884
2902	1843
2903	1729
2904	1824
2905	1847
2906	1745
2907	1872
2908	1755
2909	1805
2910	1826
2911	1781
2912	1855
2913	1775
2914	1799
2915	1812
2916	1782
2917	1797
2918	1848
2919	1888
2920	1799
2921	1942
2922	1905
2923	1763
2924	1674
2925	1872
2926	1806
2927	1836
2928	1719
2929	1772
2930	1724
2931	1834
2932	1841
2933	1786
2934	1772
2935	1826
2936	1857
2937	1835
2938	1750
2939	1718
2940	1880
2941	1714
2942	1801
2943	1899
2944	1922
2945	1685
2946	1749
2947	1804
2948	1830
2949	1840
2950	1733
2951	1753
2952	1727
2953	1789
2954	1739
2955	1737
2956	1808
2957	1817
2958	1797
2959	1762
2960	1733
2961	1739
2962	1881
2963	1694
2964	1830
2965	1856
2966	1833
2967	1784
2968	1735
2969	1834
2970	1933
2971	1730
2972	1795
2973	1633
2974	1790
2975	1706
2976	1873
2977	1799
2978	1852
2979	1808
2980	1813
2981	1845
2982	1927
2983	1750
2984	1893
2985	1852
2986	1696
2987	1841
2988	1806
2989	1857
2990	1871
2991	1738
2992	1684
2993	1839
2994	1756
2995	1776
2996	1866
2997	1835
2998	1776
2999	1784
3000	1837
3001	1712
3002	1831
3003	1773
3004	1677
3005	1769
3006	1889
3007	1772
3008	1824
3009	1830
3010	1866
3011	1775
3012	1836
3013	1729
3014	1898
3015	1607
3016	1744
3017	1791
3018	1698
3019	1698
3020	1744
3021	1732
3022	1742
3023	1854
3024	1656
3025	1669
3026	1661
3027	1722
3028	1726
3029	1668
3030	1738
3031	1734
3032	1699
3033	1678
3034	1652
3035	1591
3036	1759
3037	1677
3038	1708
3039	1724
3040	1717
3041	1657
3042	1803
3043	1727
3044	1659
3045	1602
3046	1675
3047	1836
3048	1740
3049	1800
3050	1727
3051	1838
3052	1809
3053	1775
3054	1704
3055	1775
3056	1876
3057	1751
3058	1788
3059	1778
3060	1875
3061	1813
3062	1807
3063	1731
3064	1768
3065	1800
3066	1853
3067	1745
3068	1913
3069	1699
3070	1820
3071	1890
3072	1734
3073	1824
3074	1893
3075	1835
3076	1763
3077	1722
3078	1862
3079	1815
3080	1817
3081	1833
3082	1719
3083	1787
3084	1700
3085	1737
3086	1881
3087	1796
3088	1784
3089	1727
3090	1873
3091	1769
3092	1660
3093	1807
3094	1724
3095	1845
3096	1873
3097	1849
3098	2043
3099	1965
3100	1794
3101	1735
3102	1946
3103	1840
3104	1911
3105	1874
3106	1852
3107	1773
3108	1925
3109	1877
3110	1713
3111	1846
3112	1745
3113	1840
3114	1831
3115	1747
3116	1838
3117	1660
3118	1827
3119	1834
3120	1802
3121	1750
3122	1727
3123	1810
3124	1880
3125	1929
3126	1734
3127	1775
3128	1817
3129	1617
3130	1742
3131	1689
3132	1846
3133	1802
3134	1672
3135	1886
3136	1690
3137	1742
3138	1733
3139	1629
3140	1722
3141	1737
3142	1679
3143	1707
3144	1843
3145	1745
3146	1792
3147	1611
3148	1683
3149	1748
3150	1694
3151	1756
3152	1745
3153	1748
3154	1764
3155	1593
3156	1634
3157	1653
3158	1694
3159	1678
3160	1743
3161	1736
3162	1758
3163	1796
3164	1828
3165	1668
3166	1725
3167	1700
3168	1765
3169	1692
3170	1609
3171	1622
3172	1701
3173	1637
3174	1783
3175	1735
3176	1663
3177	1683
3178	1675
3179	1780
3180	1634
3181	1704
3182	1672
3183	1720
3184	1661
3185	1634
3186	1595
3187	1617
3188	1763
3189	1673
3190	1688
3191	1654
3192	1700
3193	1651
3194	1722
3195	1771
3196	1711
3197	1656
3198	1636
3199	1758
3200	1678
3201	1769
3202	1614
3203	1644
3204	1702
3205	1745
3206	1674
3207	1771
3208	1582
3209	1566
3210	1666
3211	1864
3212	1746
3213	1753
3214	1726
3215	1684
3216	1540
3217	1723
3218	1627
3219	1743
3220	1805
3221	1685
3222	1662
3223	1640
3224	1748
3225	1643
3226	1599
3227	1645
3228	1608
3229	1680
3230	1670
3231	1689
3232	1655
3233	1707
3234	1672
3235	1860
3236	1819
3237	1711
3238	1782
3239	1660
3240	1674
3241	1677
3242	1680
3243	1622
3244	1699
3245	1644
3246	1563
3247	1645
3248	1632
3249	1657
3250	1546
3251	1652
3252	1579
3253	1571
3254	1493
3255	1696
3256	1551
3257	1658
3258	1655
3259	1625
3260	1604
3261	1603
3262	1665
3263	1663
3264	1511
3265	1638
3266	1650
3267	1674
3268	1709
3269	1560
3270	1567
3271	1669
3272	1663
3273	1632
3274	1588
3275	1720
3276	1635
3277	1586
3278	1504
3279	1606
3280	1671
3281	1611
3282	1545
3283	1636
3284	1493
3285	1645
3286	1524
3287	1711
3288	1578
3289	1694
3290	1640
3291	1778
3292	1791
3293	1739
3294	1621
3295	1640
3296	1704
3297	1683
3298	1742
3299	1736
3300	1700
3301	1690
3302	1628
3303	1654
3304	1806
3305	1730
3306	1733
3307	1608
3308	1771
3309	1712
3310	1738
3311	1639
3312	1708
3313	1685
3314	1655
3315	1763
3316	1710
3317	1683
3318	1800
3319	1697
3320	1690
3321	1704
3322	1695
3323	1685
3324	1652
3325	1669
3326	1678
3327	1573
3328	1613
3329	1605
3330	1707
3331	1726
3332	1640
3333	1662
3334	1794
3335	1655
3336	1764
3337	1669
3338	1697
3339	1756
3340	1702
3341	1581
3342	1656
3343	1607
3344	1791
3345	1605
3346	1562
3347	1744
3348	1546
3349	1717
3350	1593
3351	1625
3352	1534
3353	1489
3354	1540
3355	1595
3356	1564
3357	1638
3358	1520
3359	1552
3360	1570
3361	1568
3362	1578
3363	1606
3364	1562
3365	1506
3366	1450
3367	1534
3368	1535
3369	1529
3370	1411
3371	1598
3372	1450
3373	1629
3374	1446
3375	1455
3376	1436
3377	1605
3378	1335
3379	1387
3380	1480
3381	1532
3382	1486
3383	1369
3384	1559
3385	1517
3386	1466
3387	1507
3388	1547
3389	1399
3390	1309
3391	1570
3392	1501
3393	1453
3394	1471
3395	1458
3396	1608
3397	1553
3398	1635
3399	1649
3400	1445
3401	1461
3402	1590
3403	1524
3404	1580
3405	1510
3406	1634
3407	1527
3408	1571
3409	1534
3410	1570
3411	1541
3412	1533
3413	1445
3414	1470
3415	1485
3416	1436
3417	1550
3418	1412
3419	1509
3420	1534
3421	1434
3422	1576
3423	1478
3424	1419
3425	1502
3426	1615
3427	1510
3428	1536
3429	1482
3430	1471
3431	1522
3432	1584
3433	1669
3434	1497
3435	1458
3436	1404
3437	1457
3438	1576
3439	1602
3440	1520
3441	1603
3442	1518
3443	1569
3444	1588
3445	1528
3446	1557
3447	1381
3448	1414
3449	1484
3450	1449
3451	1498
3452	1391
3453	1452
3454	1391
3455	1563
3456	1546
3457	1420
3458	1384
3459	1366
3460	1485
3461	1473
3462	1347
3463	1457
3464	1380
3465	1466
3466	1465
3467	1398
3468	1401
3469	1400
3470	1370
3471	1510
3472	1461
3473	1416
3474	1441
3475	1351
3476	1451
3477	1414
3478	1397
3479	1413
3480	1429
3481	1478
3482	1347
3483	1515
3484	1532
3485	1369
3486	1499
3487	1457
3488	1368
3489	1440
3490	1401
3491	1392
3492	1299
3493	1450
3494	1321
3495	1327
3496	1362
3497	1349
3498	1427
3499	1461
3500	1446
3501	1342
3502	1424
3503	1349
3504	1378
3505	1371
3506	1433
3507	1466
3508	1405
3509	1462
3510	1382
3511	1454
3512	1342
3513	1341
3514	1300
3515	1297
3516	1385
3517	1429
3518	1397
3519	1265
3520	1385
3521	1514
3522	1430
3523	1395
3524	1354
3525	1473
3526	1467
3527	1463
3528	1365
3529	1349
3530	1296
3531	1325
3532	1378
3533	1327
3534	1363
3535	1432
3536	1389
3537	1368
3538	1320
3539	1346
3540	1349
3541	1274
3542	1380
3543	1314
3544	1318
3545	1423
3546	1419
3547	1455
3548	1403
3549	1454
3550	1359
3551	1356
3552	1400
3553	1356
3554	1374
3555	1388
3556	1322
3557	1436
3558	1394
3559	1287
3560	1439
3561	1375
3562	1316
3563	1434
3564	1355
3565	1407
3566	1286
3567	1401
3568	1277
3569	1398
3570	1326
3571	1365
3572	1372
3573	1423
3574	1363
3575	1478
3576	1514
3577	1444
3578	1432
3579	1324
3580	1390
3581	1381
3582	1411
3583	1364
3584	1354
3585	1400
3586	1345
3587	1361
3588	1364
3589	1397
3590	1410
3591	1375
3592	1425
3593	1353
3594	1479
3595	1398
3596	1457
3597	1523
3598	1278
3599	1376
3600	1323
3601	1454
3602	1352
3603	1369
3604	1488
3605	1473
3606	1418
3607	1427
3608	1473
3609	1430
3610	1454
3611	1377
3612	1355
3613	1306
3614	1395
3615	1444
3616	1418
3617	1360
3618	1420
3619	1638
3620	1503
3621	1459
3622	1432
3623	1426
3624	1419
3625	1373
3626	1351
3627	1370
3628	1534
3629	1405
3630	1412
3631	1399
3632	1504
3633	1442
3634	1373
3635	1417
3636	1429
3637	1391
3638	1387
3639	1416
3640	1387
3641	1407
3642	1347
3643	1333
3644	1431
3645	1502
3646	1431
3647	1342
3648	1453
3649	1393
3650	1418
3651	1376
3652	1451
3653	1312
3654	1353
3655	1457
3656	1451
3657	1389
3658	1335
3659	1340
3660	1262
3661	1380
3662	1384
3663	1319
3664	1386
3665	1460
3666	1376
3667	1458
3668	1424
3669	1358
3670	1283
3671	1388
3672	1397
3673	1530
3674	1389
3675	1557
3676	1484
3677	1551
3678	1478
3679	1418
3680	1471
3681	1571
3682	1430
3683	1520
3684	1341
3685	1433
3686	1424
3687	1431
3688	1514
3689	1500
3690	1447
3691	1527
3692	1460
3693	1464
3694	1394
3695	1508
3696	1540
3697	1520
3698	1554
3699	1538
3700	1588
3701	1597
3702	1599
3703	1515
3704	1560
3705	1532
3706	1572
3707	1509
3708	1518
3709	1438
3710	1430
3711	1431
3712	1584
3713	1519
3714	1478
3715	1579
3716	1633
3717	1529
3718	1611
3719	1487
3720	1539
3721	1454
3722	1537
3723	1424
3724	1517
3725	1438
3726	1531
3727	1748
3728	1594
3729	1674
3730	1577
3731	1596
3732	1458
3733	1550
3734	1399
3735	1449
3736	1566
3737	1558
3738	1671
3739	1496
3740	1519
3741	1498
3742	1472
3743	1425
3744	1545
3745	1551
3746	1619
3747	1565
3748	1722
3749	1549
3750	1606
3751	1499
3752	1639
3753	1423
3754	1447
3755	1577
3756	1547
3757	1627
3758	1590
3759	1529
3760	1629
3761	1471
3762	1429
3763	1408
3764	1529
3765	1451
3766	1438
3767	1388
3768	1437
3769	1575
3770	1454
3771	1533
3772	1479
3773	1414
3774	1496
3775	1348
3776	1489
3777	1387
3778	1484
3779	1492
3780	1454
3781	1380
3782	1428
3783	1479
3784	1479
3785	1353
3786	1391
3787	1361
3788	1375
3789	1342
3790	1440
3791	1375
3792	1336
3793	1325
3794	1354
3795	1388
3796	1340
3797	1286
3798	1410
3799	1300
3800	1342
3801	1376
3802	1340
3803	1380
3804	1304
3805	1249
3806	1261
3807	1349
3808	1412
3809	1372
3810	1259
3811	1382
3812	1303
3813	1303
3814	1236
3815	1262
3816	1413
3817	1280
3818	1265
3819	1284
3820	1206
3821	1257
3822	1258
3823	1288
3824	1125
3825	1175
3826	1294
3827	1327
3828	1226
3829	1293
3830	1230
3831	1177
3832	1153
3833	1221
3834	1214
3835	1132
3836	1227
3837	1217
3838	1211
3839	1115
3840	1203
3841	1144
3842	1167
3843	1178
3844	1183
3845	1218
3846	1225
3847	1210
3848	1210
3849	1183
3850	1102
3851	1220
3852	1191
3853	1272
3854	1143
3855	1173
3856	1248
3857	1203
3858	1156
3859	1242
3860	1178
3861	1186
3862	1147
3863	1135
3864	1207
3865	1134
3866	1210
3867	1209
3868	1205
3869	1265
3870	1129
3871	1083
3872	1206
3873	1147
3874	1141
3875	1208
3876	1119
3877	1177
3878	1243
3879	1168
3880	1255
3881	1189
3882	1222
3883	1162
3884	1239
3885	1173
3886	1248
3887	1266
3888	1218
3889	1241
3890	1278
3891	1176
3892	1250
3893	1193
3894	1164
3895	1205
3896	1234
3897	1265
3898	1187
3899	1282
3900	1216
3901	1207
3902	1245
3903	1289
3904	1249
3905	1200
3906	1194
3907	1362
3908	1239
3909	1208
3910	1261
3911	1367
3912	1290
3913	1251
3914	1339
3915	1260
3916	1226
3917	1233
3918	1218
3919	1308
3920	1267
3921	1410
3922	1293
3923	1297
3924	1352
3925	1285
3926	1291
3927	1425
3928	1340
3929	1303
3930	1299
3931	1354
3932	1481
3933	1418
3934	1419
3935	1383
3936	1329
3937	1357
3938	1388
3939	1366
3940	1381
3941	1290
3942	1371
3943	1401
3944	1412
3945	1338
3946	1354
3947	1422
3948	1292
3949	1331
3950	1279
3951	1307
3952	1260
3953	1410
3954	1260
3955	1391
3956	1236
3957	1293
3958	1330
3959	1382
3960	1353
3961	1353
3962	1330
3963	1302
3964	1400
3965	1247
3966	1352
3967	1312
3968	1362
3969	1318
3970	1272
3971	1301
3972	1316
3973	1356
3974	1289
3975	1332
3976	1344
3977	1279
3978	1330
3979	1278
3980	1326
3981	1365
3982	1364
3983	1300
3984	1320
3985	1297
3986	1224
3987	1321
3988	1337
3989	1303
3990	1269
3991	1229
3992	1212
3993	1308
3994	1264
3995	1137
3996	1165
3997	1232
3998	1209
3999	1200
4000	1289
4001	1291
4002	1144
4003	1172
4004	1174
4005	1218
4006	1267
4007	1148
4008	1207
4009	1226
4010	1212
4011	1180
4012	1225
4013	1260
4014	1135
4015	1279
4016	1232
4017	1257
4018	1301
4019	1269
4020	1221
4021	1320
4022	1174
4023	1218
4024	1343
4025	1287
4026	1337
4027	1229
4028	1202
4029	1156
4030	1209
4031	1231
4032	1192
4033	1315
4034	1285
4035	1185
4036	1198
4037	1284
4038	1258
4039	1152
4040	1208
4041	1208
4042	1136
4043	1111
4044	1103
4045	1176
4046	1167
4047	1284
4048	1232
4049	1218
4050	1159
4051	1303
4052	1251
4053	1190
4054	1224
4055	1162
4056	1250
4057	1227
4058	1178
4059	1179
4060	1290
4061	1134
4062	1122
4063	1196
4064	1269
4065	1140
4066	1233
4067	1148
4068	1123
4069	1173
4070	1217
4071	1188
4072	1190
4073	1213
4074	1254
4075	1194
4076	1178
4077	1113
4078	1142
4079	1137
4080	1158
4081	1218
4082	1219
4083	1171
4084	1157
4085	1149
4086	1158
4087	1172
4088	1153
4089	1174
4090	1157
4091	1291
4092	1181
4093	1132
4094	1092
4095	1201
4096	1107
4097	1193
4098	1241
4099	1229
4100	1174
4101	1265
4102	1199
4103	1262
4104	1193
4105	1150
4106	1161
4107	1070
4108	1148
4109	1112
4110	1177
4111	1175
4112	1148
4113	1160
4114	1172
4115	1124
4116	1203
4117	1238
4118	1196
4119	1054
4120	1169
4121	1247
4122	1131
4123	1121
4124	1297
4125	1164
4126	1139
4127	1148
4128	1134
4129	1154
4130	1231
4131	1140
4132	1149
4133	1113
4134	1114
4135	1150
4136	1124
4137	1176
4138	1172
4139	1138
4140	1149
4141	1133
4142	1076
4143	1191
4144	1098
4145	1050
4146	1136
4147	1083
4148	1194
4149	1148
4150	1119
4151	1067
4152	1006
4153	1090
4154	1066
4155	1118
4156	1146
4157	1141
4158	1144
4159	1086
4160	1166
4161	1165
4162	1103
4163	1098
4164	1048
4165	1206
4166	1231
4167	1099
4168	1136
4169	1133
4170	1060
4171	1064
4172	1044
4173	1112
4174	1062
4175	1150
4176	1105
4177	1083
4178	1039
4179	1032
4180	1091
4181	1134
4182	1138
4183	1163
4184	1198
4185	1133
4186	1184
4187	1112
4188	1105
4189	1124
4190	1030
4191	1072
4192	1084
4193	977
4194	1010
4195	1154
4196	1183
4197	1066
4198	1131
4199	1095
4200	1146
4201	1192
4202	1116
4203	1157
4204	1049
4205	1017
4206	1044
4207	1032
4208	1100
4209	1156
4210	1134
4211	1085
4212	1085
4213	1123
4214	1099
4215	1046
4216	1112
4217	1052
4218	1117
4219	1118
4220	1155
4221	1066
4222	1118
4223	1103
4224	1089
4225	1085
4226	1096
4227	1065
4228	1172
4229	1194
4230	1019
4231	1043
4232	1118
4233	1172
4234	1139
4235	1234
4236	1133
4237	1019
4238	1116
4239	1011
4240	1143
4241	1057
4242	1127
4243	1157
4244	1069
4245	1089
4246	1030
4247	1098
4248	1061
4249	1090
4250	1045
4251	1088
4252	1086
4253	1063
4254	1088
4255	1109
4256	1110
4257	1076
4258	1063
4259	1057
4260	1026
4261	1064
4262	1091
4263	1123
4264	1130
4265	1052
4266	1107
4267	1232
4268	1237
4269	1139
4270	1211
4271	1093
4272	1110
4273	1092
4274	1175
4275	1155
4276	1207
4277	1145
4278	1071
4279	1177
4280	1192
4281	1151
4282	1327
4283	1217
4284	1164
4285	1094
4286	1171
4287	1140
4288	1120
4289	1169
4290	1114
4291	1134
4292	1109
4293	1206
4294	1172
4295	1245
4296	1127
4297	1290
4298	1225
4299	1165
4300	1224
4301	1189
4302	1190
4303	1233
4304	1087
4305	1148
4306	1144
4307	1258
4308	1237
4309	1193
4310	1101
4311	1150
4312	1104
4313	1178
4314	1211
4315	1214
4316	1131
4317	1049
4318	1100
4319	1107
4320	1009
4321	1114
4322	1093
4323	1204
4324	1208
4325	1168
4326	1081
4327	1165
4328	1077
4329	1112
4330	1035
4331	1140
4332	1121
4333	1049
4334	1104
4335	1159
4336	1148
4337	1075
4338	979
4339	1126
4340	1090
4341	1128
4342	1058
4343	1100
4344	1079
4345	1077
4346	988
4347	1143
4348	1079
4349	1057
4350	985
4351	1035
4352	1038
4353	1031
4354	1087
4355	1075
4356	973
4357	965
4358	1010
4359	1047
4360	1111
4361	1091
4362	1058
4363	972
4364	1014
4365	1031
4366	1122
4367	1016
4368	1072
4369	1012
4370	1019
4371	991
4372	1062
4373	1028
4374	1020
4375	1052
4376	1107
4377	964
4378	1031
4379	1075
4380	1048
4381	1145
4382	1040
4383	1001
4384	980
4385	929
4386	1031
4387	1007
4388	1054
4389	1047
4390	1043
4391	1017
4392	989
4393	1082
4394	1040
4395	1023
4396	1040
4397	1029
4398	985
4399	979
4400	983
4401	1042
4402	964
4403	1070
4404	1068
4405	1104
4406	1095
4407	1023
4408	980
4409	1036
4410	1042
4411	1029
4412	1141
4413	982
4414	964
4415	1035
4416	1011
4417	1052
4418	1056
4419	975
4420	970
4421	984
4422	968
4423	1015
4424	1060
4425	979
4426	1051
4427	935
4428	1054
4429	946
4430	1021
4431	930
4432	1041
4433	1021
4434	1022
4435	1021
4436	1025
4437	957
4438	946
4439	1075
4440	997
4441	952
4442	1015
4443	1044
4444	970
4445	979
4446	970
4447	1022
4448	895
4449	912
4450	947
4451	953
4452	914
4453	974
4454	919
4455	961
4456	894
4457	921
4458	928
4459	973
4460	913
4461	1040
4462	932
4463	919
4464	935
4465	945
4466	934
4467	873
4468	981
4469	909
4470	988
4471	877
4472	886
4473	886
4474	978
4475	924
4476	939
4477	922
4478	1030
4479	916
4480	935
4481	991
4482	1050
4483	970
4484	876
4485	955
4486	892
4487	917
4488	969
4489	1015
4490	873
4491	908
4492	934
4493	925
4494	928
4495	887
4496	955
4497	1020
4498	946
4499	924
4500	928
4501	1008
4502	930
4503	951
4504	876
4505	961
4506	952
4507	948
4508	1005
4509	1029
4510	980
4511	925
4512	1020
4513	879
4514	938
4515	923
4516	939
4517	941
4518	987
4519	928
4520	944
4521	932
4522	958
4523	980
4524	921
4525	884
4526	946
4527	857
4528	980
4529	904
4530	950
4531	997
4532	858
4533	986
4534	916
4535	999
4536	956
4537	876
4538	977
4539	878
4540	952
4541	882
4542	955
4543	879
4544	919
4545	979
4546	995
4547	953
4548	912
4549	956
4550	946
4551	872
4552	919
4553	909
4554	848
4555	876
4556	932
4557	925
4558	875
4559	862
4560	890
4561	911
4562	876
4563	904
4564	943
4565	871
4566	824
4567	783
4568	906
4569	866
4570	859
4571	868
4572	865
4573	866
4574	931
4575	948
4576	864
4577	955
4578	892
4579	987
4580	915
4581	951
4582	932
4583	880
4584	892
4585	938
4586	970
4587	929
4588	967
4589	974
4590	968
4591	936
4592	973
4593	894
4594	925
4595	947
4596	939
4597	968
4598	971
4599	917
4600	909
4601	956
4602	948
4603	873
4604	963
4605	873
4606	1053
4607	926
4608	880
4609	1018
4610	1015
4611	830
4612	974
4613	969
4614	932
4615	1066
4616	1023
4617	973
4618	1038
4619	1005
4620	1029
4621	962
4622	921
4623	1019
4624	1047
4625	1073
4626	1092
4627	1062
4628	1003
4629	1047
4630	1090
4631	1046
4632	1121
4633	1161
4634	1085
4635	1023
4636	1091
4637	1127
4638	1093
4639	1047
4640	957
4641	981
4642	1016
4643	1002
4644	1043
4645	1008
4646	1063
4647	1089
4648	1042
4649	1076
4650	1110
4651	944
4652	1011
4653	997
4654	972
4655	1126
4656	1029
4657	955
4658	1074
4659	1042
4660	987
4661	973
4662	996
4663	1027
4664	1051
4665	1032
4666	1024
4667	912
4668	970
4669	941
4670	1022
4671	1026
4672	1008
4673	1043
4674	986
4675	944
4676	1008
4677	966
4678	961
4679	896
4680	1004
4681	996
4682	1106
4683	1104
4684	1050
4685	959
4686	985
4687	961
4688	987
4689	969
4690	1004
4691	896
4692	1073
4693	938
4694	997
4695	978
4696	899
4697	1015
4698	1000
4699	960
4700	903
4701	997
4702	1026
4703	917
4704	939
4705	990
4706	889
4707	908
4708	916
4709	869
4710	927
4711	911
4712	901
4713	862
4714	860
4715	994
4716	951
4717	950
4718	934
4719	988
4720	956
4721	867
4722	911
4723	889
4724	897
4725	832
4726	915
4727	846
4728	923
4729	1012
4730	924
4731	961
4732	1031
4733	981
4734	917
4735	972
4736	939
4737	977
4738	900
4739	992
4740	938
4741	911
4742	1019
4743	933
4744	971
4745	947
4746	888
4747	927
4748	998
4749	1008
4750	1003
4751	944
4752	1084
4753	939
4754	905
4755	1024
4756	1027
4757	1010
4758	998
4759	988
4760	1083
4761	1004
4762	999
4763	937
4764	981
4765	1004
4766	1031
4767	1150
4768	1025
4769	1017
4770	997
4771	996
4772	1041
4773	916
4774	934
4775	899
4776	1095
4777	988
4778	1075
4779	946
4780	872
4781	1008
4782	1055
4783	952
4784	941
4785	1071
4786	1069
4787	1054
4788	952
4789	1031
4790	902
4791	860
4792	975
4793	953
4794	1081
4795	1080
4796	995
4797	897
4798	1118
4799	930
4800	1072
4801	1059
4802	1011
4803	978
4804	1074
4805	961
4806	916
4807	938
4808	950
4809	920
4810	1064
4811	1023
4812	941
4813	968
4814	1000
4815	1132
4816	1025
4817	1032
4818	1090
4819	966
4820	1004
4821	996
4822	985
4823	888
4824	1022
4825	1166
4826	1026
4827	1100
4828	1036
4829	1071
4830	1003
4831	1024
4832	981
4833	1032
4834	980
4835	869
4836	996
4837	921
4838	908
4839	935
4840	1027
4841	914
4842	958
4843	923
4844	966
4845	998
4846	942
4847	887
4848	983
4849	939
4850	960
4851	913
4852	906
4853	966
4854	849
4855	942
4856	832
4857	914
4858	825
4859	929
4860	909
4861	981
4862	927
4863	899
4864	955
4865	895
4866	913
4867	925
4868	819
4869	903
4870	1028
4871	935
4872	919
4873	956
4874	928
4875	848
4876	903
4877	897
4878	847
4879	920
4880	956
4881	872
4882	857
4883	876
4884	865
4885	918
4886	818
4887	897
4888	893
4889	952
4890	924
4891	918
4892	874
4893	861
4894	927
4895	899
4896	814
4897	863
4898	859
4899	913
4900	939
4901	926
4902	822
4903	862
4904	757
4905	881
4906	888
4907	904
4908	784
4909	916
4910	830
4911	902
4912	817
4913	897
4914	782
4915	792
4916	880
4917	877
4918	821
4919	859
4920	930
4921	880
4922	815
4923	932
4924	879
4925	883
4926	878
4927	903
4928	835
4929	833
4930	868
4931	882
4932	823
4933	775
4934	868
4935	922
4936	859
4937	891
4938	808
4939	900
4940	961
4941	984
4942	899
4943	940
4944	894
4945	879
4946	840
4947	844
4948	895
4949	869
4950	908
4951	886
4952	904
4953	917
4954	928
4955	856
4956	945
4957	893
4958	904
4959	924
4960	932
4961	972
4962	935
4963	954
4964	959
4965	947
4966	886
4967	962
4968	846
4969	911
4970	945
4971	964
4972	897
4973	866
4974	965
4975	866
4976	853
4977	987
4978	887
4979	831
4980	820
4981	919
4982	831
4983	858
4984	878
4985	962
4986	856
4987	825
4988	900
4989	863
4990	830
4991	847
4992	919
4993	795
4994	876
4995	905
4996	933
4997	862
4998	887
4999	790
5000	843
5001	870
5002	870
5003	913
5004	879
5005	874
5006	856
5007	840
5008	840
5009	921
5010	950
5011	868
5012	868
5013	787
5014	870
5015	819
5016	820
5017	856
5018	870
5019	818
5020	790
5021	878
5022	798
5023	889
5024	852
5025	809
5026	823
5027	892
5028	899
5029	805
5030	898
5031	836
5032	799
5033	866
5034	782
5035	859
5036	814
5037	829
5038	827
5039	785
5040	774
5041	744
5042	807
5043	809
5044	812
5045	787
5046	806
5047	798
5048	843
5049	796
5050	783
5051	886
5052	818
5053	689
5054	791
5055	842
5056	796
5057	736
5058	782
5059	818
5060	802
5061	741
5062	796
5063	866
5064	823
5065	810
5066	773
5067	809
5068	802
5069	805
5070	760
5071	771
5072	792
5073	857
5074	857
5075	843
5076	724
5077	814
5078	843
5079	822
5080	801
5081	783
5082	864
5083	827
5084	820
5085	732
5086	778
5087	806
5088	817
5089	778
5090	847
5091	837
5092	801
5093	807
5094	792
5095	862
5096	817
5097	794
5098	794
5099	842
5100	833
5101	848
5102	781
5103	756
5104	771
5105	807
5106	768
5107	824
5108	807
5109	774
5110	844
5111	814
5112	842
5113	759
5114	798
5115	770
5116	806
5117	707
5118	746
5119	776
5120	803
5121	722
5122	771
5123	797
5124	768
5125	778
5126	800
5127	768
5128	803
5129	821
5130	735
5131	780
5132	724
5133	841
5134	768
5135	767
5136	804
5137	892
5138	793
5139	743
5140	761
5141	709
5142	797
5143	757
5144	793
5145	783
5146	779
5147	789
5148	686
5149	729
5150	784
5151	842
5152	733
5153	772
5154	774
5155	809
5156	804
5157	791
5158	873
5159	792
5160	759
5161	769
5162	747
5163	816
5164	800
5165	803
5166	767
5167	769
5168	750
5169	757
5170	756
5171	761
5172	767
5173	717
5174	835
5175	751
5176	837
5177	804
5178	790
5179	744
5180	764
5181	789
5182	760
5183	866
5184	773
5185	744
5186	814
5187	744
5188	778
5189	847
5190	758
5191	745
5192	838
5193	762
5194	757
5195	706
5196	712
5197	796
5198	845
5199	753
5200	767
5201	760
5202	700
5203	752
5204	823
5205	706
5206	777
5207	769
5208	737
5209	672
5210	765
5211	750
5212	855
5213	765
5214	721
5215	718
5216	750
5217	793
5218	753
5219	797
5220	743
5221	720
5222	778
5223	733
5224	766
5225	770
5226	771
5227	828
5228	721
5229	791
5230	781
5231	807
5232	808
5233	733
5234	778
5235	820
5236	858
5237	823
5238	706
5239	750
5240	728
5241	791
5242	753
5243	814
5244	751
5245	768
5246	737
5247	699
5248	775
5249	769
5250	728
5251	825
5252	821
5253	753
5254	826
5255	762
5256	741
5257	734
5258	746
5259	724
5260	763
5261	758
5262	748
5263	699
5264	790
5265	724
5266	720
5267	737
5268	681
5269	709
5270	742
5271	728
5272	728
5273	696
5274	769
5275	739
5276	718
5277	783
5278	749
5279	628
5280	635
5281	698
5282	740
5283	703
5284	775
5285	711
5286	776
5287	730
5288	687
5289	713
5290	692
5291	707
5292	788
5293	777
5294	725
5295	747
5296	786
5297	724
5298	731
5299	704
5300	727
5301	715
5302	769
5303	690
5304	718
5305	711
5306	823
5307	850
5308	807
5309	689
5310	766
5311	745
5312	728
5313	792
5314	710
5315	780
5316	793
5317	678
5318	655
5319	722
5320	786
5321	717
5322	706
5323	712
5324	773
5325	726
5326	810
5327	758
5328	784
5329	706
5330	738
5331	729
5332	692
5333	764
5334	733
5335	667
5336	763
5337	809
5338	736
5339	761
5340	795
5341	734
5342	723
5343	643
5344	677
5345	708
5346	740
5347	790
5348	693
5349	749
5350	749
5351	816
5352	745
5353	719
5354	700
5355	708
5356	770
5357	782
5358	739
5359	682
5360	736
5361	763
5362	790
5363	721
5364	788
5365	740
5366	841
5367	703
5368	841
5369	809
5370	784
5371	777
5372	721
5373	675
5374	869
5375	726
5376	731
5377	718
5378	744
5379	806
5380	766
5381	761
5382	740
5383	772
5384	759
5385	716
5386	715
5387	687
5388	796
5389	787
5390	783
5391	789
5392	722
5393	730
5394	860
5395	731
5396	779
5397	766
5398	873
5399	739
5400	779
5401	757
5402	796
5403	765
5404	821
5405	850
5406	852
5407	842
5408	825
5409	884
5410	788
5411	768
5412	777
5413	804
5414	835
5415	896
5416	898
5417	787
5418	811
5419	932
5420	857
5421	865
5422	865
5423	828
5424	871
5425	903
5426	822
5427	798
5428	860
5429	848
5430	750
5431	857
5432	762
5433	893
5434	817
5435	852
5436	909
5437	775
5438	835
5439	845
5440	901
5441	830
5442	884
5443	910
5444	879
5445	908
5446	921
5447	925
5448	835
5449	771
5450	785
5451	844
5452	860
5453	793
5454	863
5455	814
5456	756
5457	924
5458	839
5459	847
5460	837
5461	873
5462	911
5463	860
5464	932
5465	999
5466	898
5467	836
5468	819
5469	934
5470	895
5471	957
5472	849
5473	933
5474	874
5475	966
5476	969
5477	1169
5478	1035
5479	943
5480	871
5481	920
5482	889
5483	874
5484	919
5485	868
5486	878
5487	901
5488	982
5489	878
5490	895
5491	904
5492	867
5493	873
5494	918
5495	835
5496	890
5497	873
5498	942
5499	855
5500	849
5501	848
5502	862
5503	884
5504	870
5505	912
5506	880
5507	906
5508	920
5509	817
5510	795
5511	914
5512	814
5513	799
5514	876
5515	857
5516	913
5517	856
5518	819
5519	932
5520	803
5521	860
5522	870
5523	894
5524	812
5525	893
5526	842
5527	815
5528	889
5529	922
5530	847
5531	782
5532	819
5533	951
5534	791
5535	849
5536	949
5537	785
5538	873
5539	798
5540	794
5541	871
5542	863
5543	826
5544	754
5545	850
5546	856
5547	739
5548	858
5549	845
5550	915
5551	844
5552	853
5553	859
5554	881
5555	790
5556	778
5557	805
5558	956
5559	819
5560	863
5561	845
5562	848
5563	790
5564	794
5565	826
5566	874
5567	855
5568	830
5569	895
5570	800
5571	814
5572	824
5573	822
5574	849
5575	962
5576	801
5577	863
5578	826
5579	795
5580	814
5581	887
5582	784
5583	824
5584	903
5585	880
5586	901
5587	803
5588	853
5589	917
5590	852
5591	801
5592	800
5593	896
5594	889
5595	877
5596	1000
5597	898
5598	801
5599	852
5600	817
5601	952
5602	873
5603	873
5604	820
5605	851
5606	916
5607	926
5608	791
5609	856
5610	889
5611	925
5612	901
5613	810
5614	854
5615	847
5616	817
5617	906
5618	846
5619	848
5620	890
5621	824
5622	857
5623	965
5624	867
5625	933
5626	762
5627	757
5628	911
5629	889
5630	906
5631	865
5632	845
5633	827
5634	833
5635	872
5636	867
5637	823
5638	861
5639	863
5640	833
5641	832
5642	829
5643	814
5644	807
5645	904
5646	856
5647	777
5648	782
5649	861
5650	776
5651	964
5652	770
5653	782
5654	777
5655	881
5656	802
5657	925
5658	793
5659	822
5660	823
5661	857
5662	920
5663	807
5664	865
5665	912
5666	779
5667	826
5668	818
5669	802
5670	869
5671	867
5672	785
5673	856
5674	823
5675	822
5676	685
5677	840
5678	816
5679	822
5680	826
5681	861
5682	819
5683	773
5684	765
5685	809
5686	793
5687	784
5688	821
5689	744
5690	804
5691	875
5692	826
5693	774
5694	784
5695	758
5696	776
5697	852
5698	778
5699	744
5700	768
5701	824
5702	804
5703	758
5704	753
5705	772
5706	816
5707	721
5708	793
5709	714
5710	736
5711	728
5712	703
5713	739
5714	813
5715	800
5716	687
5717	735
5718	783
5719	678
5720	835
5721	691
5722	744
5723	734
5724	751
5725	710
5726	731
5727	722
5728	633
5729	691
5730	656
5731	707
5732	720
5733	675
5734	722
5735	706
5736	758
5737	661
5738	717
5739	682
5740	716
5741	757
5742	666
5743	787
5744	724
5745	748
5746	689
5747	739
5748	703
5749	742
5750	779
5751	704
5752	754
5753	631
5754	664
5755	775
5756	705
5757	759
5758	736
5759	701
5760	719
5761	634
5762	673
5763	658
5764	735
5765	676
5766	730
5767	696
5768	727
5769	757
5770	717
5771	778
5772	751
5773	732
5774	717
5775	705
5776	610
5777	685
5778	742
5779	699
5780	716
5781	683
5782	749
5783	664
5784	770
5785	720
5786	806
5787	673
5788	736
5789	733
5790	697
5791	708
5792	687
5793	711
5794	707
5795	766
5796	696
5797	705
5798	729
5799	692
5800	705
5801	779
5802	697
5803	729
5804	670
5805	667
5806	714
5807	672
5808	695
5809	698
5810	697
5811	664
5812	642
5813	695
5814	764
5815	701
5816	705
5817	663
5818	661
5819	671
5820	635
5821	749
5822	715
5823	773
5824	730
5825	752
5826	699
5827	777
5828	748
5829	731
5830	667
5831	729
5832	706
5833	756
5834	780
5835	670
5836	721
5837	709
5838	731
5839	711
5840	716
5841	733
5842	691
5843	734
5844	671
5845	735
5846	734
5847	751
5848	715
5849	790
5850	733
5851	805
5852	687
5853	697
5854	730
5855	783
5856	688
5857	693
5858	770
5859	714
5860	701
5861	733
5862	791
5863	719

