## htsjdk.samtools.metrics.StringHeader
# CollectInsertSizeMetrics HISTOGRAM_FILE=/work/ugbogu/pipeline/data/nbl/GSE189367/results/picard/SRR17011031_insert_size_histogram.pdf MINIMUM_PCT=0.5 INPUT=/work/ugbogu/pipeline/data/nbl/GSE189367/results/star/SRR17011031.Aligned.sortedByCoord.out.bam OUTPUT=/work/ugbogu/pipeline/data/nbl/GSE189367/results/picard/SRR17011031_insert_size_metrics.txt    DEVIATIONS=10.0 METRIC_ACCUMULATION_LEVEL=[ALL_READS] INCLUDE_DUPLICATES=false ASSUME_SORTED=true STOP_AFTER=0 VERBOSITY=INFO QUIET=false VALIDATION_STRINGENCY=STRICT COMPRESSION_LEVEL=5 MAX_RECORDS_IN_RAM=500000 CREATE_INDEX=false CREATE_MD5_FILE=false USE_JDK_DEFLATER=false USE_JDK_INFLATER=false
## htsjdk.samtools.metrics.StringHeader
# Started on: Wed Apr 15 00:27:19 UTC 2026

## METRICS CLASS	picard.analysis.InsertSizeMetrics
MEDIAN_INSERT_SIZE	MODE_INSERT_SIZE	MEDIAN_ABSOLUTE_DEVIATION	MIN_INSERT_SIZE	MAX_INSERT_SIZE	MEAN_INSERT_SIZE	STANDARD_DEVIATION	READ_PAIRS	PAIR_ORIENTATION	WIDTH_OF_10_PERCENT	WIDTH_OF_20_PERCENT	WIDTH_OF_30_PERCENT	WIDTH_OF_40_PERCENT	WIDTH_OF_50_PERCENT	WIDTH_OF_60_PERCENT	WIDTH_OF_70_PERCENT	WIDTH_OF_80_PERCENT	WIDTH_OF_90_PERCENT	WIDTH_OF_95_PERCENT	WIDTH_OF_99_PERCENT	SAMPLE	LIBRARY	READ_GROUP
747	153	609	24	3108776	1244.80683	1588.134353	68224820	FR	579	911	1057	1147	1219	1565	4045	9075	25689	82275	166699			

## HISTOGRAM	java.lang.Integer
insert_size	All_Reads.fr_count
24	2
26	3
27	6
28	10
29	7
30	11
31	19
32	19
33	35
34	73
35	638
36	596
37	667
38	644
39	729
40	860
41	897
42	792
43	896
44	816
45	955
46	1098
47	921
48	1150
49	1003
50	1225
51	1175
52	1166
53	1249
54	1294
55	1470
56	1565
57	1636
58	1962
59	1862
60	1861
61	2224
62	2384
63	2601
64	2521
65	2982
66	3137
67	3761
68	3868
69	3902
70	4361
71	5362
72	4906
73	6579
74	6292
75	15320
76	7143
77	6906
78	8357
79	8339
80	8840
81	9756
82	10770
83	11560
84	12640
85	14444
86	15836
87	17316
88	18901
89	20352
90	22210
91	24630
92	26634
93	28690
94	31827
95	34893
96	38183
97	42495
98	46877
99	48592
100	50313
101	54381
102	58709
103	62839
104	68413
105	73739
106	76375
107	82509
108	86861
109	91493
110	96251
111	97945
112	103117
113	108155
114	110903
115	119195
116	126331
117	131258
118	148075
119	134653
120	150103
121	163275
122	151129
123	158862
124	156147
125	152726
126	154701
127	163118
128	164316
129	173723
130	172133
131	177481
132	172917
133	178584
134	180361
135	179253
136	183094
137	182853
138	181567
139	185019
140	186684
141	187411
142	184284
143	185791
144	188141
145	188919
146	185793
147	188801
148	189799
149	188977
150	187916
151	190653
152	189657
153	191932
154	186893
155	187104
156	184672
157	185495
158	182920
159	184278
160	183068
161	183001
162	182432
163	181448
164	177670
165	177633
166	179743
167	181524
168	178398
169	177621
170	176835
171	172422
172	173412
173	172118
174	168330
175	168587
176	167555
177	163142
178	165488
179	162708
180	162634
181	160051
182	157957
183	157444
184	156703
185	154317
186	152063
187	153520
188	151132
189	147884
190	149166
191	148718
192	147215
193	145253
194	141963
195	141967
196	140277
197	139511
198	138334
199	137041
200	138973
201	136542
202	138029
203	132109
204	131634
205	131496
206	130179
207	128886
208	127945
209	125292
210	124395
211	123398
212	124410
213	121809
214	120774
215	119115
216	117736
217	117887
218	116420
219	116317
220	116616
221	117141
222	113595
223	111655
224	111535
225	110677
226	112445
227	110688
228	108370
229	108808
230	105786
231	104151
232	103549
233	102646
234	102877
235	101545
236	99714
237	99423
238	97380
239	97331
240	95922
241	95752
242	95335
243	93906
244	93711
245	92072
246	90490
247	90645
248	90248
249	88773
250	88630
251	88631
252	85994
253	85901
254	85593
255	84675
256	83307
257	83536
258	82358
259	80936
260	81121
261	79318
262	80411
263	79795
264	77258
265	77030
266	76500
267	75224
268	76311
269	75989
270	74547
271	74339
272	72682
273	72572
274	72148
275	71600
276	70588
277	69539
278	68492
279	68165
280	66957
281	68138
282	67954
283	66901
284	65662
285	65078
286	65391
287	63462
288	63253
289	62125
290	60900
291	62099
292	60963
293	60700
294	61060
295	59860
296	59321
297	57916
298	57675
299	56658
300	55439
301	55811
302	55592
303	54582
304	54486
305	53320
306	52694
307	53227
308	52640
309	51770
310	51505
311	50071
312	50185
313	50637
314	50482
315	49297
316	48556
317	48463
318	47196
319	45767
320	47164
321	46863
322	46228
323	46315
324	45878
325	45797
326	44777
327	43863
328	43973
329	42866
330	42905
331	42671
332	41915
333	40836
334	41002
335	40760
336	41127
337	40900
338	40074
339	39767
340	39039
341	38753
342	38343
343	37628
344	37627
345	37464
346	37561
347	37203
348	36096
349	35541
350	35349
351	35433
352	34992
353	34426
354	34468
355	34531
356	33972
357	34114
358	33014
359	33148
360	33055
361	33145
362	32383
363	32176
364	31697
365	32136
366	31981
367	31588
368	31425
369	30345
370	30062
371	29988
372	29806
373	30067
374	29356
375	29446
376	29159
377	29073
378	28500
379	28521
380	28127
381	27795
382	27271
383	27174
384	27496
385	27468
386	27074
387	27176
388	26459
389	26083
390	26621
391	26881
392	26054
393	25881
394	25448
395	24791
396	24749
397	24965
398	24839
399	24517
400	24891
401	24825
402	23920
403	23638
404	23623
405	23268
406	23111
407	23106
408	23314
409	22541
410	22646
411	22954
412	22717
413	21818
414	22177
415	21819
416	21934
417	21819
418	21805
419	21572
420	20932
421	20862
422	20380
423	20900
424	20892
425	20324
426	20519
427	20603
428	20234
429	20268
430	20215
431	19815
432	19350
433	20010
434	19818
435	19239
436	19128
437	19377
438	19693
439	18947
440	19432
441	19189
442	19429
443	18870
444	18749
445	18609
446	18799
447	18672
448	18528
449	18814
450	18622
451	18230
452	18443
453	18580
454	18946
455	17642
456	17456
457	17429
458	17476
459	17454
460	17411
461	17684
462	17084
463	17049
464	17524
465	16836
466	16886
467	17135
468	16613
469	16576
470	16994
471	16281
472	16272
473	15980
474	16258
475	16358
476	16282
477	16361
478	15725
479	15990
480	15904
481	15577
482	15850
483	15787
484	15265
485	15797
486	15864
487	15615
488	15349
489	15452
490	15455
491	15367
492	15532
493	15593
494	15129
495	15175
496	15349
497	15182
498	15263
499	15719
500	15098
501	15306
502	14992
503	15343
504	14433
505	14936
506	14963
507	15221
508	15102
509	15136
510	14895
511	14396
512	14533
513	14874
514	14584
515	14802
516	14421
517	14690
518	14913
519	14839
520	15009
521	14723
522	14642
523	14682
524	14055
525	14341
526	14596
527	14546
528	14378
529	14208
530	14623
531	14717
532	14481
533	14763
534	14602
535	14910
536	14982
537	14348
538	14516
539	14619
540	14780
541	14647
542	14403
543	14307
544	14200
545	14062
546	14133
547	13892
548	13934
549	13663
550	13936
551	13836
552	13923
553	13981
554	13709
555	13899
556	13580
557	13428
558	13577
559	13238
560	13563
561	13680
562	13494
563	13643
564	13633
565	13626
566	13641
567	13236
568	13474
569	13514
570	13476
571	13496
572	13782
573	13478
574	13368
575	13631
576	13442
577	13202
578	13502
579	13288
580	13593
581	13501
582	13400
583	13497
584	13061
585	13354
586	13499
587	13147
588	13097
589	13463
590	13003
591	13474
592	13062
593	13640
594	13069
595	13249
596	13133
597	13440
598	13310
599	13275
600	13421
601	13249
602	12837
603	13011
604	13309
605	13136
606	12694
607	12993
608	12504
609	12979
610	12695
611	12894
612	12809
613	12686
614	12972
615	12730
616	12783
617	12866
618	12740
619	12697
620	12787
621	12426
622	12640
623	12678
624	13003
625	12876
626	12737
627	12282
628	12642
629	12498
630	12642
631	12574
632	12876
633	12995
634	12755
635	12456
636	12537
637	12322
638	12567
639	12642
640	12603
641	12628
642	12528
643	12469
644	12547
645	12539
646	12568
647	12527
648	12434
649	13194
650	12039
651	11981
652	12533
653	12200
654	12715
655	12350
656	12384
657	12207
658	12365
659	12362
660	12221
661	12200
662	12465
663	12438
664	12315
665	12247
666	12139
667	11998
668	12039
669	12422
670	12251
671	12063
672	11685
673	11897
674	11861
675	11797
676	12268
677	11658
678	11898
679	12029
680	12252
681	11851
682	11834
683	12033
684	11865
685	11938
686	11630
687	11548
688	11610
689	11457
690	11993
691	12253
692	12100
693	11753
694	11693
695	11756
696	11913
697	11694
698	11734
699	11768
700	11750
701	11897
702	11826
703	11900
704	11811
705	12021
706	12076
707	11634
708	11685
709	11890
710	11659
711	12217
712	11619
713	11870
714	11617
715	11792
716	11552
717	11700
718	11663
719	11621
720	11532
721	11642
722	11851
723	12313
724	11705
725	11480
726	11761
727	11827
728	11775
729	12080
730	11582
731	11917
732	11648
733	11791
734	12192
735	12063
736	11873
737	11456
738	11481
739	11391
740	11628
741	11753
742	11815
743	11262
744	11601
745	11504
746	11113
747	11389
748	11249
749	11583
750	11593
751	11652
752	11619
753	11860
754	11509
755	11522
756	11618
757	11636
758	11641
759	11601
760	11579
761	11394
762	11235
763	11890
764	11471
765	11667
766	11677
767	11595
768	11528
769	11260
770	11248
771	11295
772	11403
773	11815
774	11163
775	11361
776	11205
777	11170
778	11181
779	11188
780	11554
781	11046
782	11251
783	11357
784	11425
785	11683
786	11177
787	11395
788	10884
789	10748
790	11110
791	11229
792	10852
793	11151
794	11179
795	11149
796	11108
797	10911
798	10958
799	10808
800	10605
801	11016
802	10848
803	11124
804	10958
805	11048
806	10982
807	11214
808	11021
809	10770
810	10721
811	10936
812	10867
813	10820
814	11071
815	10983
816	10957
817	10505
818	10580
819	10658
820	10808
821	10777
822	10338
823	10643
824	10529
825	10566
826	10529
827	10507
828	11017
829	10550
830	11154
831	10522
832	10518
833	10477
834	10562
835	10715
836	10972
837	11455
838	10607
839	10838
840	10403
841	10498
842	10549
843	10503
844	10542
845	10755
846	10566
847	10307
848	10483
849	9940
850	10373
851	10318
852	10809
853	10323
854	10416
855	10381
856	10241
857	10467
858	10199
859	10633
860	10331
861	10057
862	10544
863	10601
864	10394
865	10285
866	10674
867	10181
868	10269
869	10082
870	10113
871	10308
872	10068
873	10380
874	9971
875	9922
876	10281
877	10372
878	10009
879	10288
880	10143
881	10074
882	10367
883	10143
884	9952
885	9859
886	9709
887	10042
888	9811
889	10310
890	10246
891	9886
892	9915
893	9912
894	10008
895	9876
896	9982
897	9857
898	10102
899	9965
900	9849
901	9735
902	9817
903	10153
904	9613
905	9741
906	9951
907	9877
908	10161
909	9876
910	10160
911	9820
912	9907
913	10016
914	9736
915	9850
916	9771
917	9976
918	10039
919	10321
920	9540
921	9935
922	9659
923	9968
924	10162
925	9682
926	9779
927	10047
928	9664
929	9809
930	9997
931	9748
932	9841
933	9830
934	9773
935	9759
936	10024
937	9847
938	9856
939	9840
940	10019
941	9747
942	9897
943	9938
944	9742
945	9676
946	9740
947	9817
948	9710
949	9696
950	9569
951	9724
952	9571
953	9814
954	9668
955	9732
956	9601
957	9584
958	9413
959	9690
960	9886
961	9962
962	9937
963	9875
964	9691
965	9876
966	9871
967	9573
968	9610
969	10022
970	9818
971	9976
972	10167
973	10180
974	10068
975	9884
976	9701
977	9765
978	9553
979	9898
980	9980
981	9593
982	9723
983	9608
984	9679
985	9591
986	10116
987	9703
988	9709
989	9551
990	9498
991	9617
992	9883
993	9554
994	9752
995	9572
996	9550
997	9709
998	9603
999	9400
1000	9666
1001	9430
1002	9642
1003	9579
1004	9569
1005	9622
1006	9645
1007	9525
1008	9114
1009	9511
1010	9412
1011	9690
1012	9366
1013	9539
1014	9823
1015	9359
1016	9400
1017	9521
1018	9622
1019	9390
1020	9645
1021	9479
1022	9513
1023	9284
1024	9322
1025	9100
1026	8948
1027	8810
1028	9099
1029	9209
1030	9170
1031	9143
1032	9174
1033	9158
1034	9255
1035	9249
1036	8831
1037	9306
1038	8753
1039	9291
1040	8967
1041	9225
1042	9143
1043	9069
1044	9186
1045	9311
1046	9130
1047	9291
1048	8926
1049	9048
1050	9105
1051	9339
1052	9303
1053	8589
1054	8877
1055	9045
1056	8895
1057	9028
1058	9011
1059	9246
1060	8911
1061	8624
1062	8736
1063	8829
1064	8487
1065	8508
1066	8737
1067	8707
1068	8568
1069	8518
1070	9114
1071	8808
1072	9001
1073	8521
1074	8641
1075	8573
1076	8526
1077	8839
1078	9158
1079	8707
1080	8736
1081	8381
1082	8356
1083	8746
1084	8695
1085	8731
1086	8690
1087	8389
1088	8452
1089	8416
1090	8108
1091	8353
1092	8597
1093	8805
1094	9171
1095	8560
1096	8426
1097	8176
1098	8188
1099	8148
1100	8293
1101	8149
1102	8198
1103	8114
1104	8563
1105	8116
1106	8108
1107	8106
1108	8170
1109	8164
1110	8354
1111	8342
1112	8005
1113	8465
1114	8077
1115	8217
1116	8025
1117	8341
1118	8101
1119	8381
1120	8184
1121	8172
1122	8179
1123	8013
1124	8278
1125	8145
1126	8120
1127	8229
1128	8001
1129	7917
1130	8150
1131	7979
1132	7982
1133	7952
1134	7930
1135	8204
1136	8128
1137	7655
1138	8159
1139	8071
1140	7741
1141	8109
1142	8251
1143	7764
1144	7915
1145	8002
1146	7799
1147	7827
1148	7866
1149	8136
1150	8182
1151	8318
1152	8339
1153	7948
1154	8090
1155	7864
1156	7993
1157	8181
1158	8014
1159	8030
1160	8100
1161	8101
1162	8517
1163	7861
1164	7886
1165	7981
1166	8005
1167	7873
1168	7793
1169	7832
1170	8045
1171	8005
1172	7987
1173	8055
1174	7882
1175	7959
1176	7678
1177	7847
1178	7973
1179	7922
1180	8241
1181	7700
1182	7569
1183	7657
1184	7889
1185	7850
1186	7911
1187	7633
1188	7908
1189	7755
1190	7711
1191	7955
1192	8177
1193	8061
1194	7952
1195	8012
1196	7811
1197	7667
1198	7889
1199	7805
1200	7769
1201	7851
1202	8003
1203	7991
1204	7869
1205	8049
1206	8082
1207	8258
1208	7890
1209	7805
1210	7808
1211	7910
1212	7895
1213	7838
1214	7987
1215	7931
1216	7974
1217	7981
1218	7975
1219	7947
1220	8129
1221	7896
1222	8168
1223	8128
1224	8058
1225	8029
1226	7821
1227	8146
1228	8159
1229	8099
1230	8183
1231	8196
1232	8171
1233	8358
1234	8198
1235	8365
1236	8044
1237	8170
1238	8206
1239	8303
1240	8145
1241	8450
1242	8174
1243	8037
1244	8107
1245	8072
1246	8052
1247	8462
1248	8332
1249	8570
1250	8394
1251	8198
1252	8283
1253	8328
1254	8321
1255	8471
1256	8194
1257	8402
1258	8183
1259	8070
1260	8290
1261	8026
1262	8276
1263	8830
1264	8625
1265	8526
1266	8046
1267	8403
1268	8485
1269	8428
1270	8438
1271	8195
1272	8322
1273	8106
1274	8295
1275	8202
1276	7903
1277	8020
1278	8189
1279	8131
1280	8281
1281	8144
1282	8060
1283	8068
1284	8116
1285	8069
1286	8128
1287	8027
1288	8094
1289	7903
1290	8104
1291	8364
1292	7820
1293	7888
1294	7836
1295	7773
1296	7952
1297	7948
1298	8170
1299	8093
1300	8066
1301	7997
1302	7854
1303	7786
1304	7711
1305	8383
1306	8107
1307	8113
1308	8390
1309	7872
1310	8216
1311	7729
1312	7807
1313	8131
1314	7931
1315	8010
1316	7992
1317	8037
1318	7876
1319	7867
1320	8250
1321	7803
1322	7790
1323	7934
1324	8288
1325	7995
1326	8175
1327	7753
1328	7663
1329	7833
1330	7726
1331	7730
1332	7918
1333	7670
1334	7578
1335	7466
1336	7688
1337	7386
1338	7521
1339	7706
1340	7634
1341	7732
1342	7410
1343	7580
1344	7651
1345	7426
1346	7547
1347	7408
1348	7555
1349	7694
1350	7512
1351	7646
1352	7542
1353	7537
1354	7474
1355	7378
1356	7499
1357	7340
1358	7474
1359	7402
1360	7415
1361	7279
1362	7239
1363	7246
1364	7441
1365	7016
1366	7136
1367	7411
1368	7315
1369	7188
1370	7515
1371	7533
1372	7327
1373	7314
1374	7220
1375	7380
1376	7625
1377	7130
1378	7185
1379	7400
1380	7158
1381	7333
1382	7532
1383	7292
1384	7186
1385	7166
1386	7286
1387	7324
1388	7274
1389	7331
1390	7348
1391	7108
1392	7251
1393	7216
1394	7298
1395	7574
1396	7154
1397	7265
1398	7114
1399	7299
1400	7433
1401	7237
1402	7328
1403	7142
1404	7266
1405	7023
1406	7255
1407	7347
1408	7204
1409	7096
1410	7291
1411	7060
1412	7236
1413	6981
1414	7101
1415	7139
1416	7211
1417	6822
1418	7222
1419	6836
1420	7062
1421	7048
1422	6828
1423	7200
1424	6729
1425	7007
1426	7016
1427	6777
1428	6740
1429	6914
1430	6759
1431	7087
1432	6919
1433	6853
1434	7061
1435	6945
1436	6982
1437	6913
1438	6828
1439	6980
1440	6936
1441	7287
1442	6945
1443	7014
1444	6951
1445	7036
1446	6822
1447	7147
1448	6969
1449	6949
1450	6964
1451	7010
1452	6997
1453	6806
1454	7276
1455	7012
1456	6999
1457	7260
1458	7360
1459	7157
1460	7308
1461	7454
1462	7053
1463	7229
1464	6886
1465	6875
1466	7120
1467	7053
1468	6883
1469	7009
1470	7133
1471	6956
1472	7136
1473	7083
1474	6793
1475	7047
1476	6953
1477	6968
1478	6663
1479	7155
1480	7138
1481	7369
1482	7522
1483	7499
1484	7253
1485	6851
1486	7137
1487	6849
1488	6782
1489	7152
1490	6971
1491	7220
1492	7154
1493	7098
1494	6995
1495	7128
1496	7096
1497	7357
1498	7373
1499	7896
1500	7418
1501	7324
1502	7077
1503	7345
1504	7259
1505	7237
1506	7498
1507	7232
1508	7282
1509	7134
1510	7228
1511	7253
1512	7301
1513	7274
1514	7412
1515	7213
1516	7478
1517	7275
1518	7258
1519	7236
1520	7572
1521	7559
1522	7427
1523	7395
1524	7547
1525	7643
1526	7562
1527	7460
1528	7588
1529	7227
1530	7325
1531	7567
1532	7565
1533	7468
1534	7672
1535	7678
1536	7300
1537	7891
1538	7441
1539	7271
1540	7443
1541	7197
1542	7319
1543	6882
1544	7204
1545	7755
1546	7615
1547	7660
1548	7502
1549	7594
1550	7337
1551	7653
1552	7743
1553	7502
1554	7902
1555	7544
1556	7795
1557	7345
1558	7567
1559	7452
1560	7317
1561	7344
1562	7566
1563	7488
1564	7396
1565	7406
1566	7117
1567	7233
1568	6836
1569	7059
1570	7564
1571	7490
1572	7431
1573	7353
1574	7579
1575	7178
1576	7184
1577	7122
1578	7187
1579	6842
1580	7140
1581	7183
1582	7335
1583	7191
1584	7279
1585	7233
1586	7288
1587	7265
1588	6870
1589	6916
1590	6785
1591	7045
1592	7196
1593	7199
1594	7119
1595	6934
1596	7000
1597	7049
1598	7073
1599	7215
1600	7031
1601	7527
1602	7231
1603	7131
1604	6889
1605	6871
1606	6638
1607	7020
1608	7189
1609	7068
1610	6901
1611	6759
1612	7042
1613	7091
1614	6981
1615	6837
1616	7120
1617	7004
1618	6948
1619	6966
1620	6959
1621	6857
1622	7088
1623	6688
1624	7048
1625	6922
1626	6775
1627	6886
1628	7005
1629	7114
1630	6855
1631	6699
1632	6773
1633	7000
1634	7155
1635	7110
1636	6866
1637	6694
1638	6803
1639	6726
1640	6792
1641	6586
1642	6921
1643	6761
1644	6834
1645	6731
1646	6697
1647	6413
1648	6793
1649	6607
1650	6856
1651	6738
1652	6644
1653	6469
1654	6651
1655	6576
1656	6813
1657	6841
1658	7236
1659	6841
1660	6910
1661	6965
1662	6969
1663	7002
1664	7018
1665	6887
1666	6565
1667	6712
1668	6874
1669	6796
1670	6877
1671	6854
1672	6502
1673	6667
1674	6670
1675	6613
1676	6695
1677	6778
1678	6849
1679	7190
1680	7129
1681	7071
1682	6815
1683	6761
1684	6489
1685	6716
1686	6819
1687	6833
1688	6621
1689	6602
1690	6775
1691	6965
1692	6749
1693	6812
1694	6823
1695	6563
1696	6634
1697	6512
1698	6995
1699	6785
1700	6638
1701	6478
1702	6687
1703	6767
1704	6656
1705	6851
1706	6596
1707	6890
1708	6754
1709	6980
1710	6806
1711	6735
1712	6787
1713	6656
1714	6742
1715	6923
1716	6856
1717	6896
1718	6946
1719	6690
1720	6848
1721	6876
1722	6912
1723	6923
1724	6977
1725	6632
1726	6862
1727	6972
1728	6722
1729	7111
1730	7006
1731	7010
1732	6772
1733	7073
1734	6698
1735	6809
1736	6727
1737	6915
1738	7027
1739	6778
1740	6970
1741	6933
1742	6880
1743	6826
1744	6766
1745	6892
1746	6852
1747	7040
1748	6827
1749	6951
1750	7068
1751	6797
1752	6842
1753	7012
1754	6939
1755	6751
1756	6729
1757	6983
1758	6974
1759	6956
1760	6862
1761	6688
1762	6748
1763	6760
1764	6798
1765	6918
1766	6683
1767	6799
1768	6649
1769	6838
1770	6606
1771	6890
1772	6639
1773	6772
1774	6876
1775	6620
1776	6749
1777	6628
1778	6614
1779	6449
1780	6574
1781	6676
1782	6599
1783	6585
1784	6311
1785	6461
1786	6464
1787	6623
1788	6592
1789	6772
1790	6663
1791	6344
1792	6602
1793	6448
1794	6228
1795	6343
1796	6501
1797	6297
1798	6505
1799	6311
1800	6568
1801	6372
1802	6373
1803	6355
1804	6386
1805	6298
1806	6342
1807	6267
1808	6071
1809	6312
1810	6177
1811	6198
1812	6022
1813	6372
1814	6219
1815	5983
1816	6216
1817	6108
1818	5988
1819	6251
1820	5990
1821	6123
1822	6175
1823	6550
1824	6190
1825	6130
1826	5996
1827	6271
1828	5876
1829	5926
1830	5978
1831	5937
1832	5806
1833	5905
1834	5663
1835	5881
1836	6067
1837	5815
1838	5876
1839	5827
1840	5656
1841	5912
1842	5879
1843	5658
1844	5658
1845	5691
1846	5725
1847	5887
1848	5698
1849	5676
1850	5577
1851	5685
1852	5780
1853	5656
1854	5730
1855	5808
1856	5552
1857	5782
1858	5639
1859	5955
1860	5718
1861	5925
1862	5608
1863	5798
1864	5644
1865	5654
1866	5620
1867	5823
1868	5754
1869	5666
1870	5807
1871	5626
1872	5624
1873	5550
1874	5653
1875	5641
1876	5673
1877	5828
1878	5740
1879	5594
1880	5751
1881	5725
1882	5737
1883	5759
1884	5610
1885	5671
1886	5767
1887	5772
1888	5732
1889	5760
1890	5826
1891	5805
1892	5527
1893	5701
1894	5748
1895	5800
1896	5676
1897	5812
1898	5956
1899	5842
1900	5931
1901	5820
1902	5907
1903	5724
1904	5831
1905	5749
1906	5896
1907	5789
1908	5973
1909	5557
1910	5701
1911	5692
1912	5734
1913	5866
1914	5702
1915	5815
1916	5571
1917	5826
1918	5820
1919	5636
1920	5538
1921	5742
1922	5963
1923	5782
1924	5712
1925	5611
1926	5725
1927	5741
1928	5848
1929	5876
1930	5949
1931	5723
1932	5654
1933	5677
1934	6084
1935	5924
1936	5832
1937	5815
1938	5967
1939	5867
1940	5895
1941	5814
1942	5733
1943	5825
1944	5637
1945	6027
1946	6054
1947	5676
1948	5847
1949	5913
1950	5675
1951	5833
1952	5841
1953	5738
1954	5806
1955	5755
1956	5560
1957	5873
1958	5849
1959	5722
1960	5861
1961	5846
1962	5987
1963	5962
1964	5962
1965	5825
1966	5721
1967	6001
1968	5918
1969	5831
1970	5839
1971	6027
1972	5829
1973	5989
1974	6077
1975	5701
1976	6001
1977	6087
1978	6004
1979	5995
1980	5825
1981	6232
1982	6158
1983	6029
1984	6325
1985	5878
1986	6032
1987	6181
1988	6139
1989	6144
1990	6353
1991	6180
1992	6192
1993	6175
1994	6395
1995	5917
1996	6169
1997	6079
1998	6132
1999	6194
2000	6328
2001	6517
2002	6339
2003	6470
2004	6432
2005	6153
2006	6139
2007	6182
2008	6520
2009	6452
2010	6627
2011	6128
2012	6233
2013	6424
2014	6191
2015	6322
2016	6317
2017	6320
2018	6191
2019	6389
2020	6350
2021	6314
2022	6360
2023	6350
2024	6208
2025	6173
2026	6080
2027	6370
2028	6514
2029	6323
2030	6316
2031	6206
2032	6253
2033	6314
2034	6137
2035	6308
2036	6232
2037	6168
2038	6351
2039	6205
2040	6367
2041	6370
2042	6297
2043	6304
2044	6290
2045	6176
2046	6490
2047	6342
2048	6357
2049	6010
2050	6471
2051	6475
2052	6228
2053	6191
2054	6237
2055	6331
2056	5936
2057	6217
2058	6342
2059	6165
2060	6112
2061	6130
2062	6196
2063	6337
2064	6292
2065	5999
2066	5928
2067	6244
2068	6053
2069	6203
2070	5984
2071	6189
2072	6178
2073	6226
2074	6129
2075	5955
2076	5849
2077	5852
2078	5603
2079	5975
2080	5815
2081	6181
2082	5949
2083	6250
2084	5837
2085	5828
2086	5635
2087	5689
2088	5756
2089	6017
2090	5807
2091	5742
2092	5815
2093	5804
2094	5513
2095	5654
2096	5594
2097	5864
2098	5719
2099	5853
2100	5612
2101	5643
2102	5523
2103	5470
2104	5638
2105	5791
2106	5671
2107	5715
2108	5743
2109	5452
2110	5597
2111	5385
2112	5355
2113	5537
2114	5631
2115	5484
2116	5642
2117	5291
2118	5489
2119	5468
2120	5681
2121	5513
2122	5807
2123	5622
2124	5491
2125	5524
2126	5523
2127	5640
2128	5423
2129	5559
2130	5673
2131	5501
2132	5387
2133	5595
2134	5619
2135	5424
2136	5411
2137	5229
2138	5310
2139	5304
2140	5274
2141	5265
2142	5372
2143	5249
2144	5285
2145	5202
2146	5234
2147	5178
2148	5141
2149	5194
2150	5057
2151	5273
2152	5501
2153	5285
2154	5137
2155	5029
2156	5134
2157	5184
2158	5278
2159	4948
2160	5265
2161	5364
2162	5352
2163	5251
2164	5014
2165	5356
2166	5578
2167	5237
2168	5116
2169	5057
2170	5364
2171	5219
2172	5219
2173	5226
2174	5184
2175	5289
2176	5232
2177	5246
2178	5208
2179	5226
2180	5014
2181	5073
2182	5066
2183	5120
2184	5033
2185	5306
2186	5148
2187	4983
2188	5044
2189	4996
2190	5229
2191	5200
2192	5287
2193	5181
2194	5152
2195	5177
2196	5104
2197	5204
2198	4874
2199	5149
2200	5321
2201	5207
2202	5227
2203	5167
2204	5149
2205	5199
2206	4901
2207	5185
2208	5169
2209	5223
2210	5197
2211	5054
2212	5058
2213	5173
2214	5275
2215	5303
2216	5122
2217	5310
2218	5209
2219	5213
2220	5391
2221	5107
2222	5102
2223	5112
2224	4941
2225	5067
2226	5213
2227	5125
2228	5162
2229	5220
2230	5095
2231	5264
2232	5240
2233	5037
2234	5078
2235	5268
2236	5117
2237	5190
2238	5304
2239	5010
2240	5328
2241	5145
2242	5446
2243	5369
2244	5429
2245	5228
2246	5357
2247	5440
2248	5303
2249	5278
2250	5262
2251	5300
2252	5096
2253	5315
2254	5594
2255	5460
2256	5147
2257	5184
2258	5080
2259	5470
2260	5410
2261	5218
2262	5207
2263	5111
2264	5292
2265	5292
2266	5079
2267	5113
2268	5477
2269	5236
2270	4910
2271	5054
2272	5094
2273	5180
2274	5174
2275	5070
2276	5070
2277	5302
2278	5281
2279	5210
2280	5078
2281	5205
2282	5151
2283	5200
2284	5287
2285	5270
2286	5218
2287	5420
2288	5146
2289	5191
2290	5063
2291	5243
2292	5047
2293	5109
2294	5099
2295	5308
2296	5154
2297	5500
2298	5161
2299	5448
2300	5153
2301	5353
2302	5218
2303	5129
2304	5124
2305	5070
2306	5225
2307	5292
2308	5190
2309	5236
2310	5194
2311	5179
2312	5334
2313	5254
2314	5352
2315	5292
2316	5180
2317	5293
2318	5182
2319	5391
2320	5400
2321	5498
2322	5359
2323	5165
2324	5204
2325	5156
2326	5149
2327	4942
2328	5243
2329	5274
2330	5124
2331	5137
2332	5114
2333	5154
2334	5217
2335	5229
2336	5133
2337	5404
2338	4979
2339	5054
2340	5300
2341	5220
2342	5229
2343	5309
2344	5167
2345	4910
2346	5086
2347	4846
2348	5476
2349	4820
2350	4997
2351	5126
2352	5231
2353	5303
2354	4963
2355	5815
2356	5054
2357	5258
2358	4828
2359	5191
2360	5191
2361	4929
2362	5244
2363	4950
2364	5039
2365	5127
2366	4973
2367	5032
2368	4984
2369	4978
2370	5031
2371	4941
2372	4745
2373	4675
2374	4934
2375	4706
2376	4975
2377	4810
2378	5198
2379	5110
2380	4865
2381	5107
2382	5163
2383	4532
2384	4852
2385	4681
2386	4874
2387	4709
2388	4697
2389	4625
2390	4621
2391	4653
2392	4745
2393	4591
2394	4428
2395	4637
2396	4629
2397	4524
2398	5141
2399	4781
2400	4696
2401	4691
2402	4605
2403	4681
2404	4673
2405	5215
2406	4875
2407	4528
2408	4520
2409	4564
2410	4264
2411	4533
2412	4568
2413	4512
2414	4504
2415	4423
2416	4448
2417	4519
2418	4498
2419	4420
2420	4454
2421	4366
2422	4454
2423	4466
2424	4387
2425	4493
2426	4499
2427	4520
2428	4166
2429	4452
2430	4365
2431	4402
2432	4512
2433	4352
2434	4333
2435	4253
2436	4206
2437	4285
2438	4223
2439	4313
2440	4475
2441	4358
2442	4327
2443	4411
2444	4247
2445	4410
2446	4332
2447	4352
2448	4327
2449	4173
2450	4349
2451	4330
2452	4388
2453	4455
2454	4184
2455	4129
2456	4179
2457	4222
2458	4252
2459	4131
2460	4279
2461	4160
2462	4218
2463	4311
2464	4105
2465	4274
2466	4171
2467	4078
2468	4167
2469	4336
2470	4142
2471	4329
2472	4284
2473	4250
2474	4269
2475	4087
2476	4232
2477	4104
2478	4123
2479	4327
2480	4205
2481	4189
2482	4314
2483	4253
2484	4280
2485	4187
2486	4309
2487	4274
2488	4503
2489	4474
2490	4465
2491	4216
2492	4407
2493	4270
2494	4273
2495	4248
2496	4259
2497	4250
2498	4372
2499	4206
2500	4438
2501	4167
2502	4295
2503	4307
2504	4360
2505	4249
2506	4229
2507	4233
2508	4358
2509	4256
2510	4235
2511	4324
2512	4304
2513	4457
2514	4353
2515	4387
2516	4400
2517	4312
2518	4288
2519	4354
2520	4575
2521	4432
2522	4312
2523	4153
2524	4286
2525	4115
2526	4401
2527	4287
2528	4488
2529	4395
2530	4213
2531	4264
2532	4308
2533	4163
2534	4167
2535	4203
2536	4249
2537	4216
2538	4413
2539	4277
2540	4357
2541	4289
2542	4326
2543	4353
2544	4309
2545	4316
2546	4236
2547	4053
2548	4135
2549	4313
2550	4139
2551	4279
2552	4142
2553	4419
2554	4339
2555	4193
2556	4399
2557	4520
2558	4252
2559	4342
2560	4147
2561	4334
2562	4340
2563	4334
2564	4311
2565	4327
2566	4381
2567	4289
2568	4215
2569	4120
2570	4319
2571	4242
2572	4240
2573	4187
2574	4128
2575	4196
2576	4267
2577	4295
2578	4303
2579	4367
2580	4446
2581	4282
2582	4362
2583	4299
2584	4218
2585	4164
2586	4221
2587	4410
2588	4354
2589	4266
2590	4271
2591	3983
2592	4260
2593	4187
2594	4290
2595	3976
2596	4212
2597	4181
2598	4056
2599	4149
2600	4080
2601	4176
2602	4320
2603	4326
2604	4173
2605	4075
2606	4278
2607	4175
2608	4132
2609	4021
2610	4210
2611	4239
2612	4319
2613	4049
2614	4152
2615	4219
2616	4148
2617	4258
2618	4290
2619	4416
2620	4225
2621	4209
2622	4264
2623	4321
2624	4311
2625	4282
2626	4351
2627	4177
2628	4440
2629	4380
2630	4452
2631	4163
2632	4349
2633	4423
2634	4191
2635	4357
2636	4421
2637	4383
2638	4259
2639	4318
2640	4404
2641	4435
2642	4177
2643	4359
2644	4323
2645	4399
2646	4376
2647	4208
2648	4292
2649	4418
2650	4648
2651	4288
2652	4823
2653	4586
2654	4308
2655	4312
2656	4437
2657	4433
2658	4388
2659	4209
2660	4142
2661	4384
2662	4310
2663	4396
2664	4194
2665	4151
2666	4336
2667	4234
2668	4272
2669	4145
2670	4405
2671	4150
2672	4326
2673	4299
2674	4355
2675	4377
2676	4494
2677	4463
2678	4279
2679	4396
2680	4364
2681	4327
2682	4544
2683	4478
2684	4353
2685	4361
2686	4482
2687	4265
2688	4489
2689	4332
2690	4546
2691	4380
2692	4221
2693	4459
2694	4366
2695	4374
2696	4357
2697	4426
2698	4290
2699	4559
2700	4640
2701	4718
2702	4743
2703	4333
2704	4634
2705	4443
2706	4390
2707	4425
2708	4404
2709	4806
2710	4645
2711	4756
2712	4207
2713	4344
2714	4429
2715	4637
2716	4862
2717	4495
2718	4487
2719	4624
2720	4350
2721	4171
2722	4188
2723	4362
2724	4331
2725	4183
2726	4198
2727	4307
2728	4100
2729	4254
2730	4179
2731	4252
2732	4144
2733	4171
2734	4313
2735	4231
2736	4347
2737	4220
2738	4063
2739	3918
2740	4061
2741	4194
2742	4183
2743	4056
2744	4020
2745	3967
2746	4069
2747	4066
2748	4059
2749	4135
2750	4034
2751	4082
2752	4115
2753	4160
2754	4202
2755	4119
2756	4292
2757	4052
2758	3917
2759	4059
2760	4143
2761	4181
2762	4171
2763	4097
2764	4017
2765	4084
2766	4312
2767	4158
2768	4070
2769	4232
2770	4054
2771	3880
2772	4110
2773	3930
2774	4081
2775	4171
2776	4228
2777	3821
2778	4084
2779	3937
2780	4105
2781	4092
2782	3903
2783	4041
2784	4087
2785	3824
2786	3993
2787	3836
2788	4018
2789	3904
2790	4068
2791	3713
2792	3893
2793	3930
2794	3835
2795	3864
2796	3854
2797	3919
2798	3834
2799	3772
2800	3832
2801	3982
2802	3894
2803	3929
2804	3828
2805	3778
2806	3865
2807	3934
2808	3944
2809	4153
2810	3768
2811	3879
2812	4190
2813	3738
2814	3817
2815	3982
2816	3858
2817	4098
2818	3959
2819	4021
2820	3902
2821	3927
2822	3870
2823	3942
2824	3766
2825	3935
2826	3937
2827	3795
2828	3705
2829	3830
2830	3886
2831	3691
2832	3848
2833	3926
2834	3706
2835	3944
2836	3779
2837	3722
2838	3686
2839	3745
2840	3793
2841	3689
2842	3562
2843	3586
2844	3758
2845	3624
2846	3789
2847	3831
2848	3758
2849	3884
2850	3729
2851	3623
2852	3654
2853	3724
2854	3806
2855	3773
2856	3784
2857	3706
2858	3603
2859	3724
2860	3972
2861	3929
2862	3574
2863	3957
2864	3759
2865	3598
2866	3889
2867	3908
2868	3938
2869	3840
2870	3652
2871	3698
2872	3728
2873	3728
2874	3659
2875	3743
2876	3773
2877	3661
2878	3812
2879	3860
2880	3741
2881	3896
2882	3896
2883	3867
2884	3595
2885	3681
2886	3938
2887	3766
2888	3863
2889	3794
2890	3730
2891	3758
2892	3761
2893	3810
2894	3866
2895	3835
2896	3712
2897	3866
2898	3898
2899	3743
2900	3810
2901	3822
2902	3905
2903	3842
2904	3749
2905	3757
2906	3788
2907	3684
2908	3720
2909	3699
2910	3867
2911	3672
2912	3709
2913	3843
2914	3867
2915	3510
2916	3789
2917	3817
2918	3862
2919	3800
2920	3873
2921	3678
2922	3748
2923	3715
2924	3720
2925	3609
2926	3712
2927	3878
2928	3720
2929	3814
2930	3659
2931	3650
2932	3840
2933	3549
2934	3867
2935	3700
2936	3692
2937	3774
2938	3631
2939	3756
2940	3573
2941	3887
2942	3735
2943	3822
2944	3707
2945	3728
2946	3627
2947	3614
2948	3721
2949	3592
2950	3674
2951	3614
2952	3782
2953	3885
2954	3681
2955	3721
2956	3695
2957	3703
2958	3761
2959	3745
2960	3722
2961	3805
2962	3633
2963	3656
2964	3794
2965	3661
2966	3718
2967	3656
2968	3777
2969	3630
2970	3688
2971	3661
2972	3631
2973	3888
2974	3796
2975	3787
2976	3732
2977	3585
2978	3479
2979	3761
2980	3709
2981	3564
2982	3581
2983	3746
2984	3727
2985	3690
2986	3746
2987	3752
2988	3731
2989	3664
2990	3758
2991	3570
2992	3761
2993	3575
2994	3816
2995	3755
2996	3860
2997	3676
2998	3730
2999	3717
3000	3800
3001	3897
3002	3836
3003	3848
3004	3688
3005	3823
3006	3922
3007	3760
3008	3936
3009	3988
3010	3815
3011	3763
3012	3685
3013	3741
3014	3872
3015	3730
3016	3856
3017	3876
3018	3876
3019	3911
3020	3721
3021	3865
3022	3608
3023	3497
3024	3731
3025	3764
3026	3695
3027	3704
3028	3813
3029	3599
3030	3619
3031	3866
3032	3636
3033	3601
3034	3711
3035	3776
3036	3840
3037	3807
3038	3782
3039	3735
3040	3886
3041	3766
3042	3842
3043	3749
3044	3862
3045	3893
3046	3761
3047	3919
3048	3840
3049	3787
3050	3778
3051	3805
3052	3801
3053	4104
3054	3819
3055	3652
3056	3714
3057	3950
3058	3701
3059	3779
3060	3909
3061	3992
3062	3827
3063	3932
3064	3814
3065	3813
3066	3844
3067	3951
3068	3776
3069	3670
3070	3809
3071	3682
3072	3863
3073	3862
3074	4053
3075	3657
3076	3765
3077	3710
3078	3772
3079	3694
3080	3888
3081	3629
3082	3720
3083	3776
3084	3829
3085	3767
3086	3742
3087	3705
3088	3729
3089	3486
3090	3737
3091	3832
3092	3816
3093	3636
3094	3803
3095	3719
3096	3744
3097	3774
3098	3572
3099	3773
3100	3826
3101	3698
3102	3691
3103	3659
3104	3671
3105	3764
3106	3722
3107	3773
3108	3669
3109	3747
3110	3748
3111	3700
3112	3741
3113	3724
3114	3743
3115	3749
3116	3759
3117	3576
3118	3626
3119	3732
3120	3831
3121	3841
3122	3807
3123	3626
3124	3710
3125	3578
3126	3499
3127	3656
3128	3773
3129	3375
3130	3542
3131	3350
3132	3710
3133	3663
3134	3752
3135	3637
3136	3673
3137	3698
3138	3552
3139	3641
3140	3688
3141	3872
3142	3615
3143	3621
3144	3589
3145	3461
3146	3716
3147	3606
3148	3689
3149	3593
3150	3491
3151	3601
3152	3549
3153	3517
3154	3652
3155	3592
3156	3641
3157	3533
3158	3610
3159	3732
3160	3634
3161	3528
3162	3503
3163	3763
3164	3678
3165	3624
3166	3539
3167	3543
3168	3486
3169	3646
3170	3616
3171	3455
3172	3679
3173	3614
3174	3514
3175	3504
3176	3497
3177	3529
3178	3511
3179	3347
3180	3626
3181	3508
3182	3406
3183	3301
3184	3271
3185	3464
3186	3473
3187	3483
3188	3381
3189	3629
3190	3600
3191	3486
3192	3406
3193	3429
3194	3450
3195	3352
3196	3395
3197	3426
3198	3213
3199	3442
3200	3490
3201	3419
3202	3391
3203	3578
3204	3457
3205	3430
3206	3340
3207	3446
3208	3350
3209	3261
3210	3336
3211	3590
3212	3367
3213	3381
3214	3406
3215	3368
3216	3282
3217	3409
3218	3306
3219	3441
3220	3307
3221	3546
3222	3288
3223	3372
3224	3436
3225	3305
3226	3211
3227	3280
3228	3507
3229	3412
3230	3273
3231	3416
3232	3449
3233	3440
3234	3472
3235	3506
3236	3400
3237	3417
3238	3313
3239	3210
3240	3389
3241	3275
3242	3355
3243	3474
3244	3362
3245	3415
3246	3319
3247	3309
3248	3371
3249	3368
3250	3560
3251	3325
3252	3288
3253	3279
3254	3368
3255	3454
3256	3419
3257	3426
3258	3544
3259	3366
3260	3489
3261	3438
3262	3504
3263	3344
3264	3506
3265	3417
3266	3472
3267	3383
3268	3414
3269	3312
3270	3452
3271	3615
3272	3454
3273	3406
3274	3562
3275	3400
3276	3695
3277	3501
3278	3602
3279	3466
3280	3578
3281	3768
3282	3498
3283	3679
3284	3542
3285	3648
3286	3689
3287	3610
3288	3722
3289	3590
3290	3499
3291	3601
3292	3544
3293	3569
3294	3595
3295	3456
3296	3451
3297	3523
3298	3599
3299	3565
3300	3627
3301	3664
3302	3486
3303	3585
3304	3666
3305	3551
3306	3614
3307	3690
3308	3423
3309	3742
3310	3690
3311	3517
3312	3575
3313	3566
3314	3596
3315	3635
3316	3584
3317	3725
3318	3723
3319	3624
3320	3629
3321	3606
3322	3644
3323	3539
3324	3403
3325	3477
3326	3785
3327	3613
3328	3749
3329	3649
3330	3880
3331	3665
3332	3684
3333	3606
3334	3707
3335	3785
3336	3581
3337	3600
3338	3627
3339	3625
3340	3855
3341	3553
3342	3680
3343	3731
3344	3705
3345	3637
3346	3526
3347	3564
3348	3493
3349	3570
3350	3716
3351	3586
3352	3432
3353	3546
3354	3502
3355	3586
3356	3538
3357	3650
3358	3579
3359	3499
3360	3451
3361	3619
3362	3479
3363	3558
3364	3379
3365	3542
3366	3653
3367	3547
3368	3253
3369	3381
3370	3336
3371	3309
3372	3518
3373	3323
3374	3270
3375	3360
3376	3323
3377	3290
3378	3327
3379	3449
3380	3401
3381	3321
3382	3460
3383	3289
3384	3385
3385	3238
3386	3288
3387	3298
3388	3394
3389	3451
3390	3349
3391	3338
3392	3168
3393	3265
3394	3288
3395	3178
3396	3229
3397	3258
3398	3164
3399	3376
3400	3289
3401	3303
3402	3274
3403	3153
3404	3267
3405	3156
3406	3477
3407	3343
3408	3186
3409	3195
3410	3172
3411	3209
3412	3135
3413	3086
3414	3203
3415	3346
3416	3240
3417	3222
3418	3042
3419	3290
3420	3241
3421	3237
3422	3275
3423	3234
3424	3180
3425	3288
3426	3250
3427	3314
3428	3159
3429	3432
3430	3125
3431	3213
3432	3113
3433	3217
3434	3203
3435	3177
3436	3125
3437	3229
3438	3217
3439	3211
3440	3278
3441	2959
3442	3261
3443	3142
3444	3197
3445	3003
3446	3092
3447	3069
3448	3036
3449	3057
3450	3044
3451	3121
3452	3128
3453	3049
3454	2989
3455	2963
3456	3089
3457	2970
3458	3101
3459	3105
3460	2984
3461	3177
3462	2999
3463	3190
3464	3220
3465	3051
3466	3005
3467	3007
3468	3013
3469	3049
3470	2995
3471	3230
3472	2958
3473	3017
3474	3000
3475	3100
3476	3020
3477	2956
3478	3086
3479	2930
3480	3031
3481	3043
3482	2998
3483	3073
3484	3003
3485	3105
3486	2937
3487	3005
3488	2999
3489	3033
3490	3023
3491	2986
3492	3043
3493	3091
3494	2976
3495	3115
3496	3008
3497	3054
3498	2947
3499	2952
3500	3024
3501	3004
3502	3086
3503	3087
3504	3076
3505	3170
3506	2958
3507	2889
3508	2993
3509	2944
3510	2957
3511	3016
3512	2981
3513	3099
3514	3057
3515	3097
3516	3010
3517	2921
3518	2886
3519	2999
3520	3054
3521	2912
3522	3164
3523	3037
3524	3079
3525	3022
3526	2963
3527	3019
3528	3051
3529	2949
3530	3028
3531	2958
3532	2940
3533	3115
3534	3044
3535	2888
3536	3084
3537	2781
3538	2962
3539	3009
3540	2914
3541	3067
3542	2920
3543	3027
3544	2979
3545	3049
3546	3052
3547	2999
3548	2966
3549	2991
3550	2986
3551	2971
3552	3106
3553	2902
3554	2979
3555	3003
3556	2874
3557	3005
3558	3065
3559	2991
3560	2975
3561	3179
3562	3114
3563	3058
3564	3088
3565	3013
3566	2949
3567	3078
3568	2990
3569	2947
3570	2882
3571	2947
3572	3007
3573	3003
3574	2938
3575	2959
3576	3002
3577	2889
3578	3111
3579	3045
3580	2974
3581	3068
3582	3153
3583	3117
3584	3024
3585	2925
3586	3023
3587	2986
3588	3051
3589	3034
3590	3114
3591	3070
3592	3026
3593	3084
3594	3003
3595	3026
3596	2914
3597	3182
3598	2942
3599	3068
3600	3033
3601	2974
3602	3073
3603	2944
3604	2875
3605	3187
3606	3001
3607	3102
3608	2962
3609	3024
3610	3040
3611	3023
3612	2861
3613	3054
3614	3022
3615	2998
3616	2978
3617	2991
3618	2964
3619	3060
3620	3120
3621	2976
3622	2953
3623	3097
3624	2983
3625	2946
3626	2914
3627	3008
3628	2996
3629	3085
3630	3065
3631	2978
3632	2957
3633	3110
3634	2934
3635	2969
3636	2971
3637	2942
3638	2989
3639	3054
3640	2907
3641	2834
3642	2877
3643	2913
3644	2994
3645	2774
3646	3089
3647	2851
3648	3029
3649	2927
3650	2959
3651	2827
3652	2804
3653	2834
3654	2911
3655	2962
3656	3101
3657	2823
3658	2919
3659	2960
3660	2794
3661	2956
3662	2883
3663	2893
3664	2942
3665	2745
3666	2797
3667	2910
3668	2879
3669	2894
3670	2778
3671	2873
3672	2900
3673	3080
3674	2923
3675	2840
3676	2874
3677	2902
3678	2832
3679	2846
3680	3005
3681	2868
3682	2954
3683	3025
3684	2887
3685	2959
3686	2930
3687	2893
3688	2910
3689	2903
3690	3048
3691	2959
3692	3042
3693	2932
3694	2978
3695	3016
3696	2777
3697	2970
3698	3144
3699	3238
3700	3372
3701	3034
3702	3185
3703	2985
3704	3127
3705	3064
3706	3078
3707	3095
3708	3096
3709	3168
3710	3391
3711	3127
3712	3373
3713	3036
3714	2990
3715	2940
3716	3069
3717	3096
3718	3047
3719	2838
3720	3152
3721	2970
3722	2950
3723	3159
3724	3065
3725	3314
3726	3157
3727	2958
3728	3122
3729	3009
3730	3054
3731	3130
3732	3065
3733	2996
3734	3014
3735	3110
3736	3221
3737	3196
3738	3057
3739	2952
3740	3096
3741	3115
3742	3057
3743	3155
3744	3190
3745	3182
3746	3263
3747	3273
3748	3025
3749	3225
3750	3106
3751	2912
3752	3139
3753	3245
3754	2993
3755	3143
3756	3171
3757	3191
3758	2980
3759	2945
3760	2866
3761	3127
3762	3146
3763	3201
3764	3196
3765	3034
3766	3165
3767	3117
3768	3443
3769	3232
3770	3091
3771	3291
3772	3230
3773	3051
3774	3030
3775	3158
3776	3153
3777	3065
3778	2981
3779	3132
3780	2946
3781	3142
3782	3074
3783	2968
3784	2957
3785	2979
3786	3052
3787	2862
3788	2874
3789	3012
3790	2975
3791	2855
3792	2796
3793	2804
3794	2910
3795	2843
3796	2990
3797	2925
3798	3027
3799	3036
3800	2910
3801	2846
3802	2972
3803	2832
3804	2752
3805	2877
3806	3027
3807	2887
3808	2914
3809	2925
3810	2875
3811	2936
3812	2733
3813	2932
3814	2869
3815	2858
3816	2826
3817	2749
3818	2748
3819	2807
3820	2832
3821	2723
3822	2759
3823	2702
3824	2785
3825	2781
3826	2757
3827	2632
3828	2850
3829	2734
3830	2659
3831	2757
3832	2616
3833	2802
3834	2703
3835	2753
3836	2622
3837	2674
3838	2711
3839	2678
3840	2844
3841	2605
3842	2686
3843	2757
3844	2699
3845	2664
3846	2692
3847	2469
3848	2557
3849	2598
3850	2559
3851	2832
3852	2736
3853	2837
3854	2624
3855	2740
3856	2566
3857	2710
3858	2657
3859	2605
3860	2712
3861	2721
3862	2605
3863	2649
3864	2634
3865	2749
3866	2705
3867	2785
3868	2659
3869	2680
3870	2633
3871	2745
3872	2576
3873	2655
3874	2721
3875	2603
3876	2686
3877	2670
3878	2698
3879	2593
3880	2712
3881	2668
3882	2655
3883	2729
3884	2807
3885	2733
3886	2574
3887	2631
3888	2731
3889	2684
3890	2819
3891	2757
3892	2738
3893	2698
3894	2788
3895	2656
3896	2590
3897	2725
3898	2686
3899	2729
3900	2753
3901	2790
3902	2721
3903	2783
3904	2747
3905	2675
3906	2587
3907	2667
3908	2728
3909	2590
3910	2678
3911	2817
3912	2849
3913	2730
3914	2785
3915	2763
3916	2673
3917	2758
3918	2665
3919	2816
3920	2790
3921	2766
3922	2724
3923	2811
3924	2876
3925	2698
3926	2786
3927	2683
3928	2756
3929	2851
3930	2770
3931	2686
3932	2905
3933	2749
3934	2665
3935	2812
3936	2942
3937	2933
3938	2857
3939	2713
3940	2695
3941	2748
3942	2796
3943	2728
3944	2885
3945	2773
3946	2853
3947	2833
3948	2720
3949	2755
3950	2731
3951	2845
3952	2938
3953	2862
3954	2890
3955	2946
3956	2871
3957	2934
3958	2965
3959	2844
3960	2977
3961	2761
3962	2685
3963	2770
3964	2762
3965	2823
3966	2760
3967	2845
3968	2812
3969	2786
3970	2802
3971	2879
3972	2781
3973	2747
3974	2699
3975	2779
3976	2855
3977	2758
3978	2692
3979	2662
3980	2826
3981	2683
3982	2663
3983	2666
3984	2679
3985	2754
3986	2684
3987	2756
3988	2738
3989	2729
3990	2701
3991	2704
3992	2719
3993	2695
3994	2790
3995	2721
3996	2542
3997	2751
3998	2666
3999	2743
4000	2732
4001	2894
4002	2749
4003	2582
4004	2574
4005	2568
4006	2635
4007	2757
4008	2753
4009	2714
4010	2675
4011	2642
4012	2814
4013	2775
4014	2720
4015	2655
4016	2580
4017	2700
4018	2581
4019	2596
4020	2921
4021	2655
4022	2639
4023	2664
4024	2718
4025	2569
4026	2761
4027	2651
4028	2663
4029	2616
4030	2813
4031	2734
4032	2846
4033	2710
4034	2726
4035	2678
4036	2509
4037	2771
4038	2548
4039	2573
4040	2735
4041	2794
4042	2728
4043	2506
4044	2644
4045	2710
4046	2697
4047	2650
4048	2671
4049	2553
4050	2577
4051	2679
4052	2711
4053	2667
4054	2555
4055	2633
4056	2631
4057	2500
4058	2474
4059	2505
4060	2734
4061	2723
4062	2603
4063	2643
4064	2563
4065	2826
4066	2735
4067	2718
4068	2700
4069	2628
4070	2615
4071	2690
4072	2651
4073	2511
4074	2693
4075	2603
4076	2635
4077	2654
4078	2622
4079	2622
4080	2652
4081	2635
4082	2569
4083	2582
4084	2623
4085	2671
4086	2637
4087	2615
4088	2594
4089	2550
4090	2615
4091	2506
4092	2609
4093	2660
4094	2655
4095	2703
4096	2651
4097	2568
4098	2728
4099	2585
4100	2673
4101	2740
4102	2514
4103	2567
4104	2573
4105	2681
4106	2565
4107	2644
4108	2682
4109	2571
4110	2556
4111	2605
4112	2622
4113	2686
4114	2767
4115	2672
4116	2678
4117	2610
4118	2560
4119	2545
4120	2562
4121	2666
4122	2717
4123	2682
4124	2494
4125	2650
4126	2656
4127	2477
4128	2523
4129	2680
4130	2599
4131	2505
4132	2561
4133	2535
4134	2534
4135	2607
4136	2536
4137	2647
4138	2569
4139	2593
4140	2597
4141	2578
4142	2465
4143	2491
4144	2565
4145	2503
4146	2430
4147	2664
4148	2571
4149	2596
4150	2566
4151	2610
4152	2549
4153	2630
4154	2339
4155	2578
4156	2481
4157	2492
4158	2537
4159	2543
4160	2505
4161	2463
4162	2496
4163	2464
4164	2457
4165	2509
4166	2435
4167	2505
4168	2440
4169	2500
4170	2408
4171	2539
4172	2451
4173	2565
4174	2456
4175	2398
4176	2294
4177	2487
4178	2366
4179	2473
4180	2471
4181	2493
4182	2427
4183	2310
4184	2413
4185	2388
4186	2415
4187	2391
4188	2574
4189	2453
4190	2438
4191	2507
4192	2322
4193	2492
4194	2523
4195	2416
4196	2524
4197	2532
4198	2512
4199	2373
4200	2407
4201	2435
4202	2414
4203	2444
4204	2342
4205	2542
4206	2405
4207	2527
4208	2389
4209	2493
4210	2413
4211	2343
4212	2456
4213	2470
4214	2504
4215	2414
4216	2424
4217	2370
4218	2515
4219	2409
4220	2347
4221	2527
4222	2465
4223	2445
4224	2473
4225	2489
4226	2468
4227	2565
4228	2597
4229	2522
4230	2401
4231	2474
4232	2500
4233	2425
4234	2596
4235	2524
4236	2469
4237	2466
4238	2475
4239	2512
4240	2493
4241	2453
4242	2547
4243	2461
4244	2438
4245	2429
4246	2503
4247	2343
4248	2449
4249	2468
4250	2571
4251	2457
4252	2435
4253	2373
4254	2503
4255	2473
4256	2426
4257	2446
4258	2423
4259	2475
4260	2451
4261	2491
4262	2388
4263	2417
4264	2533
4265	2496
4266	2552
4267	2592
4268	2590
4269	2519
4270	2492
4271	2494
4272	2694
4273	2492
4274	2581
4275	2526
4276	2682
4277	2542
4278	2557
4279	2486
4280	2533
4281	2381
4282	2510
4283	2439
4284	2338
4285	2537
4286	2471
4287	2569
4288	2590
4289	2426
4290	2509
4291	2471
4292	2392
4293	2531
4294	2616
4295	2563
4296	2447
4297	2476
4298	2535
4299	2435
4300	2456
4301	2432
4302	2431
4303	2504
4304	2657
4305	2663
4306	2425
4307	2505
4308	2420
4309	2419
4310	2575
4311	2524
4312	2468
4313	2437
4314	2542
4315	2423
4316	2528
4317	2429
4318	2540
4319	2367
4320	2478
4321	2464
4322	2523
4323	2394
4324	2454
4325	2499
4326	2392
4327	2409
4328	2470
4329	2424
4330	2369
4331	2304
4332	2487
4333	2389
4334	2352
4335	2522
4336	2401
4337	2322
4338	2441
4339	2251
4340	2362
4341	2356
4342	2511
4343	2314
4344	2272
4345	2163
4346	2271
4347	2279
4348	2262
4349	2477
4350	2336
4351	2421
4352	2154
4353	2216
4354	2231
4355	2203
4356	2211
4357	2298
4358	2293
4359	2415
4360	2320
4361	2271
4362	2374
4363	2246
4364	2311
4365	2315
4366	2304
4367	2209
4368	2312
4369	2437
4370	2362
4371	2353
4372	2262
4373	2205
4374	2270
4375	2397
4376	2380
4377	2295
4378	2219
4379	2247
4380	2254
4381	2319
4382	2450
4383	2210
4384	2220
4385	2238
4386	2191
4387	2294
4388	2279
4389	2274
4390	2341
4391	2137
4392	2236
4393	2278
4394	2193
4395	2294
4396	2179
4397	2219
4398	2278
4399	2219
4400	2252
4401	2167
4402	2439
4403	2286
4404	2218
4405	2262
4406	2206
4407	2330
4408	2252
4409	2238
4410	2244
4411	2259
4412	2242
4413	2181
4414	2160
4415	2150
4416	2190
4417	2274
4418	2266
4419	2291
4420	2183
4421	2163
4422	2203
4423	2246
4424	2233
4425	2143
4426	2280
4427	2239
4428	2104
4429	2215
4430	2163
4431	2001
4432	2078
4433	2123
4434	2155
4435	2170
4436	2125
4437	2136
4438	2125
4439	2131
4440	2132
4441	2202
4442	2166
4443	1970
4444	2026
4445	2147
4446	2213
4447	2107
4448	2268
4449	2217
4450	2254
4451	2052
4452	2160
4453	2063
4454	2072
4455	2122
4456	2146
4457	2022
4458	2166
4459	2186
4460	2055
4461	2037
4462	2173
4463	2124
4464	2087
4465	1991
4466	2136
4467	2117
4468	2084
4469	2119
4470	2173
4471	2178
4472	2003
4473	2087
4474	1922
4475	2021
4476	2085
4477	2082
4478	2136
4479	2059
4480	2120
4481	1892
4482	2103
4483	2028
4484	1986
4485	2096
4486	2021
4487	1954
4488	2014
4489	2004
4490	2074
4491	2042
4492	2163
4493	2067
4494	2101
4495	2086
4496	1977
4497	2071
4498	1953
4499	2115
4500	2002
4501	2057
4502	2070
4503	2090
4504	2113
4505	2080
4506	2246
4507	2124
4508	2143
4509	2019
4510	1985
4511	2082
4512	2149
4513	2083
4514	2068
4515	2076
4516	2027
4517	2106
4518	2128
4519	2037
4520	2134
4521	2097
4522	2090
4523	2137
4524	2182
4525	2095
4526	2214
4527	2100
4528	2101
4529	2015
4530	2112
4531	2136
4532	2057
4533	2061
4534	2212
4535	2148
4536	2171
4537	2182
4538	2173
4539	2068
4540	2049
4541	2252
4542	2135
4543	2155
4544	2177
4545	2081
4546	2256
4547	2210
4548	2175
4549	2147
4550	2109
4551	2019
4552	2034
4553	2135
4554	1990
4555	1958
4556	1991
4557	2032
4558	2061
4559	1982
4560	2058
4561	2088
4562	1955
4563	2119
4564	2003
4565	2058
4566	2144
4567	2130
4568	2114
4569	2117
4570	2160
4571	2101
4572	2223
4573	2050
4574	2041
4575	2226
4576	2133
4577	2078
4578	2069
4579	2051
4580	2016
4581	1972
4582	1962
4583	2112
4584	2136
4585	2174
4586	2066
4587	2072
4588	2170
4589	2026
4590	2147
4591	2054
4592	2051
4593	1960
4594	2012
4595	2147
4596	2025
4597	2014
4598	2076
4599	2151
4600	2171
4601	2036
4602	2065
4603	2169
4604	2060
4605	2072
4606	2107
4607	2088
4608	2097
4609	2148
4610	2136
4611	2080
4612	2180
4613	2143
4614	2116
4615	2211
4616	2040
4617	2171
4618	2203
4619	2267
4620	2261
4621	2219
4622	2271
4623	2246
4624	2140
4625	2340
4626	2107
4627	2172
4628	2318
4629	2179
4630	2192
4631	2075
4632	2198
4633	2191
4634	2101
4635	2212
4636	2092
4637	2116
4638	2196
4639	2253
4640	2110
4641	2036
4642	2068
4643	2135
4644	2287
4645	2248
4646	2125
4647	2129
4648	2247
4649	2281
4650	2148
4651	2112
4652	2111
4653	2182
4654	2199
4655	2212
4656	2203
4657	2195
4658	2142
4659	2242
4660	2192
4661	2220
4662	2111
4663	2123
4664	2117
4665	2111
4666	2229
4667	2196
4668	2102
4669	2135
4670	2114
4671	2211
4672	2168
4673	2238
4674	2255
4675	2100
4676	2111
4677	2212
4678	1984
4679	2099
4680	2071
4681	2230
4682	2101
4683	2084
4684	2207
4685	2171
4686	2086
4687	2161
4688	2113
4689	2044
4690	2047
4691	2063
4692	2132
4693	2082
4694	2064
4695	2085
4696	1962
4697	1971
4698	2070
4699	2120
4700	2138
4701	2179
4702	2045
4703	2114
4704	2024
4705	1964
4706	2204
4707	2008
4708	2076
4709	2089
4710	2217
4711	2129
4712	2021
4713	2031
4714	2024
4715	2059
4716	1988
4717	2072
4718	2073
4719	2130
4720	1974
4721	2002
4722	2090
4723	1974
4724	2150
4725	2029
4726	2007
4727	2066
4728	2068
4729	2224
4730	2053
4731	2105
4732	2148
4733	2038
4734	2000
4735	2112
4736	1964
4737	2090
4738	1937
4739	2037
4740	2065
4741	2003
4742	1981
4743	2002
4744	1970
4745	2024
4746	2058
4747	1865
4748	2070
4749	2109
4750	2080
4751	2037
4752	1904
4753	2015
4754	2091
4755	2067
4756	2163
4757	2210
4758	2100
4759	2218
4760	2177
4761	2119
4762	2119
4763	2139
4764	1993
4765	2121
4766	2155
4767	2036
4768	2194
4769	2121
4770	2091
4771	2066
4772	2082
4773	2122
4774	2027
4775	2080
4776	2092
4777	2028
4778	1998
4779	2052
4780	2062
4781	2095
4782	2076
4783	2103
4784	2205
4785	2086
4786	2080
4787	2034
4788	2020
4789	2121
4790	2062
4791	2071
4792	2121
4793	2198
4794	2029
4795	2014
4796	1945
4797	2134
4798	2094
4799	2086
4800	2049
4801	2078
4802	1922
4803	2043
4804	1994
4805	2102
4806	2126
4807	2061
4808	2085
4809	2131
4810	2173
4811	2182
4812	2038
4813	2111
4814	2147
4815	2226
4816	2094
4817	2181
4818	2110
4819	2019
4820	2246
4821	2027
4822	2075
4823	2097
4824	2113
4825	2103
4826	2066
4827	2196
4828	2120
4829	2236
4830	2079
4831	2138
4832	2258
4833	2140
4834	2148
4835	2174
4836	2174
4837	2134
4838	2238
4839	2073
4840	2240
4841	2107
4842	2182
4843	2062
4844	2081
4845	2064
4846	2125
4847	2093
4848	1967
4849	2011
4850	2237
4851	2128
4852	2134
4853	2232
4854	2183
4855	2062
4856	1957
4857	2033
4858	2027
4859	2032
4860	2064
4861	1959
4862	2042
4863	2146
4864	2044
4865	2100
4866	2114
4867	2033
4868	1920
4869	2191
4870	1994
4871	2119
4872	2018
4873	1995
4874	1986
4875	2029
4876	1977
4877	2093
4878	1967
4879	2113
4880	2016
4881	2034
4882	2072
4883	2013
4884	2082
4885	2073
4886	1972
4887	1970
4888	1969
4889	2101
4890	2128
4891	1904
4892	1924
4893	2022
4894	2010
4895	1920
4896	1993
4897	1989
4898	1955
4899	2028
4900	1986
4901	1969
4902	1944
4903	2059
4904	1981
4905	1943
4906	2096
4907	1960
4908	1907
4909	2003
4910	1954
4911	1869
4912	1962
4913	1964
4914	1955
4915	2069
4916	2020
4917	1959
4918	1957
4919	1902
4920	1902
4921	1924
4922	2016
4923	1992
4924	1855
4925	1838
4926	1854
4927	1991
4928	1873
4929	1885
4930	2050
4931	1891
4932	1997
4933	1950
4934	1982
4935	2017
4936	1939
4937	2029
4938	1942
4939	1874
4940	1968
4941	1902
4942	1835
4943	1863
4944	1978
4945	1842
4946	1938
4947	1926
4948	1980
4949	2032
4950	1928
4951	1853
4952	1975
4953	1843
4954	2004
4955	1883
4956	2034
4957	2100
4958	2005
4959	1950
4960	1900
4961	1953
4962	1951
4963	1933
4964	1938
4965	1967
4966	1940
4967	1947
4968	2062
4969	2034
4970	1975
4971	2006
4972	2055
4973	1970
4974	1874
4975	2096
4976	1836
4977	1926
4978	1919
4979	1892
4980	2027
4981	2052
4982	1863
4983	1974
4984	2060
4985	1899
4986	1898
4987	1918
4988	1834
4989	1932
4990	1906
4991	2028
4992	1956
4993	1948
4994	2013
4995	2040
4996	1903
4997	1873
4998	1946
4999	1907
5000	1917
5001	1865
5002	2080
5003	1884
5004	1964
5005	1880
5006	1954
5007	1896
5008	1980
5009	1870
5010	2036
5011	1989
5012	1839
5013	1848
5014	1852
5015	1894
5016	1860
5017	1835
5018	1853
5019	1962
5020	2023
5021	2028
5022	1857
5023	1911
5024	1959
5025	1962
5026	1981
5027	1874
5028	1885
5029	1846
5030	1851
5031	1993
5032	1952
5033	1878
5034	1816
5035	1893
5036	1752
5037	1776
5038	1896
5039	1856
5040	1887
5041	1738
5042	1973
5043	1909
5044	1810
5045	1895
5046	1749
5047	1930
5048	1739
5049	1866
5050	1858
5051	1780
5052	1803
5053	1754
5054	1886
5055	1839
5056	1877
5057	1849
5058	1787
5059	1783
5060	1745
5061	1751
5062	1635
5063	1826
5064	1759
5065	1755
5066	1769
5067	1741
5068	1786
5069	1744
5070	1760
5071	1843
5072	1801
5073	1775
5074	1711
5075	1847
5076	1802
5077	1840
5078	1914
5079	1744
5080	1614
5081	1781
5082	1785
5083	1794
5084	1743
5085	1713
5086	1895
5087	1733
5088	1735
5089	1620
5090	1836
5091	1801
5092	1677
5093	1853
5094	1694
5095	1748
5096	1744
5097	1786
5098	1838
5099	1739
5100	1701
5101	1792
5102	1724
5103	1758
5104	1640
5105	1666
5106	1647
5107	1805
5108	1836
5109	1624
5110	1725
5111	1604
5112	1786
5113	1834
5114	1796
5115	1742
5116	1741
5117	1712
5118	1683
5119	1697
5120	1667
5121	1807
5122	1750
5123	1780
5124	1770
5125	1704
5126	1790
5127	1618
5128	1669
5129	1675
5130	1828
5131	1714
5132	1712
5133	1741
5134	1742
5135	1717
5136	1693
5137	1806
5138	1709
5139	1727
5140	1665
5141	1710
5142	1670
5143	1728
5144	1755
5145	1726
5146	1667
5147	1731
5148	1681
5149	1773
5150	1661
5151	1750
5152	1694
5153	1772
5154	1757
5155	1690
5156	1686
5157	1773
5158	1778
5159	1702
5160	1733
5161	1716
5162	1685
5163	1642
5164	1771
5165	1707
5166	1749
5167	1699
5168	1699
5169	1587
5170	1704
5171	1672
5172	1672
5173	1730
5174	1679
5175	1742
5176	1711
5177	1614
5178	1682
5179	1710
5180	1796
5181	1691
5182	1725
5183	1663
5184	1646
5185	1750
5186	1800
5187	1622
5188	1726
5189	1701
5190	1607
5191	1612
5192	1741
5193	1675
5194	1713
5195	1749
5196	1669
5197	1737
5198	1634
5199	1752
5200	1661
5201	1630
5202	1694
5203	1665
5204	1787
5205	1767
5206	1608
5207	1678
5208	1717
5209	1734
5210	1692
5211	1601
5212	1759
5213	1636
5214	1688
5215	1699
5216	1584
5217	1678
5218	1743
5219	1720
5220	1743
5221	1668
5222	1616
5223	1616
5224	1739
5225	1733
5226	1693
5227	1727
5228	1684
5229	1685
5230	1711
5231	1619
5232	1656
5233	1734
5234	1721
5235	1729
5236	1784
5237	1882
5238	1697
5239	1756
5240	1644
5241	1707
5242	1728
5243	1772
5244	1738
5245	1741
5246	1778
5247	1679
5248	1676
5249	1654
5250	1718
5251	1747
5252	1745
5253	1608
5254	1666
5255	1737
5256	1736
5257	1785
5258	1748
5259	1830
5260	1762
5261	1783
5262	1673
5263	1715
5264	1710
5265	1722
5266	1720
5267	1653
5268	1735
5269	1682
5270	1633
5271	1629
5272	1650
5273	1699
5274	1697
5275	1717
5276	1718
5277	1761
5278	1710
5279	1709
5280	1678
5281	1653
5282	1660
5283	1745
5284	1673
5285	1671
5286	1554
5287	1724
5288	1793
5289	1681
5290	1747
5291	1719
5292	1776
5293	1780
5294	1858
5295	1795
5296	1798
5297	1675
5298	1726
5299	1673
5300	1788
5301	1906
5302	1704
5303	1824
5304	1712
5305	1798
5306	1699
5307	1722
5308	1773
5309	1735
5310	1743
5311	1671
5312	1738
5313	1707
5314	1692
5315	1589
5316	1724
5317	1706
5318	1713
5319	1611
5320	1605
5321	1760
5322	1728
5323	1931
5324	1704
5325	1744
5326	1779
5327	1703
5328	1739
5329	1667
5330	1662
5331	1744
5332	1783
5333	1732
5334	1718
5335	1568
5336	1626
5337	1689
5338	1661
5339	1648
5340	1652
5341	1597
5342	1702
5343	1583
5344	1583
5345	1605
5346	1590
5347	1732
5348	1568
5349	1660
5350	1620
5351	1736
5352	1670
5353	1699
5354	1683
5355	1751
5356	1696
5357	1671
5358	1698
5359	1770
5360	1685
5361	1693
5362	1670
5363	1697
5364	1682
5365	1646
5366	1646
5367	1758
5368	1829
5369	1659
5370	1697
5371	1613
5372	1685
5373	1690
5374	1772
5375	1747
5376	1639
5377	1767
5378	1684
5379	1670
5380	1678
5381	1650
5382	1742
5383	1725
5384	1662
5385	1753
5386	1719
5387	1679
5388	1661
5389	1723
5390	1721
5391	1770
5392	1755
5393	1760
5394	1744
5395	1719
5396	1821
5397	1797
5398	1794
5399	1827
5400	1836
5401	1693
5402	1780
5403	1785
5404	1800
5405	1681
5406	1827
5407	1764
5408	1748
5409	1860
5410	1702
5411	1806
5412	1754
5413	1809
5414	1768
5415	1788
5416	1774
5417	1787
5418	1788
5419	1786
5420	1787
5421	1823
5422	1779
5423	1773
5424	1832
5425	1832
5426	1816
5427	1782
5428	1852
5429	1879
5430	1840
5431	1806
5432	1910
5433	1893
5434	1790
5435	1899
5436	1983
5437	1763
5438	1867
5439	1873
5440	1881
5441	1779
5442	1837
5443	1678
5444	1750
5445	1854
5446	1904
5447	1888
5448	1807
5449	1778
5450	1925
5451	1860
5452	1837
5453	1717
5454	1923
5455	1856
5456	1910
5457	1984
5458	1889
5459	1872
5460	1729
5461	1817
5462	1900
5463	1677
5464	2005
5465	1883
5466	1918
5467	1949
5468	1803
5469	1793
5470	1783
5471	1875
5472	1801
5473	1834
5474	1943
5475	1783
5476	1880
5477	1862
5478	1807
5479	1812
5480	1723
5481	1955
5482	1927
5483	1948
5484	1801
5485	1891
5486	1847
5487	1724
5488	1832
5489	1848
5490	1910
5491	1826
5492	2004
5493	1745
5494	1826
5495	1862
5496	1758
5497	1902
5498	1857
5499	1840
5500	1810
5501	1881
5502	1821
5503	1701
5504	1804
5505	1712
5506	1873
5507	1763
5508	1744
5509	1828
5510	1801
5511	1878
5512	1822
5513	1681
5514	1754
5515	1923
5516	1764
5517	1866
5518	1771
5519	1699
5520	1801
5521	1729
5522	1883
5523	1826
5524	1813
5525	1868
5526	1871
5527	1780
5528	1853
5529	1823
5530	1827
5531	1839
5532	1726
5533	1908
5534	1824
5535	1794
5536	1912
5537	1715
5538	1788
5539	1777
5540	1896
5541	1844
5542	1821
5543	1796
5544	1794
5545	1754
5546	1711
5547	1788
5548	1753
5549	1864
5550	1748
5551	1815
5552	1764
5553	1873
5554	1713
5555	1768
5556	1793
5557	1763
5558	1789
5559	1727
5560	1824
5561	1755
5562	1780
5563	1741
5564	1786
5565	1770
5566	1689
5567	1767
5568	1754
5569	1825
5570	1804
5571	1839
5572	1744
5573	1707
5574	1812
5575	1679
5576	1640
5577	1796
5578	1751
5579	1831
5580	1763
5581	1815
5582	1759
5583	1665
5584	1823
5585	1818
5586	1889
5587	1796
5588	1766
5589	1768
5590	1762
5591	1760
5592	1964
5593	1802
5594	1864
5595	1846
5596	1728
5597	1834
5598	1836
5599	1819
5600	1918
5601	1847
5602	1862
5603	1838
5604	1856
5605	2039
5606	1874
5607	1836
5608	1963
5609	1896
5610	1957
5611	1886
5612	1899
5613	1869
5614	1846
5615	1955
5616	1922
5617	1867
5618	1906
5619	1867
5620	1744
5621	1827
5622	1860
5623	1879
5624	1818
5625	1830
5626	1835
5627	1920
5628	1932
5629	1862
5630	1851
5631	1874
5632	1926
5633	1971
5634	1868
5635	1734
5636	1900
5637	1829
5638	1791
5639	1896
5640	1792
5641	1833
5642	1896
5643	1795
5644	1986
5645	1936
5646	1829
5647	1858
5648	2009
5649	1914
5650	1778
5651	1923
5652	1833
5653	1805
5654	1820
5655	1882
5656	1802
5657	1980
5658	1778
5659	1856
5660	1841
5661	1745
5662	1804
5663	1670
5664	1807
5665	1791
5666	1857
5667	1910
5668	1837
5669	1848
5670	1765
5671	1846
5672	1778
5673	1799
5674	1776
5675	1854
5676	1933
5677	1689
5678	1817
5679	1822
5680	1832
5681	1717
5682	1837
5683	1796
5684	1674
5685	1818
5686	1738
5687	1754
5688	1828
5689	1793
5690	1818
5691	1756
5692	1810
5693	1743
5694	1845
5695	1826
5696	1702
5697	1724
5698	1985
5699	1750
5700	1766
5701	1677
5702	1719
5703	1759
5704	1756
5705	1690
5706	1713
5707	1744
5708	1697
5709	1719
5710	1622
5711	1597
5712	1689
5713	1604
5714	1667
5715	1608
5716	1717
5717	1707
5718	1692
5719	1686
5720	1685
5721	1649
5722	1582
5723	1583
5724	1735
5725	1681
5726	1605
5727	1653
5728	1571
5729	1646
5730	1590
5731	1679
5732	1651
5733	1622
5734	1471
5735	1516
5736	1641
5737	1547
5738	1668
5739	1570
5740	1570
5741	1499
5742	1599
5743	1693
5744	1544
5745	1684
5746	1508
5747	1477
5748	1529
5749	1532
5750	1691
5751	1517
5752	1517
5753	1540
5754	1548
5755	1582
5756	1476
5757	1524
5758	1567
5759	1586
5760	1589
5761	1557
5762	1530
5763	1566
5764	1592
5765	1549
5766	1486
5767	1541
5768	1597
5769	1603
5770	1649
5771	1555
5772	1542
5773	1499
5774	1619
5775	1571
5776	1543
5777	1641
5778	1496
5779	1609
5780	1610
5781	1468
5782	1444
5783	1600
5784	1500
5785	1628
5786	1594
5787	1609
5788	1665
5789	1516
5790	1672
5791	1489
5792	1517
5793	1543
5794	1623
5795	1614
5796	1584
5797	1551
5798	1580
5799	1507
5800	1523
5801	1490
5802	1443
5803	1574
5804	1526
5805	1674
5806	1604
5807	1549
5808	1685
5809	1574
5810	1583
5811	1561
5812	1646
5813	1517
5814	1566
5815	1593
5816	1628
5817	1554
5818	1571
5819	1563
5820	1669
5821	1566
5822	1553
5823	1634
5824	1524
5825	1553
5826	1593
5827	1617
5828	1565
5829	1595
5830	1738
5831	1493
5832	1789
5833	1579
5834	1511
5835	1583
5836	1534
5837	1535
5838	1549
5839	1633
5840	1627
5841	1664
5842	1726
5843	1625
5844	1550
5845	1558
5846	1592
5847	1654
5848	1645
5849	1590
5850	1639
5851	1656
5852	1595
5853	1564
5854	1527
5855	1467
5856	1555
5857	1550
5858	1547
5859	1543
5860	1534
5861	1393
5862	1591
5863	1573
5864	1543
5865	1593
5866	1539
5867	1532
5868	1561
5869	1577
5870	1631
5871	1561
5872	1510
5873	1587
5874	1529
5875	1582
5876	1398
5877	1597
5878	1445
5879	1566
5880	1587
5881	1486
5882	1594
5883	1558
5884	1477
5885	1558
5886	1665
5887	1619
5888	1502
5889	1578
5890	1546
5891	1567
5892	1404
5893	1571
5894	1515
5895	1578
5896	1507
5897	1579
5898	1494
5899	1492
5900	1470
5901	1568
5902	1544
5903	1453
5904	1421
5905	1564
5906	1555
5907	1457
5908	1540
5909	1464
5910	1446
5911	1412
5912	1454
5913	1475
5914	1494
5915	1518
5916	1442
5917	1479
5918	1455
5919	1532
5920	1544
5921	1550
5922	1585
5923	1408
5924	1449
5925	1498
5926	1428
5927	1562
5928	1538
5929	1552
5930	1592
5931	1428
5932	1522
5933	1591
5934	1529
5935	1552
5936	1410
5937	1443
5938	1487
5939	1417
5940	1393
5941	1549
5942	1523
5943	1470
5944	1496
5945	1509
5946	1527
5947	1480
5948	1579
5949	1471
5950	1485
5951	1538
5952	1420
5953	1427
5954	1490
5955	1443
5956	1547
5957	1533
5958	1512
5959	1533
5960	1555
5961	1463
5962	1573
5963	1515
5964	1461
5965	1467
5966	1495
5967	1514
5968	1538
5969	1546
5970	1504
5971	1502
5972	1483
5973	1599
5974	1537
5975	1501
5976	1440
5977	1531
5978	1460
5979	1529
5980	1514
5981	1540
5982	1433
5983	1510
5984	1421
5985	1545
5986	1526
5987	1653
5988	1606
5989	1576
5990	1511
5991	1413
5992	1428
5993	1561
5994	1529
5995	1563
5996	1501
5997	1502
5998	1540
5999	1586
6000	1461
6001	1635
6002	1525
6003	1548
6004	1515
6005	1502
6006	1514
6007	1584
6008	1439
6009	1507
6010	1593
6011	1530
6012	1481
6013	1484
6014	1510
6015	1375
6016	1540
6017	1496
6018	1505
6019	1474
6020	1524
6021	1365
6022	1470
6023	1481
6024	1535
6025	1580
6026	1508
6027	1464
6028	1435
6029	1545
6030	1668
6031	1531
6032	1540
6033	1487
6034	1455
6035	1472
6036	1394
6037	1492
6038	1411
6039	1394
6040	1592
6041	1546
6042	1411
6043	1599
6044	1573
6045	1495
6046	1393
6047	1530
6048	1569
6049	1522
6050	1419
6051	1480
6052	1509
6053	1436
6054	1385
6055	1453
6056	1515
6057	1436
6058	1441
6059	1500
6060	1458
6061	1496
6062	1424
6063	1447
6064	1430
6065	1467
6066	1455
6067	1382
6068	1483
6069	1555
6070	1427
6071	1446
6072	1512
6073	1524
6074	1541
6075	1467
6076	1367
6077	1471
6078	1455
6079	1370
6080	1427
6081	1551
6082	1400
6083	1376
6084	1386
6085	1392
6086	1448
6087	1405
6088	1371
6089	1462
6090	1511
6091	1355
6092	1439
6093	1558
6094	1374
6095	1533
6096	1527
6097	1434
6098	1483
6099	1410
6100	1440
6101	1382
6102	1538
6103	1455
6104	1405
6105	1472
6106	1480
6107	1422
6108	1485
6109	1492
6110	1497
6111	1489
6112	1405
6113	1447
6114	1442
6115	1531
6116	1465
6117	1467
6118	1531
6119	1452
6120	1406
6121	1463
6122	1518
6123	1431
6124	1411
6125	1564
6126	1395
6127	1524
6128	1445
6129	1423
6130	1563
6131	1546
6132	1509
6133	1476
6134	1500
6135	1387
6136	1461
6137	1534
6138	1434
6139	1430
6140	1511
6141	1528
6142	1459
6143	1367
6144	1502
6145	1404
6146	1406
6147	1373
6148	1420
6149	1385
6150	1354
6151	1408
6152	1433
6153	1434
6154	1358
6155	1368
6156	1333
6157	1363
6158	1332
6159	1372
6160	1395
6161	1421
6162	1340
6163	1418
6164	1283
6165	1306
6166	1380
6167	1354
6168	1382
6169	1353
6170	1393
6171	1300
6172	1351
6173	1377
6174	1390
6175	1368
6176	1337
6177	1367
6178	1326
6179	1270
6180	1318
6181	1379
6182	1331
6183	1311
6184	1411
6185	1284
6186	1347
6187	1371
6188	1375
6189	1328
6190	1376
6191	1289
6192	1330
6193	1329
6194	1307
6195	1334
6196	1355
6197	1301
6198	1287
6199	1298
6200	1294
6201	1288
6202	1278
6203	1329
6204	1288
6205	1374
6206	1319
6207	1375
6208	1329
6209	1400
6210	1299
6211	1281
6212	1229
6213	1260
6214	1332
6215	1257
6216	1315
6217	1285
6218	1313
6219	1381
6220	1261
6221	1302
6222	1248
6223	1236
6224	1282
6225	1296
6226	1238
6227	1216
6228	1323
6229	1230
6230	1291
6231	1283
6232	1229
6233	1297
6234	1307
6235	1297
6236	1271
6237	1224
6238	1289
6239	1233
6240	1323
6241	1335
6242	1279
6243	1385
6244	1325
6245	1337
6246	1304
6247	1310
6248	1312
6249	1225
6250	1342
6251	1213
6252	1231
6253	1295
6254	1359
6255	1303
6256	1327
6257	1275
6258	1292
6259	1332
6260	1295
6261	1337
6262	1209
6263	1284
6264	1377
6265	1312
6266	1339
6267	1381
6268	1395
6269	1343
6270	1305
6271	1244
6272	1250
6273	1282
6274	1357
6275	1283
6276	1317
6277	1375
6278	1330
6279	1336
6280	1281
6281	1307
6282	1372
6283	1358
6284	1264
6285	1371
6286	1313
6287	1277
6288	1328
6289	1387
6290	1343
6291	1345
6292	1322
6293	1317
6294	1275
6295	1338
6296	1313
6297	1289
6298	1333
6299	1298
6300	1265
6301	1246
6302	1332
6303	1360
6304	1356
6305	1245
6306	1308
6307	1339
6308	1419
6309	1289
6310	1262
6311	1371
6312	1372
6313	1375
6314	1370
6315	1351
6316	1388
6317	1405
6318	1305
6319	1264
6320	1356
6321	1321
6322	1246
6323	1359
6324	1354
6325	1357
6326	1311
6327	1398
6328	1404
6329	1409
6330	1412
6331	1402
6332	1306
6333	1463
6334	1429
6335	1393
6336	1372
6337	1386
6338	1444
6339	1460
6340	1472
6341	1363
6342	1428
6343	1419
6344	1429
6345	1395
6346	1450
6347	1428
6348	1445
6349	1338
6350	1340
6351	1428
6352	1495
6353	1515
6354	1437
6355	1451
6356	1362
6357	1422
6358	1350
6359	1500
6360	1403
6361	1331
6362	1398
6363	1433
6364	1475
6365	1486
6366	1454
6367	1338
6368	1450
6369	1409
6370	1307
6371	1597
6372	1391
6373	1555
6374	1585
6375	1509
6376	1500
6377	1484
6378	1466
6379	1411
6380	1487
6381	1438
6382	1510
6383	1389
6384	1362
6385	1434
6386	1483
6387	1432
6388	1391
6389	1482
6390	1381
6391	1533
6392	1461
6393	1491
6394	1500
6395	1522
6396	1489
6397	1550
6398	1347
6399	1528
6400	1519
6401	1506
6402	1510
6403	1523
6404	1479
6405	1436
6406	1426
6407	1435
6408	1467
6409	1455
6410	1446
6411	1601
6412	1383
6413	1525
6414	1476
6415	1406
6416	1536
6417	1488
6418	1475
6419	1538
6420	1425
6421	1438
6422	1500
6423	1558
6424	1472
6425	1410
6426	1449
6427	1505
6428	1450
6429	1582
6430	1534
6431	1455
6432	1498
6433	1511
6434	1455
6435	1458
6436	1518
6437	1500
6438	1508
6439	1624
6440	1496
6441	1422
6442	1635
6443	1564
6444	1557
6445	1493
6446	1397
6447	1465
6448	1393
6449	1611
6450	1371
6451	1415
6452	1484
6453	1428
6454	1412
6455	1469
6456	1499
6457	1324
6458	1431
6459	1434
6460	1495
6461	1535
6462	1411
6463	1473
6464	1406
6465	1541
6466	1423
6467	1452
6468	1556
6469	1482
6470	1509
6471	1465
6472	1419
6473	1454
6474	1505
6475	1513
6476	1530
6477	1442
6478	1426
6479	1364
6480	1481
6481	1392
6482	1484
6483	1422
6484	1487
6485	1497
6486	1434
6487	1475
6488	1546
6489	1485
6490	1624
6491	1495
6492	1438
6493	1491
6494	1427
6495	1492
6496	1465
6497	1450
6498	1484
6499	1456
6500	1491
6501	1397
6502	1603
6503	1420
6504	1521
6505	1467
6506	1406
6507	1517
6508	1550
6509	1514
6510	1439
6511	1498
6512	1464
6513	1502
6514	1551
6515	1532
6516	1462
6517	1572
6518	1414
6519	1542
6520	1466
6521	1490
6522	1507
6523	1515
6524	1478
6525	1462
6526	1498
6527	1447
6528	1544
6529	1405
6530	1451
6531	1508
6532	1528
6533	1490
6534	1435
6535	1447
6536	1418
6537	1525
6538	1505
6539	1455
6540	1530
6541	1467
6542	1389
6543	1396
6544	1475
6545	1469
6546	1471
6547	1457
6548	1512
6549	1485
6550	1583
6551	1523
6552	1420
6553	1462
6554	1414
6555	1485
6556	1468
6557	1509
6558	1402
6559	1410
6560	1479
6561	1481
6562	1478
6563	1346
6564	1476
6565	1344
6566	1445
6567	1471
6568	1474
6569	1480
6570	1434
6571	1464
6572	1368
6573	1433
6574	1329
6575	1376
6576	1337
6577	1428
6578	1406
6579	1384
6580	1452
6581	1391
6582	1379
6583	1441
6584	1390
6585	1369
6586	1448
6587	1263
6588	1318
6589	1360
6590	1361
6591	1382
6592	1278
6593	1328
6594	1300
6595	1377
6596	1234
6597	1328
6598	1325
6599	1253
6600	1421
6601	1241
6602	1312
6603	1360
6604	1375
6605	1257
6606	1348
6607	1311
6608	1261
6609	1231
6610	1295
6611	1282
6612	1386
6613	1239
6614	1247
6615	1362
6616	1298
6617	1255
6618	1205
6619	1319
6620	1252
6621	1372
6622	1278
6623	1335
6624	1337
6625	1215
6626	1241
6627	1264
6628	1303
6629	1254
6630	1272
6631	1215
6632	1248
6633	1148
6634	1249
6635	1207
6636	1173
6637	1197
6638	1207
6639	1165
6640	1153
6641	1221
6642	1192
6643	1249
6644	1292
6645	1216
6646	1269
6647	1282
6648	1210
6649	1264
6650	1117
6651	1273
6652	1190
6653	1271
6654	1253
6655	1307
6656	1259
6657	1235
6658	1141
6659	1245
6660	1122
6661	1184
6662	1236
6663	1227
6664	1185
6665	1227
6666	1176
6667	1175
6668	1083
6669	1136
6670	1129
6671	1175
6672	1174
6673	1272
6674	1039
6675	1204
6676	1180
6677	1146
6678	1118
6679	1136
6680	1188
6681	1115
6682	1145
6683	1173
6684	1105
6685	1175
6686	1126
6687	1144
6688	1160
6689	1214
6690	1178
6691	1201
6692	1177
6693	1240
6694	1222
6695	1265
6696	1099
6697	1174
6698	1116
6699	1108
6700	1165
6701	1213
6702	1102
6703	1195
6704	1146
6705	1195
6706	1201
6707	1185
6708	1166
6709	1121
6710	1154
6711	1083
6712	1143
6713	1154
6714	1136
6715	1161
6716	1207
6717	1089
6718	1250
6719	1218
6720	1150
6721	1151
6722	1234
6723	1284
6724	1222
6725	1130
6726	1212
6727	1206
6728	1128
6729	1253
6730	1037
6731	1215
6732	1193
6733	1237
6734	1226
6735	1241
6736	1155
6737	1229
6738	1234
6739	1112
6740	1236
6741	1139
6742	1182
6743	1204
6744	1076
6745	1092
6746	1133
6747	1063
6748	1126
6749	1245
6750	1118
6751	1137
6752	1126
6753	1073
6754	1162
6755	1228
6756	1150
6757	1146
6758	1137
6759	1212
6760	1226
6761	1200
6762	1109
6763	1177
6764	1147
6765	1192
6766	1121
6767	1163
6768	1186
6769	1188
6770	1163
6771	1209
6772	1216
6773	1120
6774	1109
6775	1206
6776	1135
6777	1163
6778	1154
6779	1232
6780	1166
6781	1215
6782	1130
6783	1154
6784	1176
6785	1199
6786	1268
6787	1100
6788	1209
6789	1109
6790	1193
6791	1207
6792	1099
6793	1189
6794	1235
6795	1202
6796	1188
6797	1130
6798	1153
6799	1185
6800	1140
6801	1187
6802	1171
6803	1223
6804	1153
6805	1249
6806	1198
6807	1135
6808	1170
6809	1200
6810	1208
6811	1192
6812	1159
6813	1226
6814	1169
6815	1269
6816	1240
6817	1298
6818	1107
6819	1150
6820	1116
6821	1171
6822	1205
6823	1205
6824	1305
6825	1201
6826	1189
6827	1137
6828	1274
6829	1140
6830	1216
6831	1175
6832	1232
6833	1195
6834	1284
6835	1242
6836	1236
6837	1223

