## htsjdk.samtools.metrics.StringHeader
# CollectInsertSizeMetrics HISTOGRAM_FILE=/work/ugbogu/pipeline/data/nbl/GSE189367/results/picard/SRR17010986_insert_size_histogram.pdf MINIMUM_PCT=0.5 INPUT=/work/ugbogu/pipeline/data/nbl/GSE189367/results/star/SRR17010986.Aligned.sortedByCoord.out.bam OUTPUT=/work/ugbogu/pipeline/data/nbl/GSE189367/results/picard/SRR17010986_insert_size_metrics.txt    DEVIATIONS=10.0 METRIC_ACCUMULATION_LEVEL=[ALL_READS] INCLUDE_DUPLICATES=false ASSUME_SORTED=true STOP_AFTER=0 VERBOSITY=INFO QUIET=false VALIDATION_STRINGENCY=STRICT COMPRESSION_LEVEL=5 MAX_RECORDS_IN_RAM=500000 CREATE_INDEX=false CREATE_MD5_FILE=false USE_JDK_DEFLATER=false USE_JDK_INFLATER=false
## htsjdk.samtools.metrics.StringHeader
# Started on: Sat Apr 11 16:40:58 UTC 2026

## METRICS CLASS	picard.analysis.InsertSizeMetrics
MEDIAN_INSERT_SIZE	MODE_INSERT_SIZE	MEDIAN_ABSOLUTE_DEVIATION	MIN_INSERT_SIZE	MAX_INSERT_SIZE	MEAN_INSERT_SIZE	STANDARD_DEVIATION	READ_PAIRS	PAIR_ORIENTATION	WIDTH_OF_10_PERCENT	WIDTH_OF_20_PERCENT	WIDTH_OF_30_PERCENT	WIDTH_OF_40_PERCENT	WIDTH_OF_50_PERCENT	WIDTH_OF_60_PERCENT	WIDTH_OF_70_PERCENT	WIDTH_OF_80_PERCENT	WIDTH_OF_90_PERCENT	WIDTH_OF_95_PERCENT	WIDTH_OF_99_PERCENT	SAMPLE	LIBRARY	READ_GROUP
508	134	391	21	2816916	837.09422	1053.232648	25234142	FR	401	589	679	735	783	1259	3299	7291	20575	64203	161859			

## HISTOGRAM	java.lang.Integer
insert_size	All_Reads.fr_count
21	1
28	7
29	1
30	1
31	7
32	8
33	20
34	20
35	277
36	316
37	318
38	285
39	283
40	452
41	479
42	447
43	345
44	426
45	387
46	458
47	469
48	502
49	693
50	647
51	730
52	702
53	787
54	790
55	844
56	957
57	1030
58	1138
59	1370
60	1514
61	1643
62	1823
63	1895
64	1878
65	2235
66	2521
67	2855
68	3087
69	3248
70	3857
71	4796
72	4587
73	6184
74	6071
75	14149
76	7626
77	6940
78	9238
79	8863
80	9047
81	10400
82	11042
83	13697
84	13841
85	13931
86	15031
87	16324
88	17336
89	19094
90	20872
91	23155
92	25494
93	27308
94	29357
95	31799
96	34098
97	37685
98	40451
99	43430
100	45921
101	48130
102	50330
103	52394
104	57191
105	60637
106	62684
107	66452
108	67353
109	71319
110	73805
111	75082
112	77832
113	80710
114	81754
115	84458
116	87496
117	88449
118	92906
119	92458
120	95062
121	99441
122	98375
123	102754
124	104186
125	102590
126	100361
127	102300
128	101262
129	101571
130	103269
131	103190
132	102482
133	107242
134	107448
135	103841
136	105290
137	103736
138	102047
139	102344
140	101941
141	100625
142	98861
143	99655
144	97048
145	97068
146	95002
147	94865
148	93799
149	93504
150	91854
151	91495
152	90152
153	89057
154	88530
155	87711
156	86482
157	85326
158	84027
159	81302
160	81556
161	79410
162	77475
163	77309
164	75130
165	73713
166	73480
167	73381
168	71993
169	70739
170	70793
171	68005
172	67291
173	65739
174	64488
175	65133
176	63973
177	62606
178	61609
179	60361
180	59074
181	58447
182	57937
183	57357
184	56178
185	54231
186	54037
187	53725
188	53300
189	51178
190	51428
191	50885
192	50422
193	48519
194	48896
195	48105
196	47025
197	46699
198	45839
199	45014
200	44664
201	44488
202	43812
203	43131
204	41619
205	42220
206	40671
207	40405
208	40632
209	39788
210	38608
211	38624
212	39002
213	37611
214	36829
215	36475
216	35891
217	35025
218	35242
219	34791
220	34460
221	34303
222	33126
223	33012
224	32724
225	31946
226	32425
227	32518
228	30955
229	31023
230	31634
231	30397
232	30506
233	30140
234	29610
235	29410
236	28863
237	28289
238	27715
239	27339
240	27289
241	27143
242	26857
243	25981
244	25789
245	25735
246	25443
247	24722
248	25104
249	24364
250	24615
251	24568
252	23999
253	23034
254	22902
255	22606
256	22949
257	22073
258	22646
259	22361
260	21953
261	22175
262	21416
263	21322
264	21310
265	21020
266	20379
267	20298
268	20045
269	19969
270	19945
271	19404
272	19221
273	19106
274	19102
275	18521
276	18046
277	18031
278	18425
279	17831
280	17648
281	17540
282	17304
283	17048
284	17228
285	16573
286	16479
287	16597
288	16084
289	16174
290	15890
291	15945
292	15470
293	15312
294	15306
295	15279
296	14960
297	14709
298	14922
299	14840
300	14420
301	14319
302	14305
303	14055
304	14069
305	13746
306	13528
307	13808
308	13455
309	13562
310	12984
311	13098
312	12938
313	12799
314	12896
315	12444
316	12585
317	12623
318	12083
319	12122
320	11881
321	12074
322	11938
323	11930
324	11713
325	11938
326	11428
327	11210
328	11756
329	11218
330	11089
331	11142
332	11351
333	10891
334	10863
335	10852
336	10765
337	10890
338	10327
339	10693
340	10398
341	10429
342	9990
343	10035
344	10187
345	9929
346	10042
347	10039
348	9789
349	9755
350	9994
351	9618
352	9441
353	9530
354	9854
355	9433
356	9478
357	9422
358	9205
359	9190
360	9207
361	9068
362	9080
363	9123
364	9133
365	8702
366	9162
367	8922
368	9165
369	8796
370	8646
371	8701
372	8193
373	8638
374	8340
375	8130
376	8208
377	8397
378	8205
379	8001
380	8139
381	7920
382	7858
383	8015
384	8009
385	7857
386	8023
387	7640
388	7615
389	7461
390	7638
391	7895
392	7746
393	7738
394	7834
395	7678
396	7900
397	7626
398	7514
399	7329
400	7336
401	7564
402	7396
403	7167
404	7382
405	7233
406	7044
407	7061
408	7016
409	7008
410	6991
411	7182
412	7026
413	6915
414	6837
415	6738
416	6714
417	6823
418	6796
419	6751
420	6550
421	6679
422	6579
423	6614
424	6975
425	6770
426	6758
427	6661
428	6515
429	6690
430	6625
431	6450
432	6387
433	6260
434	6475
435	6321
436	6176
437	6141
438	6067
439	6296
440	6366
441	6386
442	6402
443	6478
444	6371
445	6274
446	6099
447	6130
448	6266
449	6071
450	6046
451	6113
452	6124
453	6210
454	6356
455	6142
456	5772
457	5809
458	5768
459	5923
460	5788
461	5873
462	5864
463	5775
464	5668
465	5779
466	5739
467	5649
468	5755
469	5524
470	5699
471	5772
472	5829
473	5549
474	5668
475	5368
476	5522
477	5481
478	5281
479	5548
480	5625
481	5292
482	5496
483	5450
484	5529
485	5547
486	5314
487	5548
488	5545
489	5562
490	5392
491	5636
492	5194
493	5160
494	5257
495	5331
496	5233
497	5340
498	5440
499	5269
500	5312
501	5247
502	5226
503	5292
504	5078
505	5474
506	5406
507	5452
508	5338
509	5536
510	5416
511	5300
512	5274
513	5308
514	5288
515	5337
516	5201
517	5470
518	5487
519	5500
520	5346
521	5622
522	5186
523	5288
524	5310
525	5195
526	5147
527	5310
528	5334
529	5373
530	5258
531	5275
532	5362
533	5092
534	5137
535	5227
536	5488
537	5202
538	5247
539	5135
540	5298
541	5191
542	5186
543	5232
544	5140
545	5127
546	5015
547	5102
548	5078
549	4913
550	5163
551	5198
552	5129
553	5092
554	4966
555	5002
556	5147
557	4931
558	5109
559	5045
560	5112
561	4905
562	5045
563	5432
564	5069
565	4959
566	5083
567	4853
568	4908
569	4943
570	5001
571	5180
572	4992
573	5154
574	4950
575	4877
576	5169
577	5039
578	4881
579	4918
580	4939
581	4896
582	4876
583	5023
584	4801
585	4987
586	5052
587	5154
588	4828
589	5074
590	4997
591	4889
592	5006
593	4813
594	4844
595	4958
596	4873
597	4988
598	4924
599	4831
600	4787
601	4577
602	4933
603	4909
604	4715
605	4815
606	4852
607	4687
608	4891
609	4535
610	4688
611	4525
612	4626
613	4626
614	4736
615	4634
616	4595
617	4643
618	4736
619	4630
620	4748
621	4607
622	4499
623	4399
624	4555
625	4794
626	4757
627	4572
628	4576
629	4424
630	4428
631	4634
632	4597
633	4581
634	4866
635	4736
636	4727
637	4626
638	4529
639	4442
640	4469
641	4605
642	4408
643	4292
644	4540
645	4502
646	4414
647	4452
648	4413
649	4599
650	4381
651	4330
652	4557
653	4495
654	4421
655	4487
656	4387
657	4465
658	4617
659	4306
660	4493
661	4457
662	4312
663	4404
664	4587
665	4614
666	4559
667	4388
668	4567
669	4489
670	4560
671	4532
672	4599
673	4342
674	4332
675	4231
676	4399
677	4326
678	4535
679	4455
680	4529
681	4253
682	4355
683	4350
684	4479
685	4264
686	4257
687	4543
688	4324
689	4236
690	4470
691	4444
692	4398
693	4563
694	4646
695	4610
696	4399
697	4363
698	4623
699	4363
700	4293
701	4409
702	4283
703	4352
704	4311
705	4610
706	4169
707	4228
708	4277
709	4340
710	4504
711	4298
712	4435
713	4266
714	4393
715	4410
716	4285
717	4340
718	4440
719	4359
720	4169
721	4375
722	4234
723	4339
724	4247
725	4292
726	4358
727	4418
728	4371
729	4326
730	4265
731	4343
732	4383
733	4358
734	4468
735	4105
736	4123
737	4342
738	4337
739	4125
740	4340
741	4314
742	4311
743	4278
744	4120
745	4457
746	4103
747	4275
748	4136
749	4201
750	4231
751	3994
752	4224
753	4183
754	4123
755	4116
756	4346
757	4133
758	4250
759	4183
760	4234
761	4139
762	4114
763	4086
764	4219
765	4127
766	4094
767	4261
768	4066
769	4114
770	4321
771	4082
772	4211
773	4090
774	3991
775	4143
776	3960
777	4132
778	3983
779	3987
780	4070
781	3995
782	3847
783	3911
784	4107
785	4084
786	3939
787	4117
788	4050
789	3878
790	4015
791	4140
792	4140
793	4197
794	4304
795	4245
796	4010
797	4087
798	3961
799	4090
800	4065
801	4079
802	4051
803	4011
804	4063
805	4062
806	4030
807	3979
808	4206
809	3857
810	3954
811	3811
812	4083
813	4008
814	3878
815	3882
816	3947
817	3915
818	3918
819	3955
820	3845
821	3946
822	3658
823	3745
824	3673
825	3737
826	3837
827	3861
828	3817
829	3765
830	4215
831	3634
832	4031
833	3773
834	3757
835	3800
836	3907
837	4160
838	3882
839	4185
840	3953
841	3971
842	3802
843	4024
844	4123
845	3961
846	4128
847	3881
848	3930
849	3726
850	3684
851	3772
852	3727
853	3720
854	3746
855	3963
856	3781
857	3796
858	3799
859	4082
860	3939
861	3749
862	3635
863	3910
864	3766
865	3778
866	3714
867	3887
868	3912
869	3811
870	3747
871	3958
872	3807
873	3923
874	4025
875	3827
876	3826
877	3910
878	3805
879	3934
880	3738
881	3755
882	3939
883	3812
884	3725
885	3852
886	3854
887	3751
888	3829
889	3710
890	3905
891	3718
892	3697
893	3948
894	3812
895	3865
896	3681
897	3657
898	3782
899	3778
900	3701
901	3818
902	3729
903	3581
904	3800
905	3805
906	3684
907	3757
908	3915
909	3666
910	3977
911	3677
912	3626
913	3731
914	3720
915	3831
916	3725
917	3814
918	3638
919	3683
920	3627
921	3961
922	3896
923	3717
924	3770
925	3894
926	3764
927	3767
928	3812
929	3879
930	3812
931	3636
932	3732
933	3773
934	3726
935	3579
936	3775
937	3673
938	3584
939	3855
940	3792
941	3748
942	3777
943	3537
944	3713
945	3516
946	3607
947	3710
948	3841
949	3655
950	3522
951	3508
952	3613
953	3708
954	3693
955	3552
956	3733
957	3580
958	3580
959	3534
960	3365
961	3607
962	3657
963	3519
964	3424
965	3363
966	3826
967	3434
968	3460
969	3537
970	3617
971	3496
972	3549
973	3647
974	3542
975	3627
976	3582
977	3376
978	3504
979	3611
980	3595
981	3650
982	3458
983	3515
984	3515
985	3345
986	3416
987	3331
988	3425
989	3288
990	3434
991	3322
992	3348
993	3197
994	3364
995	3372
996	3440
997	3463
998	3613
999	3456
1000	3486
1001	3347
1002	3308
1003	3183
1004	3395
1005	3493
1006	3421
1007	3312
1008	3264
1009	3422
1010	3344
1011	3444
1012	3346
1013	3314
1014	3472
1015	3340
1016	3394
1017	3322
1018	3263
1019	3322
1020	3345
1021	3294
1022	3241
1023	3254
1024	3297
1025	3179
1026	3208
1027	3304
1028	3207
1029	3273
1030	3333
1031	3074
1032	3086
1033	3144
1034	3194
1035	3174
1036	3279
1037	3221
1038	3156
1039	3082
1040	3079
1041	3087
1042	3139
1043	2998
1044	3078
1045	3139
1046	3165
1047	3177
1048	3128
1049	3185
1050	3216
1051	3150
1052	3109
1053	3007
1054	3007
1055	3125
1056	3153
1057	3102
1058	3112
1059	2977
1060	2954
1061	3099
1062	2926
1063	3075
1064	3039
1065	3002
1066	3031
1067	3372
1068	3174
1069	2972
1070	3098
1071	3088
1072	2987
1073	3039
1074	3097
1075	3117
1076	2874
1077	3059
1078	3091
1079	3098
1080	2960
1081	2997
1082	2999
1083	3055
1084	3048
1085	3246
1086	3074
1087	3031
1088	3188
1089	3039
1090	3077
1091	3118
1092	2956
1093	2920
1094	3088
1095	3247
1096	2937
1097	2899
1098	3040
1099	3016
1100	2998
1101	3095
1102	2984
1103	2949
1104	3165
1105	3108
1106	3011
1107	3038
1108	3170
1109	3104
1110	2925
1111	3235
1112	3218
1113	3159
1114	3063
1115	3070
1116	3038
1117	3098
1118	3062
1119	3050
1120	3076
1121	3035
1122	3095
1123	3031
1124	3188
1125	3022
1126	2939
1127	3160
1128	2953
1129	3095
1130	2928
1131	3157
1132	2995
1133	2942
1134	3006
1135	3063
1136	3147
1137	3049
1138	3109
1139	3169
1140	3062
1141	3310
1142	3173
1143	3199
1144	3005
1145	2943
1146	3078
1147	3139
1148	2950
1149	2999
1150	3056
1151	3130
1152	3187
1153	3188
1154	3151
1155	3072
1156	3160
1157	3123
1158	3102
1159	3351
1160	3250
1161	3145
1162	3190
1163	3004
1164	3120
1165	3042
1166	3183
1167	3030
1168	3077
1169	3044
1170	3041
1171	2967
1172	3123
1173	3045
1174	3228
1175	3157
1176	2919
1177	2956
1178	3025
1179	2988
1180	3246
1181	2977
1182	3156
1183	2977
1184	3040
1185	3032
1186	3290
1187	3018
1188	3137
1189	2934
1190	3115
1191	3055
1192	3127
1193	3294
1194	3155
1195	3094
1196	3161
1197	3002
1198	3062
1199	3110
1200	3113
1201	3018
1202	3034
1203	3053
1204	3068
1205	3060
1206	2924
1207	2963
1208	3084
1209	3034
1210	3097
1211	2967
1212	3049
1213	3044
1214	3001
1215	3255
1216	2912
1217	3101
1218	3000
1219	3006
1220	3175
1221	2961
1222	2898
1223	3147
1224	3195
1225	2992
1226	3166
1227	3145
1228	3067
1229	3202
1230	3116
1231	3208
1232	3019
1233	2928
1234	2979
1235	3118
1236	2879
1237	3149
1238	2958
1239	2967
1240	3047
1241	3134
1242	3133
1243	3147
1244	2999
1245	3032
1246	3108
1247	2993
1248	3053
1249	3156
1250	3030
1251	3247
1252	3204
1253	3074
1254	3049
1255	3223
1256	3017
1257	3045
1258	3212
1259	3005
1260	3051
1261	3076
1262	3060
1263	3147
1264	3174
1265	3122
1266	3088
1267	3208
1268	2968
1269	3090
1270	3016
1271	3126
1272	3059
1273	3053
1274	2990
1275	2881
1276	3021
1277	2790
1278	2867
1279	2800
1280	2877
1281	2821
1282	2812
1283	2943
1284	2899
1285	2826
1286	2839
1287	2857
1288	2889
1289	2912
1290	2807
1291	2854
1292	2796
1293	2718
1294	2849
1295	2698
1296	2868
1297	2753
1298	2743
1299	2900
1300	2833
1301	2959
1302	2764
1303	2824
1304	2867
1305	2983
1306	2885
1307	2720
1308	2776
1309	2883
1310	2752
1311	2793
1312	2847
1313	2911
1314	3187
1315	3031
1316	2994
1317	3145
1318	3075
1319	2826
1320	2906
1321	2754
1322	2777
1323	2790
1324	2696
1325	2772
1326	2841
1327	2818
1328	2707
1329	2777
1330	2796
1331	2639
1332	2846
1333	2700
1334	2672
1335	2628
1336	2646
1337	2625
1338	2678
1339	2782
1340	2733
1341	2647
1342	2746
1343	2711
1344	2657
1345	2746
1346	2714
1347	2675
1348	2503
1349	2733
1350	2782
1351	2789
1352	2783
1353	2849
1354	2743
1355	2788
1356	2562
1357	2620
1358	2783
1359	2586
1360	2630
1361	2665
1362	2528
1363	2781
1364	2569
1365	2626
1366	2602
1367	2708
1368	2643
1369	2674
1370	2902
1371	2645
1372	2623
1373	2639
1374	2610
1375	2665
1376	2696
1377	2689
1378	2762
1379	2687
1380	2547
1381	2588
1382	2697
1383	2679
1384	2542
1385	2744
1386	2521
1387	2549
1388	2618
1389	2584
1390	2686
1391	2621
1392	2610
1393	2553
1394	2732
1395	2588
1396	2582
1397	2620
1398	2600
1399	2504
1400	2521
1401	2557
1402	2590
1403	2435
1404	2504
1405	2463
1406	2473
1407	2444
1408	2558
1409	2633
1410	2556
1411	2636
1412	2551
1413	2480
1414	2455
1415	2357
1416	2452
1417	2546
1418	2446
1419	2599
1420	2379
1421	2460
1422	2588
1423	2457
1424	2460
1425	2362
1426	2516
1427	2535
1428	2386
1429	2572
1430	2554
1431	2552
1432	2360
1433	2453
1434	2482
1435	2498
1436	2474
1437	2555
1438	2366
1439	2444
1440	2395
1441	2692
1442	2492
1443	2411
1444	2501
1445	2339
1446	2413
1447	2546
1448	2472
1449	2562
1450	2397
1451	2519
1452	2520
1453	2361
1454	2552
1455	2575
1456	2470
1457	2481
1458	2637
1459	2607
1460	2733
1461	2542
1462	2495
1463	2539
1464	2557
1465	2345
1466	2460
1467	2521
1468	2496
1469	2555
1470	2554
1471	2583
1472	2600
1473	2644
1474	2614
1475	2751
1476	2579
1477	2551
1478	2660
1479	2524
1480	2518
1481	2463
1482	2706
1483	2578
1484	2586
1485	2594
1486	2627
1487	2535
1488	2559
1489	2551
1490	2561
1491	2686
1492	2897
1493	2805
1494	2658
1495	2633
1496	2674
1497	2649
1498	2676
1499	2843
1500	2818
1501	2672
1502	2579
1503	2733
1504	2655
1505	2664
1506	2637
1507	2703
1508	2684
1509	2660
1510	2664
1511	2725
1512	2709
1513	2733
1514	2730
1515	2636
1516	2806
1517	2814
1518	2630
1519	2732
1520	2470
1521	2451
1522	2637
1523	2667
1524	2671
1525	2672
1526	2930
1527	2704
1528	2714
1529	2554
1530	2670
1531	2663
1532	2763
1533	2643
1534	2703
1535	2743
1536	2750
1537	2775
1538	2714
1539	2670
1540	2704
1541	2611
1542	2891
1543	2517
1544	2634
1545	2618
1546	2636
1547	2747
1548	2608
1549	2748
1550	2625
1551	2817
1552	2626
1553	2901
1554	2702
1555	2802
1556	2875
1557	2693
1558	2887
1559	2728
1560	2610
1561	2870
1562	2670
1563	2735
1564	2626
1565	2511
1566	2704
1567	2644
1568	2664
1569	2806
1570	2758
1571	2639
1572	2616
1573	2705
1574	2809
1575	2770
1576	2548
1577	2609
1578	2518
1579	2570
1580	2765
1581	2699
1582	2797
1583	2545
1584	2701
1585	2945
1586	2840
1587	2735
1588	2739
1589	2863
1590	2626
1591	2600
1592	2693
1593	2659
1594	2533
1595	2469
1596	2557
1597	2455
1598	2711
1599	2533
1600	2592
1601	2538
1602	2698
1603	2713
1604	2576
1605	2471
1606	2512
1607	2532
1608	2540
1609	2712
1610	2694
1611	2578
1612	2677
1613	2558
1614	2502
1615	2615
1616	2481
1617	2452
1618	2465
1619	2570
1620	2617
1621	2440
1622	2410
1623	2415
1624	2580
1625	2531
1626	2747
1627	2698
1628	2486
1629	2578
1630	2425
1631	2484
1632	2360
1633	2397
1634	2523
1635	2558
1636	2347
1637	2340
1638	2409
1639	2669
1640	2523
1641	2514
1642	2539
1643	2435
1644	2455
1645	2487
1646	2512
1647	2305
1648	2469
1649	2463
1650	2580
1651	2662
1652	2456
1653	2547
1654	2482
1655	2396
1656	2476
1657	2441
1658	2512
1659	2325
1660	2488
1661	2570
1662	2544
1663	2474
1664	2358
1665	2495
1666	2489
1667	2660
1668	2513
1669	2456
1670	2578
1671	2560
1672	2578
1673	2512
1674	2535
1675	2393
1676	2345
1677	2402
1678	2484
1679	2535
1680	2288
1681	2385
1682	2440
1683	2453
1684	2338
1685	2482
1686	2312
1687	2512
1688	2607
1689	2353
1690	2337
1691	2424
1692	2407
1693	2477
1694	2509
1695	2413
1696	2331
1697	2468
1698	2372
1699	2383
1700	2401
1701	2459
1702	2386
1703	2361
1704	2395
1705	2506
1706	2502
1707	2394
1708	2433
1709	2495
1710	2589
1711	2445
1712	2555
1713	2328
1714	2335
1715	2411
1716	2634
1717	2476
1718	2528
1719	2389
1720	2364
1721	2567
1722	2501
1723	2431
1724	2480
1725	2446
1726	2427
1727	2405
1728	2681
1729	2393
1730	2573
1731	2520
1732	2430
1733	2631
1734	2428
1735	2406
1736	2502
1737	2390
1738	2429
1739	2322
1740	2532
1741	2367
1742	2509
1743	2392
1744	2435
1745	2408
1746	2481
1747	2276
1748	2471
1749	2398
1750	2460
1751	2464
1752	2380
1753	2472
1754	2440
1755	2518
1756	2378
1757	2339
1758	2353
1759	2255
1760	2365
1761	2216
1762	2393
1763	2253
1764	2296
1765	2254
1766	2251
1767	2345
1768	2287
1769	2278
1770	2371
1771	2382
1772	2492
1773	2446
1774	2353
1775	2426
1776	2189
1777	2273
1778	2141
1779	2157
1780	2292
1781	2181
1782	2236
1783	2183
1784	2093
1785	2205
1786	2182
1787	2246
1788	2234
1789	2205
1790	2177
1791	2177
1792	2345
1793	2102
1794	2148
1795	2204
1796	2149
1797	2179
1798	2073
1799	2019
1800	2193
1801	2172
1802	2125
1803	2013
1804	2130
1805	2123
1806	2054
1807	2053
1808	2248
1809	2184
1810	2078
1811	2078
1812	2042
1813	2109
1814	1975
1815	1965
1816	2165
1817	2083
1818	2012
1819	2096
1820	2181
1821	1974
1822	2071
1823	2013
1824	2016
1825	2078
1826	2068
1827	2089
1828	1955
1829	2013
1830	2056
1831	2001
1832	2234
1833	1979
1834	2035
1835	2133
1836	2003
1837	2112
1838	2018
1839	1962
1840	2021
1841	2135
1842	2058
1843	2049
1844	2096
1845	1985
1846	2055
1847	1961
1848	2094
1849	1971
1850	2094
1851	2109
1852	2001
1853	2061
1854	2112
1855	2135
1856	2251
1857	2049
1858	1978
1859	1901
1860	2060
1861	2068
1862	1990
1863	2076
1864	2196
1865	2050
1866	1977
1867	2055
1868	2002
1869	2051
1870	2095
1871	2158
1872	2059
1873	1925
1874	2179
1875	2049
1876	2036
1877	2006
1878	2207
1879	2032
1880	2164
1881	2050
1882	2001
1883	2021
1884	2049
1885	2057
1886	2086
1887	1986
1888	2118
1889	1952
1890	2081
1891	1978
1892	2295
1893	2144
1894	2143
1895	1990
1896	2048
1897	2040
1898	2207
1899	2024
1900	2085
1901	2218
1902	1995
1903	2050
1904	2013
1905	2128
1906	2090
1907	2035
1908	2087
1909	2022
1910	2121
1911	2146
1912	2231
1913	2110
1914	2104
1915	2342
1916	2190
1917	2053
1918	2144
1919	2238
1920	2037
1921	2071
1922	2077
1923	2133
1924	2072
1925	2095
1926	2090
1927	2110
1928	2056
1929	1946
1930	2088
1931	2099
1932	2087
1933	2095
1934	2072
1935	2099
1936	2022
1937	1989
1938	2231
1939	2072
1940	2070
1941	2103
1942	2119
1943	2061
1944	2051
1945	2066
1946	2017
1947	2126
1948	2091
1949	2250
1950	2088
1951	2151
1952	2109
1953	2210
1954	2188
1955	1974
1956	2004
1957	2199
1958	2164
1959	2141
1960	2074
1961	2308
1962	2191
1963	2091
1964	2088
1965	2151
1966	2212
1967	2052
1968	2192
1969	2059
1970	2213
1971	2124
1972	2187
1973	2225
1974	2183
1975	2228
1976	2272
1977	2314
1978	2234
1979	2056
1980	2283
1981	2339
1982	2284
1983	2231
1984	2227
1985	2229
1986	2192
1987	2265
1988	2225
1989	2290
1990	2387
1991	2411
1992	2543
1993	2374
1994	2562
1995	2224
1996	2364
1997	2251
1998	2343
1999	2332
2000	2370
2001	2343
2002	2398
2003	2467
2004	2297
2005	2160
2006	2424
2007	2441
2008	2342
2009	2316
2010	2315
2011	2264
2012	2236
2013	2489
2014	2455
2015	2394
2016	2389
2017	2145
2018	2243
2019	2389
2020	2389
2021	2341
2022	2417
2023	2424
2024	2292
2025	2233
2026	2129
2027	2365
2028	2315
2029	2143
2030	2368
2031	2248
2032	2109
2033	2223
2034	2288
2035	2214
2036	2377
2037	2215
2038	2230
2039	2158
2040	2292
2041	2526
2042	2219
2043	2237
2044	2391
2045	2143
2046	2228
2047	2314
2048	2182
2049	2162
2050	2324
2051	2176
2052	2113
2053	2140
2054	2272
2055	2146
2056	2288
2057	2253
2058	2215
2059	2088
2060	2213
2061	2124
2062	2154
2063	2261
2064	2144
2065	2069
2066	1972
2067	2103
2068	2210
2069	2168
2070	2133
2071	2176
2072	2028
2073	2200
2074	2049
2075	2089
2076	2035
2077	2152
2078	2149
2079	2133
2080	2061
2081	1904
2082	1998
2083	1974
2084	2116
2085	1969
2086	2014
2087	2025
2088	1982
2089	2050
2090	2083
2091	1958
2092	2049
2093	1906
2094	1872
2095	1908
2096	1981
2097	1978
2098	1896
2099	2022
2100	2134
2101	1854
2102	1813
2103	1780
2104	1901
2105	1856
2106	1918
2107	1994
2108	1884
2109	1909
2110	1898
2111	1876
2112	1977
2113	1860
2114	1882
2115	1825
2116	1765
2117	1817
2118	1936
2119	1866
2120	1937
2121	1862
2122	1916
2123	1850
2124	1842
2125	1897
2126	2061
2127	1795
2128	1910
2129	1908
2130	1815
2131	1831
2132	1717
2133	1874
2134	1795
2135	1769
2136	1775
2137	1865
2138	1840
2139	1872
2140	1781
2141	1872
2142	1870
2143	1959
2144	1811
2145	1934
2146	1784
2147	1788
2148	1878
2149	1824
2150	1752
2151	1880
2152	1859
2153	1969
2154	1796
2155	1971
2156	1732
2157	1797
2158	1792
2159	1821
2160	1825
2161	1799
2162	1797
2163	1816
2164	1722
2165	1838
2166	1991
2167	1827
2168	1831
2169	1872
2170	1968
2171	1757
2172	1822
2173	1895
2174	1876
2175	1829
2176	1890
2177	1845
2178	1965
2179	1801
2180	1703
2181	1929
2182	1905
2183	1957
2184	1784
2185	1991
2186	1981
2187	1752
2188	1840
2189	1903
2190	1714
2191	1829
2192	1791
2193	1757
2194	1859
2195	1861
2196	1784
2197	1795
2198	1776
2199	1733
2200	1809
2201	1786
2202	1850
2203	1833
2204	1881
2205	1892
2206	1760
2207	1733
2208	1929
2209	1869
2210	1925
2211	1800
2212	1878
2213	1874
2214	1843
2215	1819
2216	1838
2217	1759
2218	1784
2219	1952
2220	1897
2221	1843
2222	1843
2223	1958
2224	1864
2225	1857
2226	1983
2227	1852
2228	1799
2229	1778
2230	1846
2231	1785
2232	1804
2233	1939
2234	1956
2235	2011
2236	1893
2237	1904
2238	1886
2239	1816
2240	1890
2241	1766
2242	1972
2243	1861
2244	1936
2245	1875
2246	1942
2247	1936
2248	1915
2249	1778
2250	1984
2251	1880
2252	1828
2253	1985
2254	1955
2255	1940
2256	1970
2257	1891
2258	1919
2259	1961
2260	1915
2261	1893
2262	1938
2263	1894
2264	1918
2265	1909
2266	1762
2267	1783
2268	1937
2269	1855
2270	1848
2271	1846
2272	1782
2273	1821
2274	1766
2275	1906
2276	1910
2277	1888
2278	1949
2279	1910
2280	1730
2281	1774
2282	1805
2283	1736
2284	1824
2285	1794
2286	1724
2287	1744
2288	1746
2289	1767
2290	1962
2291	1655
2292	1653
2293	1756
2294	1771
2295	1791
2296	1762
2297	1805
2298	1705
2299	1713
2300	1738
2301	1818
2302	1879
2303	1803
2304	1832
2305	1792
2306	1850
2307	1780
2308	1689
2309	1808
2310	1871
2311	1839
2312	1887
2313	1703
2314	1649
2315	1757
2316	1832
2317	1757
2318	1802
2319	1833
2320	1668
2321	1778
2322	1735
2323	1722
2324	1700
2325	1846
2326	1807
2327	1770
2328	1645
2329	1758
2330	1715
2331	1629
2332	1705
2333	1748
2334	1823
2335	1778
2336	1708
2337	1677
2338	1743
2339	1584
2340	1650
2341	1688
2342	1736
2343	1666
2344	1691
2345	1627
2346	1680
2347	1688
2348	1819
2349	1649
2350	1766
2351	1668
2352	1600
2353	1774
2354	1541
2355	1673
2356	1569
2357	1661
2358	1714
2359	1558
2360	1735
2361	1633
2362	1704
2363	1684
2364	1688
2365	1597
2366	1615
2367	1589
2368	1777
2369	1620
2370	1584
2371	1678
2372	1573
2373	1544
2374	1633
2375	1715
2376	1521
2377	1581
2378	1642
2379	1611
2380	1684
2381	1618
2382	1587
2383	1572
2384	1625
2385	1511
2386	1636
2387	1398
2388	1570
2389	1497
2390	1580
2391	1507
2392	1455
2393	1629
2394	1547
2395	1483
2396	1485
2397	1363
2398	1496
2399	1535
2400	1484
2401	1563
2402	1570
2403	1503
2404	1470
2405	1563
2406	1583
2407	1348
2408	1518
2409	1518
2410	1445
2411	1500
2412	1489
2413	1471
2414	1379
2415	1551
2416	1506
2417	1547
2418	1410
2419	1498
2420	1489
2421	1532
2422	1426
2423	1478
2424	1374
2425	1500
2426	1542
2427	1561
2428	1438
2429	1530
2430	1533
2431	1493
2432	1539
2433	1479
2434	1360
2435	1458
2436	1495
2437	1414
2438	1423
2439	1463
2440	1442
2441	1454
2442	1485
2443	1347
2444	1515
2445	1391
2446	1477
2447	1520
2448	1449
2449	1444
2450	1453
2451	1436
2452	1509
2453	1528
2454	1538
2455	1531
2456	1380
2457	1475
2458	1458
2459	1516
2460	1461
2461	1534
2462	1466
2463	1473
2464	1489
2465	1448
2466	1481
2467	1416
2468	1362
2469	1366
2470	1399
2471	1459
2472	1465
2473	1426
2474	1382
2475	1501
2476	1566
2477	1517
2478	1473
2479	1528
2480	1447
2481	1443
2482	1451
2483	1687
2484	1456
2485	1560
2486	1598
2487	1505
2488	1498
2489	1464
2490	1486
2491	1524
2492	1505
2493	1513
2494	1529
2495	1362
2496	1446
2497	1539
2498	1561
2499	1428
2500	1390
2501	1413
2502	1526
2503	1574
2504	1555
2505	1570
2506	1589
2507	1465
2508	1394
2509	1480
2510	1520
2511	1439
2512	1505
2513	1486
2514	1458
2515	1517
2516	1492
2517	1541
2518	1473
2519	1536
2520	1523
2521	1405
2522	1510
2523	1464
2524	1406
2525	1519
2526	1518
2527	1498
2528	1514
2529	1470
2530	1536
2531	1389
2532	1464
2533	1515
2534	1441
2535	1423
2536	1473
2537	1541
2538	1610
2539	1466
2540	1439
2541	1518
2542	1458
2543	1405
2544	1528
2545	1555
2546	1534
2547	1447
2548	1495
2549	1563
2550	1526
2551	1620
2552	1430
2553	1471
2554	1501
2555	1415
2556	1476
2557	1531
2558	1531
2559	1472
2560	1518
2561	1418
2562	1400
2563	1379
2564	1493
2565	1557
2566	1583
2567	1407
2568	1406
2569	1475
2570	1441
2571	1534
2572	1471
2573	1554
2574	1330
2575	1486
2576	1341
2577	1457
2578	1441
2579	1359
2580	1483
2581	1514
2582	1408
2583	1465
2584	1399
2585	1460
2586	1417
2587	1449
2588	1447
2589	1444
2590	1462
2591	1424
2592	1407
2593	1584
2594	1357
2595	1504
2596	1398
2597	1324
2598	1489
2599	1418
2600	1478
2601	1320
2602	1424
2603	1448
2604	1391
2605	1430
2606	1467
2607	1411
2608	1479
2609	1448
2610	1330
2611	1461
2612	1437
2613	1427
2614	1359
2615	1485
2616	1328
2617	1488
2618	1474
2619	1506
2620	1440
2621	1438
2622	1406
2623	1322
2624	1542
2625	1508
2626	1393
2627	1363
2628	1391
2629	1485
2630	1481
2631	1489
2632	1411
2633	1608
2634	1478
2635	1486
2636	1513
2637	1613
2638	1616
2639	1574
2640	1560
2641	1500
2642	1636
2643	1424
2644	1547
2645	1545
2646	1555
2647	1524
2648	1443
2649	1345
2650	1494
2651	1547
2652	1628
2653	1629
2654	1722
2655	1541
2656	1504
2657	1451
2658	1493
2659	1438
2660	1350
2661	1490
2662	1472
2663	1502
2664	1484
2665	1453
2666	1414
2667	1542
2668	1528
2669	1555
2670	1387
2671	1507
2672	1380
2673	1577
2674	1485
2675	1429
2676	1603
2677	1609
2678	1583
2679	1578
2680	1617
2681	1522
2682	1538
2683	1653
2684	1586
2685	1553
2686	1636
2687	1566
2688	1602
2689	1568
2690	1622
2691	1592
2692	1541
2693	1618
2694	1589
2695	1632
2696	1755
2697	1488
2698	1424
2699	1611
2700	1532
2701	1544
2702	1541
2703	1399
2704	1579
2705	1454
2706	1465
2707	1434
2708	1685
2709	1532
2710	1700
2711	1762
2712	1492
2713	1625
2714	1420
2715	1517
2716	1400
2717	1463
2718	1540
2719	1585
2720	1527
2721	1563
2722	1430
2723	1423
2724	1425
2725	1401
2726	1535
2727	1415
2728	1433
2729	1492
2730	1419
2731	1588
2732	1332
2733	1382
2734	1296
2735	1461
2736	1567
2737	1491
2738	1388
2739	1520
2740	1457
2741	1355
2742	1404
2743	1365
2744	1420
2745	1422
2746	1360
2747	1341
2748	1308
2749	1367
2750	1396
2751	1332
2752	1427
2753	1386
2754	1427
2755	1298
2756	1349
2757	1407
2758	1294
2759	1339
2760	1351
2761	1425
2762	1325
2763	1429
2764	1399
2765	1354
2766	1367
2767	1453
2768	1388
2769	1375
2770	1358
2771	1301
2772	1329
2773	1341
2774	1402
2775	1326
2776	1296
2777	1300
2778	1324
2779	1314
2780	1372
2781	1382
2782	1301
2783	1304
2784	1406
2785	1341
2786	1332
2787	1294
2788	1307
2789	1330
2790	1214
2791	1373
2792	1195
2793	1313
2794	1351
2795	1233
2796	1355
2797	1282
2798	1353
2799	1278
2800	1294
2801	1437
2802	1230
2803	1330
2804	1329
2805	1252
2806	1270
2807	1198
2808	1355
2809	1313
2810	1252
2811	1260
2812	1156
2813	1368
2814	1304
2815	1374
2816	1300
2817	1397
2818	1323
2819	1336
2820	1355
2821	1260
2822	1349
2823	1300
2824	1347
2825	1370
2826	1318
2827	1318
2828	1381
2829	1266
2830	1289
2831	1194
2832	1241
2833	1367
2834	1274
2835	1407
2836	1251
2837	1248
2838	1177
2839	1236
2840	1296
2841	1192
2842	1268
2843	1183
2844	1228
2845	1287
2846	1362
2847	1234
2848	1204
2849	1330
2850	1194
2851	1211
2852	1274
2853	1256
2854	1220
2855	1355
2856	1263
2857	1266
2858	1207
2859	1269
2860	1167
2861	1274
2862	1290
2863	1288
2864	1438
2865	1398
2866	1261
2867	1322
2868	1211
2869	1285
2870	1257
2871	1207
2872	1268
2873	1359
2874	1323
2875	1241
2876	1367
2877	1259
2878	1363
2879	1275
2880	1266
2881	1284
2882	1299
2883	1151
2884	1243
2885	1324
2886	1332
2887	1278
2888	1300
2889	1430
2890	1353
2891	1300
2892	1356
2893	1418
2894	1328
2895	1409
2896	1301
2897	1283
2898	1326
2899	1399
2900	1389
2901	1391
2902	1476
2903	1335
2904	1269
2905	1419
2906	1329
2907	1259
2908	1429
2909	1315
2910	1342
2911	1322
2912	1336
2913	1465
2914	1259
2915	1344
2916	1310
2917	1415
2918	1283
2919	1416
2920	1269
2921	1400
2922	1417
2923	1317
2924	1369
2925	1322
2926	1252
2927	1225
2928	1365
2929	1273
2930	1317
2931	1304
2932	1377
2933	1279
2934	1268
2935	1332
2936	1320
2937	1280
2938	1421
2939	1345
2940	1208
2941	1375
2942	1440
2943	1441
2944	1257
2945	1346
2946	1273
2947	1260
2948	1384
2949	1349
2950	1255
2951	1346
2952	1405
2953	1361
2954	1356
2955	1322
2956	1293
2957	1203
2958	1364
2959	1361
2960	1260
2961	1403
2962	1261
2963	1371
2964	1364
2965	1261
2966	1307
2967	1325
2968	1259
2969	1310
2970	1333
2971	1367
2972	1288
2973	1331
2974	1316
2975	1396
2976	1363
2977	1426
2978	1324
2979	1315
2980	1274
2981	1279
2982	1321
2983	1349
2984	1338
2985	1309
2986	1372
2987	1334
2988	1381
2989	1387
2990	1328
2991	1348
2992	1314
2993	1308
2994	1193
2995	1280
2996	1428
2997	1293
2998	1342
2999	1275
3000	1304
3001	1270
3002	1293
3003	1340
3004	1296
3005	1351
3006	1366
3007	1323
3008	1402
3009	1341
3010	1336
3011	1288
3012	1336
3013	1315
3014	1315
3015	1259
3016	1213
3017	1216
3018	1178
3019	1298
3020	1327
3021	1310
3022	1230
3023	1296
3024	1269
3025	1241
3026	1228
3027	1251
3028	1251
3029	1313
3030	1222
3031	1285
3032	1172
3033	1156
3034	1211
3035	1352
3036	1230
3037	1178
3038	1230
3039	1249
3040	1311
3041	1162
3042	1291
3043	1170
3044	1266
3045	1210
3046	1253
3047	1280
3048	1298
3049	1236
3050	1269
3051	1344
3052	1206
3053	1394
3054	1338
3055	1396
3056	1328
3057	1358
3058	1344
3059	1237
3060	1301
3061	1276
3062	1327
3063	1332
3064	1390
3065	1241
3066	1348
3067	1345
3068	1336
3069	1242
3070	1321
3071	1285
3072	1351
3073	1350
3074	1470
3075	1271
3076	1335
3077	1427
3078	1286
3079	1454
3080	1487
3081	1299
3082	1353
3083	1344
3084	1309
3085	1408
3086	1310
3087	1576
3088	1321
3089	1346
3090	1358
3091	1409
3092	1318
3093	1204
3094	1345
3095	1422
3096	1452
3097	1378
3098	1379
3099	1460
3100	1430
3101	1385
3102	1445
3103	1344
3104	1432
3105	1340
3106	1395
3107	1359
3108	1442
3109	1428
3110	1333
3111	1294
3112	1331
3113	1384
3114	1432
3115	1511
3116	1409
3117	1389
3118	1424
3119	1427
3120	1297
3121	1411
3122	1244
3123	1427
3124	1347
3125	1539
3126	1376
3127	1375
3128	1222
3129	1301
3130	1259
3131	1255
3132	1267
3133	1316
3134	1285
3135	1366
3136	1260
3137	1240
3138	1274
3139	1344
3140	1204
3141	1376
3142	1267
3143	1342
3144	1320
3145	1339
3146	1277
3147	1232
3148	1310
3149	1327
3150	1257
3151	1264
3152	1234
3153	1274
3154	1234
3155	1272
3156	1271
3157	1176
3158	1166
3159	1268
3160	1322
3161	1242
3162	1279
3163	1273
3164	1189
3165	1283
3166	1276
3167	1221
3168	1381
3169	1241
3170	1261
3171	1205
3172	1197
3173	1107
3174	1313
3175	1085
3176	1291
3177	1237
3178	1223
3179	1192
3180	1198
3181	1266
3182	1236
3183	1185
3184	1216
3185	1267
3186	1170
3187	1224
3188	1248
3189	1340
3190	1228
3191	1282
3192	1312
3193	1251
3194	1222
3195	1391
3196	1167
3197	1201
3198	1167
3199	1196
3200	1203
3201	1250
3202	1197
3203	1152
3204	1228
3205	1237
3206	1254
3207	1257
3208	1162
3209	1243
3210	1185
3211	1247
3212	1251
3213	1260
3214	1221
3215	1111
3216	1256
3217	1300
3218	1269
3219	1198
3220	1201
3221	1285
3222	1296
3223	1142
3224	1223
3225	1234
3226	1331
3227	1188
3228	1203
3229	1141
3230	1236
3231	1237
3232	1203
3233	1259
3234	1273
3235	1215
3236	1295
3237	1203
3238	1213
3239	1179
3240	1196
3241	1217
3242	1255
3243	1210
3244	1219
3245	1143
3246	1296
3247	1254
3248	1218
3249	1203
3250	1091
3251	1138
3252	1288
3253	1165
3254	1248
3255	1231
3256	1118
3257	1215
3258	1113
3259	1194
3260	1253
3261	1114
3262	1160
3263	1196
3264	1190
3265	1212
3266	1143
3267	1235
3268	1188
3269	1146
3270	1218
3271	1228
3272	1178
3273	1148
3274	1232
3275	1224
3276	1241
3277	1223
3278	1236
3279	1191
3280	1197
3281	1199
3282	1192
3283	1194
3284	1254
3285	1290
3286	1277
3287	1180
3288	1200
3289	1245
3290	1290
3291	1197
3292	1327
3293	1226
3294	1166
3295	1165
3296	1318
3297	1253
3298	1167
3299	1326
3300	1232
3301	1206
3302	1251
3303	1202
3304	1284
3305	1317
3306	1185
3307	1246
3308	1301
3309	1275
3310	1368
3311	1208
3312	1230
3313	1195
3314	1198
3315	1198
3316	1280
3317	1286
3318	1229
3319	1195
3320	1254
3321	1184
3322	1335
3323	1241
3324	1094
3325	1161
3326	1204
3327	1222
3328	1186
3329	1185
3330	1256
3331	1192
3332	1157
3333	1106
3334	1141
3335	1147
3336	1180
3337	1252
3338	1145
3339	1189
3340	1241
3341	1135
3342	1155
3343	1121
3344	1212
3345	1215
3346	1140
3347	1200
3348	1193
3349	1199
3350	1065
3351	1230
3352	1201
3353	1096
3354	1073
3355	1110
3356	1140
3357	1144
3358	1308
3359	1086
3360	1127
3361	1202
3362	1102
3363	1009
3364	1164
3365	1179
3366	1049
3367	978
3368	1040
3369	1028
3370	1047
3371	1079
3372	1066
3373	1107
3374	1087
3375	1169
3376	1067
3377	1029
3378	1014
3379	1080
3380	1025
3381	1016
3382	975
3383	1073
3384	1099
3385	1066
3386	1055
3387	1019
3388	1088
3389	1103
3390	1001
3391	1061
3392	1089
3393	981
3394	1017
3395	1099
3396	1066
3397	1062
3398	1090
3399	1063
3400	1113
3401	1128
3402	1073
3403	1138
3404	1072
3405	1095
3406	1058
3407	1117
3408	1034
3409	1047
3410	1098
3411	1038
3412	1045
3413	905
3414	1019
3415	1075
3416	1059
3417	1062
3418	1070
3419	1108
3420	1074
3421	1140
3422	1112
3423	1053
3424	963
3425	1055
3426	1032
3427	1063
3428	1039
3429	1024
3430	1118
3431	1178
3432	1049
3433	1048
3434	1098
3435	1174
3436	1063
3437	1077
3438	1030
3439	1059
3440	1144
3441	1042
3442	1021
3443	1106
3444	1032
3445	1069
3446	1032
3447	1073
3448	1087
3449	1075
3450	1083
3451	995
3452	971
3453	1072
3454	1046
3455	1017
3456	1048
3457	1017
3458	970
3459	1019
3460	1113
3461	1036
3462	973
3463	1012
3464	999
3465	1102
3466	1046
3467	1102
3468	1021
3469	1019
3470	1103
3471	1000
3472	1033
3473	1056
3474	933
3475	1003
3476	1068
3477	993
3478	1042
3479	1059
3480	1078
3481	1012
3482	1091
3483	1004
3484	1056
3485	1001
3486	983
3487	1087
3488	1014
3489	1095
3490	1012
3491	940
3492	942
3493	985
3494	984
3495	993
3496	1020
3497	1028
3498	1083
3499	1068
3500	1066
3501	1034
3502	1033
3503	1109
3504	1052
3505	1019
3506	1053
3507	1136
3508	1031
3509	1017
3510	981
3511	1038
3512	1000
3513	1019
3514	982
3515	884
3516	1113
3517	1037
3518	989
3519	1022
3520	968
3521	1026
3522	1131
3523	999
3524	1097
3525	1064
3526	973
3527	1117
3528	1034
3529	977
3530	1152
3531	1077
3532	985
3533	1032
3534	1042
3535	1064
3536	1001
3537	1046
3538	1014
3539	1104
3540	1014
3541	989
3542	1148
3543	1023
3544	1089
3545	959
3546	1105
3547	1067
3548	1022
3549	970
3550	965
3551	1045
3552	1014
3553	991
3554	1076
3555	1109
3556	1077
3557	1090
3558	1058
3559	1013
3560	1024
3561	1051
3562	1028
3563	980
3564	986
3565	975
3566	1080
3567	1054
3568	1083
3569	1045
3570	1011
3571	1013
3572	1063
3573	1097
3574	1023
3575	1132
3576	1056
3577	1001
3578	1069
3579	972
3580	1086
3581	1056
3582	1122
3583	1109
3584	999
3585	1001
3586	1123
3587	1121
3588	1169
3589	1029
3590	976
3591	964
3592	1048
3593	1078
3594	1137
3595	1162
3596	1024
3597	964
3598	1062
3599	932
3600	1057
3601	1009
3602	1055
3603	1060
3604	1032
3605	1067
3606	1036
3607	1041
3608	1092
3609	1052
3610	1012
3611	1025
3612	967
3613	961
3614	1033
3615	1151
3616	960
3617	1064
3618	1096
3619	1020
3620	926
3621	970
3622	997
3623	1068
3624	956
3625	1131
3626	994
3627	1049
3628	1020
3629	1032
3630	976
3631	1035
3632	993
3633	938
3634	988
3635	964
3636	981
3637	937
3638	1136
3639	1072
3640	1055
3641	988
3642	1032
3643	1012
3644	985
3645	1076
3646	1068
3647	1030
3648	1031
3649	958
3650	1027
3651	1045
3652	1023
3653	956
3654	1000
3655	939
3656	1086
3657	997
3658	1005
3659	962
3660	999
3661	975
3662	971
3663	912
3664	1012
3665	1048
3666	1037
3667	1074
3668	987
3669	987
3670	982
3671	1023
3672	985
3673	1069
3674	1047
3675	1171
3676	1038
3677	1116
3678	1033
3679	1101
3680	1008
3681	1204
3682	1150
3683	1141
3684	1090
3685	1106
3686	1142
3687	1067
3688	950
3689	1002
3690	1060
3691	1073
3692	1122
3693	1160
3694	1082
3695	1160
3696	1130
3697	1265
3698	1061
3699	1281
3700	1095
3701	1160
3702	1213
3703	1091
3704	1193
3705	1300
3706	1253
3707	1081
3708	1211
3709	1171
3710	1189
3711	1093
3712	1059
3713	1217
3714	1130
3715	1108
3716	1133
3717	1174
3718	1261
3719	1200
3720	1077
3721	1211
3722	1032
3723	1131
3724	1147
3725	1090
3726	1192
3727	1209
3728	1362
3729	1287
3730	1121
3731	1120
3732	1217
3733	1175
3734	1103
3735	1103
3736	1151
3737	1207
3738	1342
3739	1009
3740	1009
3741	1134
3742	1092
3743	1030
3744	1105
3745	1151
3746	1082
3747	1158
3748	1191
3749	1090
3750	1032
3751	1109
3752	1015
3753	1178
3754	1157
3755	1198
3756	1073
3757	1181
3758	1061
3759	1086
3760	1120
3761	1128
3762	1032
3763	1021
3764	1060
3765	1022
3766	1108
3767	1154
3768	1026
3769	935
3770	1091
3771	1094
3772	1119
3773	937
3774	1011
3775	1016
3776	937
3777	1024
3778	909
3779	1011
3780	945
3781	970
3782	991
3783	972
3784	1000
3785	1023
3786	1060
3787	1023
3788	1077
3789	1071
3790	1026
3791	1093
3792	1030
3793	1018
3794	916
3795	985
3796	945
3797	1047
3798	970
3799	1045
3800	986
3801	918
3802	1024
3803	1003
3804	940
3805	990
3806	955
3807	919
3808	932
3809	952
3810	963
3811	1048
3812	882
3813	923
3814	911
3815	962
3816	989
3817	1002
3818	990
3819	834
3820	931
3821	987
3822	976
3823	850
3824	919
3825	931
3826	1005
3827	1009
3828	907
3829	902
3830	920
3831	829
3832	834
3833	873
3834	812
3835	897
3836	820
3837	833
3838	791
3839	864
3840	816
3841	894
3842	957
3843	880
3844	856
3845	801
3846	871
3847	1002
3848	904
3849	824
3850	861
3851	892
3852	773
3853	893
3854	886
3855	857
3856	812
3857	943
3858	872
3859	886
3860	832
3861	955
3862	911
3863	801
3864	831
3865	866
3866	878
3867	961
3868	899
3869	829
3870	871
3871	858
3872	934
3873	896
3874	895
3875	903
3876	939
3877	874
3878	889
3879	780
3880	975
3881	950
3882	918
3883	884
3884	869
3885	877
3886	944
3887	934
3888	875
3889	927
3890	936
3891	994
3892	985
3893	940
3894	814
3895	996
3896	943
3897	906
3898	913
3899	898
3900	926
3901	868
3902	990
3903	949
3904	872
3905	950
3906	928
3907	898
3908	898
3909	1032
3910	949
3911	1048
3912	1054
3913	938
3914	867
3915	906
3916	909
3917	1002
3918	1001
3919	959
3920	1003
3921	1024
3922	951
3923	1039
3924	1016
3925	987
3926	920
3927	974
3928	1037
3929	1004
3930	959
3931	976
3932	1143
3933	1048
3934	1034
3935	1030
3936	938
3937	921
3938	1075
3939	1038
3940	971
3941	1012
3942	1067
3943	1029
3944	946
3945	964
3946	994
3947	917
3948	1044
3949	970
3950	983
3951	990
3952	996
3953	1051
3954	965
3955	1102
3956	1033
3957	998
3958	950
3959	1075
3960	1061
3961	1023
3962	1004
3963	1022
3964	992
3965	1055
3966	983
3967	978
3968	969
3969	921
3970	953
3971	1033
3972	981
3973	1044
3974	949
3975	1060
3976	926
3977	904
3978	993
3979	982
3980	925
3981	954
3982	968
3983	955
3984	915
3985	906
3986	986
3987	1001
3988	943
3989	879
3990	924
3991	964
3992	957
3993	958
3994	877
3995	966
3996	929
3997	952
3998	957
3999	913
4000	1036
4001	914
4002	930
4003	836
4004	919
4005	911
4006	880
4007	940
4008	930
4009	1011
4010	880
4011	952
4012	942
4013	936
4014	946
4015	921
4016	779
4017	902
4018	850
4019	926
4020	981
4021	909
4022	965
4023	953
4024	1026
4025	885
4026	901
4027	962
4028	916
4029	951
4030	1057
4031	1021
4032	981
4033	961
4034	897
4035	978
4036	989
4037	955
4038	911
4039	746
4040	958
4041	873
4042	901
4043	832
4044	853
4045	948
4046	815
4047	934
4048	970
4049	881
4050	943
4051	872
4052	898
4053	922
4054	853
4055	933
4056	878
4057	928
4058	915
4059	868
4060	894
4061	783
4062	934
4063	825
4064	936
4065	975
4066	857
4067	920
4068	885
4069	853
4070	972
4071	896
4072	861
4073	850
4074	857
4075	879
4076	839
4077	890
4078	821
4079	953
4080	967
4081	884
4082	987
4083	901
4084	844
4085	880
4086	785
4087	868
4088	859
4089	785
4090	811
4091	870
4092	849
4093	816
4094	810
4095	854
4096	905
4097	946
4098	935
4099	986
4100	912
4101	860
4102	886
4103	866
4104	852
4105	757
4106	838
4107	856
4108	893
4109	874
4110	779
4111	785
4112	814
4113	841
4114	927
4115	915
4116	911
4117	830
4118	829
4119	795
4120	847
4121	863
4122	876
4123	882
4124	905
4125	790
4126	868
4127	902
4128	876
4129	809
4130	808
4131	825
4132	826
4133	807
4134	866
4135	842
4136	897
4137	737
4138	755
4139	848
4140	817
4141	835
4142	779
4143	818
4144	854
4145	812
4146	819
4147	819
4148	876
4149	888
4150	818
4151	813
4152	860
4153	813
4154	791
4155	881
4156	856
4157	774
4158	801
4159	797
4160	783
4161	783
4162	813
4163	854
4164	749
4165	767
4166	824
4167	866
4168	849
4169	836
4170	763
4171	775
4172	764
4173	897
4174	783
4175	827
4176	804
4177	786
4178	812
4179	740
4180	837
4181	743
4182	751
4183	857
4184	849
4185	859
4186	804
4187	810
4188	881
4189	789
4190	778
4191	809
4192	806
4193	791
4194	805
4195	862
4196	710
4197	756
4198	777
4199	777
4200	762
4201	695
4202	829
4203	844
4204	792
4205	775
4206	790
4207	785
4208	844
4209	806
4210	776
4211	796
4212	870
4213	787
4214	805
4215	725
4216	821
4217	866
4218	756
4219	830
4220	775
4221	870
4222	760
4223	796
4224	783
4225	836
4226	844
4227	865
4228	796
4229	758
4230	830
4231	805
4232	723
4233	869
4234	838
4235	819
4236	922
4237	780
4238	770
4239	777
4240	815
4241	797
4242	851
4243	856
4244	849
4245	763
4246	863
4247	764
4248	879
4249	763
4250	839
4251	817
4252	769
4253	764
4254	749
4255	829
4256	842
4257	807
4258	815
4259	825
4260	715
4261	855
4262	841
4263	867
4264	870
4265	818
4266	877
4267	825
4268	795
4269	838
4270	917
4271	760
4272	901
4273	849
4274	823
4275	874
4276	823
4277	886
4278	798
4279	880
4280	836
4281	844
4282	812
4283	890
4284	870
4285	873
4286	855
4287	758
4288	784
4289	799
4290	845
4291	808
4292	892
4293	850
4294	885
4295	917
4296	876
4297	846
4298	813
4299	814
4300	832
4301	825
4302	762
4303	843
4304	822
4305	811
4306	763
4307	830
4308	867
4309	895
4310	842
4311	886
4312	846
4313	790
4314	855
4315	882
4316	800
4317	822
4318	798
4319	776
4320	822
4321	799
4322	756
4323	781
4324	819
4325	791
4326	806
4327	728
4328	769
4329	738
4330	780
4331	850
4332	810
4333	871
4334	801
4335	780
4336	771
4337	876
4338	700
4339	717
4340	880
4341	747
4342	786
4343	796
4344	752
4345	739
4346	751
4347	761
4348	690
4349	733
4350	768
4351	821
4352	732
4353	698
4354	737
4355	732
4356	653
4357	789
4358	714
4359	680
4360	728
4361	749
4362	678
4363	756
4364	690
4365	703
4366	768
4367	686
4368	780
4369	752
4370	762
4371	692
4372	760
4373	703
4374	849
4375	784
4376	708
4377	759
4378	694
4379	728
4380	645
4381	818
4382	663
4383	700
4384	631
4385	718
4386	771
4387	644
4388	820
4389	716
4390	732
4391	719
4392	739
4393	648
4394	705
4395	707
4396	705
4397	666
4398	708
4399	708
4400	764
4401	677
4402	774
4403	704
4404	679
4405	747
4406	647
4407	735
4408	674
4409	713
4410	717
4411	734
4412	758
4413	743
4414	726
4415	730
4416	695
4417	707
4418	697

