## htsjdk.samtools.metrics.StringHeader
# CollectInsertSizeMetrics HISTOGRAM_FILE=/work/ugbogu/pipeline/data/nbl/GSE189367/results/picard/SRR17010977_insert_size_histogram.pdf MINIMUM_PCT=0.5 INPUT=/work/ugbogu/pipeline/data/nbl/GSE189367/results/star/SRR17010977.Aligned.sortedByCoord.out.bam OUTPUT=/work/ugbogu/pipeline/data/nbl/GSE189367/results/picard/SRR17010977_insert_size_metrics.txt    DEVIATIONS=10.0 METRIC_ACCUMULATION_LEVEL=[ALL_READS] INCLUDE_DUPLICATES=false ASSUME_SORTED=true STOP_AFTER=0 VERBOSITY=INFO QUIET=false VALIDATION_STRINGENCY=STRICT COMPRESSION_LEVEL=5 MAX_RECORDS_IN_RAM=500000 CREATE_INDEX=false CREATE_MD5_FILE=false USE_JDK_DEFLATER=false USE_JDK_INFLATER=false
## htsjdk.samtools.metrics.StringHeader
# Started on: Thu Apr 09 23:42:18 UTC 2026

## METRICS CLASS	picard.analysis.InsertSizeMetrics
MEDIAN_INSERT_SIZE	MODE_INSERT_SIZE	MEDIAN_ABSOLUTE_DEVIATION	MIN_INSERT_SIZE	MAX_INSERT_SIZE	MEAN_INSERT_SIZE	STANDARD_DEVIATION	READ_PAIRS	PAIR_ORIENTATION	WIDTH_OF_10_PERCENT	WIDTH_OF_20_PERCENT	WIDTH_OF_30_PERCENT	WIDTH_OF_40_PERCENT	WIDTH_OF_50_PERCENT	WIDTH_OF_60_PERCENT	WIDTH_OF_70_PERCENT	WIDTH_OF_80_PERCENT	WIDTH_OF_90_PERCENT	WIDTH_OF_95_PERCENT	WIDTH_OF_99_PERCENT	SAMPLE	LIBRARY	READ_GROUP
576	124	459	24	2814872	958.306852	1221.370453	23912617	FR	471	695	803	867	919	1373	3563	7881	21689	61527	154477			

## HISTOGRAM	java.lang.Integer
insert_size	All_Reads.fr_count
24	1
26	1
29	1
30	2
31	7
32	5
33	11
34	15
35	135
36	165
37	195
38	167
39	173
40	206
41	210
42	215
43	268
44	289
45	272
46	371
47	331
48	443
49	468
50	549
51	594
52	603
53	711
54	665
55	737
56	846
57	936
58	1148
59	1335
60	1378
61	1675
62	1868
63	2055
64	2119
65	2272
66	2632
67	3042
68	3508
69	3694
70	4059
71	4644
72	4745
73	5709
74	6606
75	14668
76	8288
77	8931
78	11854
79	10266
80	9916
81	11917
82	12617
83	13513
84	14266
85	15473
86	16152
87	18055
88	19537
89	20543
90	22718
91	24923
92	27293
93	29010
94	31506
95	34410
96	35893
97	39484
98	41781
99	45094
100	47109
101	49902
102	50362
103	53123
104	57564
105	61452
106	63790
107	65199
108	66884
109	69292
110	71555
111	71686
112	73055
113	75690
114	76965
115	78267
116	79870
117	81009
118	84493
119	83994
120	85167
121	88595
122	87279
123	89789
124	92344
125	90775
126	89000
127	90551
128	89135
129	89270
130	90059
131	90308
132	88145
133	92235
134	91491
135	90860
136	90014
137	89585
138	87365
139	87949
140	87648
141	86747
142	85326
143	85456
144	83063
145	83933
146	80563
147	79094
148	80895
149	79222
150	77576
151	79795
152	76587
153	76507
154	75636
155	75763
156	74983
157	73301
158	71560
159	71340
160	70458
161	68813
162	68206
163	67710
164	65263
165	64285
166	64069
167	64213
168	62346
169	62162
170	61389
171	60344
172	60742
173	59338
174	56879
175	56808
176	56916
177	54544
178	55493
179	54064
180	53670
181	53345
182	52759
183	51244
184	50220
185	49662
186	49342
187	48251
188	48801
189	46646
190	46705
191	45334
192	45579
193	45148
194	44546
195	43489
196	43353
197	43175
198	41624
199	40964
200	42159
201	41034
202	40330
203	39978
204	40246
205	38995
206	38834
207	37629
208	37625
209	37438
210	36112
211	36344
212	35791
213	35904
214	35266
215	34634
216	33427
217	34169
218	33608
219	33105
220	33039
221	32308
222	31191
223	31696
224	31845
225	30473
226	30834
227	30595
228	29816
229	30138
230	29704
231	28698
232	29571
233	28492
234	28896
235	28320
236	27739
237	27345
238	27012
239	26670
240	26260
241	26377
242	25900
243	25400
244	24998
245	25019
246	24159
247	24463
248	24725
249	23492
250	23438
251	22916
252	23098
253	23157
254	22818
255	22185
256	21897
257	21998
258	21631
259	21347
260	21011
261	20812
262	21262
263	20858
264	20517
265	20437
266	19946
267	19765
268	19976
269	19761
270	19320
271	18994
272	18873
273	18568
274	18284
275	18532
276	17747
277	17810
278	17502
279	17342
280	17464
281	17489
282	17308
283	16713
284	16669
285	16182
286	16636
287	15819
288	15692
289	15610
290	15659
291	15298
292	15114
293	15109
294	15372
295	15159
296	15043
297	14730
298	14572
299	14488
300	13982
301	14214
302	13937
303	13869
304	14166
305	13875
306	13476
307	13307
308	13338
309	13046
310	12578
311	12884
312	12839
313	12564
314	12539
315	12325
316	12233
317	12185
318	12382
319	12146
320	12304
321	11641
322	12057
323	11560
324	11721
325	11646
326	10979
327	10624
328	11145
329	10889
330	11087
331	10830
332	10829
333	10749
334	10751
335	10846
336	10872
337	10401
338	10146
339	10099
340	10194
341	10381
342	10046
343	9773
344	9864
345	9898
346	9689
347	9816
348	9600
349	9506
350	9581
351	9584
352	9574
353	9370
354	9237
355	9242
356	9003
357	9107
358	9113
359	8931
360	9016
361	9081
362	8774
363	8596
364	8548
365	8679
366	8556
367	8904
368	8541
369	8312
370	8406
371	8489
372	8218
373	8080
374	7896
375	7887
376	7834
377	7897
378	7760
379	7968
380	7836
381	7545
382	7934
383	7632
384	7472
385	7724
386	7562
387	7532
388	7432
389	7335
390	7283
391	7286
392	7256
393	7217
394	7394
395	6876
396	7331
397	7153
398	7161
399	7091
400	7010
401	6990
402	7014
403	6811
404	6830
405	6571
406	6561
407	6637
408	6645
409	6652
410	6516
411	6439
412	6385
413	6548
414	6530
415	6372
416	6516
417	6302
418	6302
419	6282
420	6362
421	6017
422	6062
423	6050
424	6134
425	6067
426	6312
427	6161
428	6051
429	6111
430	6109
431	6134
432	5986
433	5666
434	5864
435	5971
436	5814
437	5839
438	5658
439	5832
440	5666
441	5785
442	5887
443	5637
444	5901
445	5587
446	5638
447	5766
448	5926
449	5697
450	5684
451	5585
452	5555
453	5647
454	5769
455	5751
456	5410
457	5383
458	5492
459	5306
460	5715
461	5470
462	5531
463	5330
464	5370
465	5174
466	5274
467	5151
468	5202
469	5128
470	5373
471	5466
472	5136
473	5098
474	5044
475	5053
476	5293
477	5274
478	5172
479	5179
480	5173
481	4980
482	5055
483	5132
484	5150
485	5092
486	5136
487	5113
488	5114
489	4907
490	5001
491	4775
492	4993
493	4874
494	4787
495	4845
496	4951
497	4952
498	5062
499	4947
500	4707
501	4804
502	4768
503	4937
504	4926
505	4968
506	5026
507	5066
508	5013
509	4966
510	4973
511	4858
512	5121
513	4902
514	4798
515	4890
516	4939
517	4889
518	5060
519	5098
520	5155
521	4993
522	5048
523	4874
524	4789
525	5093
526	4831
527	4774
528	4928
529	4712
530	4890
531	4735
532	4864
533	4805
534	4804
535	4764
536	4769
537	4963
538	4787
539	4825
540	5040
541	4815
542	4830
543	4837
544	4650
545	4841
546	4730
547	4826
548	4560
549	4575
550	4732
551	4958
552	4528
553	4695
554	4573
555	4691
556	4855
557	4630
558	4648
559	4544
560	4605
561	4528
562	4613
563	4767
564	4584
565	4569
566	4627
567	4563
568	4604
569	4451
570	4546
571	4643
572	4675
573	4625
574	4628
575	4542
576	4533
577	4527
578	4556
579	4397
580	4416
581	4539
582	4419
583	4675
584	4477
585	4564
586	4730
587	4479
588	4499
589	4263
590	4429
591	4449
592	4451
593	4368
594	4442
595	4430
596	4653
597	4538
598	4414
599	4405
600	4339
601	4127
602	4352
603	4383
604	4352
605	4386
606	4424
607	4293
608	4311
609	4282
610	4255
611	4229
612	4312
613	4429
614	4462
615	4271
616	4039
617	4211
618	4401
619	4326
620	4196
621	4251
622	4241
623	4074
624	4324
625	4289
626	4247
627	4240
628	4170
629	4184
630	4157
631	3984
632	4320
633	4138
634	4283
635	4340
636	4299
637	4198
638	4279
639	4341
640	4172
641	4089
642	4245
643	4273
644	4275
645	4029
646	4134
647	4079
648	4327
649	4338
650	4095
651	4177
652	4097
653	4080
654	4115
655	4082
656	4034
657	4053
658	4016
659	4149
660	4009
661	4020
662	4036
663	4125
664	4104
665	4082
666	4185
667	4045
668	4108
669	3970
670	4275
671	3910
672	3950
673	4061
674	4133
675	3954
676	4166
677	3842
678	4052
679	4066
680	4200
681	4102
682	4028
683	4104
684	3974
685	4002
686	4060
687	3908
688	3891
689	4038
690	3895
691	3954
692	4216
693	3995
694	4285
695	4225
696	4207
697	4012
698	3969
699	4045
700	3905
701	4173
702	4189
703	4075
704	4005
705	3976
706	4082
707	3959
708	4017
709	3985
710	4053
711	3963
712	4019
713	3952
714	4017
715	3975
716	4055
717	4021
718	4099
719	3952
720	3848
721	3954
722	3897
723	3904
724	4030
725	4093
726	4154
727	4001
728	4025
729	3949
730	3988
731	4104
732	4201
733	4105
734	4141
735	4027
736	4123
737	4052
738	4133
739	3781
740	3928
741	3983
742	3936
743	4036
744	4138
745	3983
746	3893
747	3925
748	3875
749	4010
750	4128
751	4077
752	3963
753	3935
754	4101
755	3928
756	3939
757	3763
758	4124
759	4018
760	3785
761	3903
762	4001
763	3975
764	4020
765	4002
766	3892
767	3948
768	4079
769	4022
770	3893
771	3864
772	4015
773	3780
774	3762
775	3919
776	4111
777	3955
778	4045
779	3765
780	3766
781	3924
782	3772
783	3683
784	3823
785	3751
786	3961
787	4068
788	3766
789	3687
790	3800
791	3764
792	3805
793	4031
794	3884
795	3978
796	3877
797	3539
798	3955
799	3696
800	3691
801	3814
802	3844
803	3784
804	3932
805	3843
806	3823
807	3834
808	3927
809	3691
810	3774
811	3624
812	3700
813	3780
814	3690
815	3755
816	3930
817	3808
818	3762
819	3586
820	3759
821	3998
822	3599
823	3724
824	3580
825	3587
826	3561
827	3584
828	3690
829	3670
830	3565
831	3736
832	3635
833	3820
834	3617
835	3734
836	3815
837	3748
838	3711
839	3782
840	3737
841	3817
842	3620
843	3764
844	3881
845	3796
846	3830
847	3630
848	3638
849	3674
850	3469
851	3532
852	3558
853	3772
854	3397
855	3613
856	3596
857	3584
858	3705
859	3823
860	3908
861	3619
862	3821
863	3642
864	3592
865	3553
866	3701
867	3620
868	3695
869	3655
870	3644
871	3674
872	3563
873	3531
874	3547
875	3384
876	3544
877	3726
878	3547
879	3522
880	3453
881	3520
882	3607
883	3588
884	3496
885	3494
886	3543
887	3612
888	3638
889	3400
890	3562
891	3496
892	3554
893	3583
894	3564
895	3665
896	3581
897	3492
898	3333
899	3481
900	3300
901	3417
902	3541
903	3387
904	3378
905	3497
906	3502
907	3430
908	3552
909	3472
910	3475
911	3491
912	3260
913	3428
914	3534
915	3428
916	3304
917	3541
918	3478
919	3587
920	3448
921	3653
922	3603
923	3675
924	3572
925	3616
926	3461
927	3432
928	3531
929	3508
930	3564
931	3625
932	3429
933	3729
934	3459
935	3495
936	3494
937	3485
938	3528
939	3539
940	3480
941	3346
942	3498
943	3350
944	3565
945	3509
946	3494
947	3296
948	3368
949	3596
950	3488
951	3406
952	3563
953	3465
954	3320
955	3454
956	3327
957	3394
958	3398
959	3220
960	3116
961	3249
962	3490
963	3253
964	3315
965	3262
966	3409
967	3384
968	3231
969	3452
970	3391
971	3423
972	3474
973	3476
974	3439
975	3373
976	3377
977	3335
978	3419
979	3339
980	3402
981	3403
982	3213
983	3412
984	3180
985	3458
986	3318
987	3313
988	3344
989	3112
990	3274
991	3327
992	3353
993	3355
994	3127
995	3335
996	3305
997	3031
998	3114
999	3263
1000	3188
1001	3118
1002	3327
1003	3178
1004	3204
1005	3264
1006	3042
1007	3214
1008	3047
1009	3134
1010	3193
1011	3164
1012	3217
1013	3038
1014	3291
1015	3219
1016	3226
1017	3098
1018	2954
1019	3017
1020	3233
1021	3016
1022	3075
1023	3087
1024	3239
1025	2847
1026	3158
1027	3153
1028	3157
1029	3104
1030	3214
1031	2928
1032	3098
1033	2935
1034	3097
1035	3069
1036	2993
1037	2960
1038	2965
1039	2973
1040	3171
1041	2950
1042	2846
1043	3044
1044	2927
1045	3043
1046	2976
1047	3066
1048	2963
1049	3113
1050	2919
1051	2958
1052	3045
1053	3012
1054	2916
1055	2928
1056	3006
1057	2854
1058	2939
1059	3080
1060	2946
1061	2812
1062	2854
1063	3101
1064	2889
1065	3029
1066	2899
1067	2945
1068	2753
1069	2892
1070	2946
1071	2953
1072	2764
1073	3010
1074	2952
1075	2964
1076	2983
1077	2821
1078	2825
1079	2891
1080	2873
1081	2905
1082	2863
1083	2949
1084	2931
1085	2810
1086	2883
1087	2903
1088	2831
1089	2807
1090	2809
1091	2848
1092	2787
1093	2879
1094	2774
1095	2882
1096	2813
1097	2788
1098	2885
1099	2891
1100	2764
1101	2810
1102	2782
1103	2678
1104	2910
1105	2802
1106	2934
1107	2906
1108	2939
1109	2970
1110	2866
1111	2859
1112	2854
1113	2990
1114	2964
1115	2872
1116	2694
1117	2816
1118	2871
1119	2757
1120	3032
1121	2827
1122	2781
1123	2846
1124	2797
1125	2840
1126	2708
1127	2944
1128	2784
1129	2921
1130	2851
1131	2711
1132	2937
1133	2794
1134	2714
1135	2834
1136	2925
1137	2848
1138	2879
1139	2837
1140	2763
1141	2990
1142	2824
1143	2969
1144	2870
1145	2964
1146	2804
1147	2913
1148	2873
1149	2804
1150	2813
1151	3020
1152	2915
1153	2852
1154	2686
1155	2740
1156	2905
1157	2894
1158	2903
1159	2892
1160	2903
1161	2893
1162	2786
1163	2824
1164	3112
1165	2884
1166	2897
1167	2737
1168	2806
1169	2998
1170	2791
1171	2859
1172	2740
1173	2927
1174	2901
1175	2938
1176	2707
1177	2793
1178	2813
1179	2769
1180	2877
1181	2799
1182	2977
1183	2775
1184	2828
1185	2847
1186	2832
1187	2909
1188	2833
1189	2813
1190	2725
1191	2826
1192	2891
1193	2820
1194	2757
1195	2755
1196	2873
1197	2962
1198	2900
1199	2851
1200	2855
1201	2814
1202	2930
1203	2936
1204	2784
1205	2951
1206	2747
1207	2902
1208	2980
1209	2850
1210	2869
1211	2904
1212	3013
1213	3030
1214	2809
1215	2799
1216	2850
1217	2848
1218	2843
1219	2863
1220	2850
1221	2752
1222	2750
1223	2866
1224	2923
1225	2949
1226	3024
1227	2877
1228	2782
1229	2738
1230	2915
1231	2862
1232	2882
1233	3008
1234	2986
1235	2850
1236	2874
1237	2938
1238	2869
1239	2888
1240	2965
1241	2848
1242	3008
1243	2894
1244	2784
1245	2767
1246	2840
1247	2757
1248	2729
1249	2924
1250	3052
1251	2750
1252	2811
1253	2901
1254	3028
1255	2843
1256	2972
1257	3009
1258	3053
1259	3043
1260	2894
1261	2982
1262	2752
1263	3096
1264	2868
1265	2961
1266	2875
1267	2918
1268	2889
1269	3086
1270	2871
1271	2837
1272	2933
1273	2880
1274	2812
1275	2861
1276	2735
1277	2766
1278	2692
1279	2816
1280	2790
1281	2678
1282	2638
1283	2751
1284	2743
1285	2753
1286	2737
1287	2784
1288	2731
1289	2738
1290	2797
1291	2861
1292	2846
1293	2640
1294	2825
1295	2705
1296	2746
1297	2644
1298	2655
1299	2828
1300	2567
1301	2643
1302	2768
1303	2802
1304	2794
1305	2697
1306	2795
1307	2677
1308	2883
1309	2702
1310	2765
1311	2805
1312	2729
1313	2812
1314	2956
1315	2859
1316	2669
1317	2930
1318	2735
1319	2657
1320	2761
1321	2717
1322	2613
1323	2630
1324	2798
1325	2685
1326	2649
1327	2745
1328	2673
1329	2823
1330	2593
1331	2779
1332	2721
1333	2578
1334	2586
1335	2631
1336	2719
1337	2646
1338	2468
1339	2753
1340	2543
1341	2619
1342	2539
1343	2641
1344	2662
1345	2638
1346	2637
1347	2627
1348	2534
1349	2595
1350	2532
1351	2667
1352	2661
1353	2446
1354	2627
1355	2472
1356	2628
1357	2646
1358	2694
1359	2536
1360	2551
1361	2685
1362	2598
1363	2578
1364	2482
1365	2437
1366	2473
1367	2696
1368	2554
1369	2442
1370	2616
1371	2459
1372	2534
1373	2589
1374	2505
1375	2646
1376	2551
1377	2470
1378	2640
1379	2491
1380	2550
1381	2570
1382	2498
1383	2584
1384	2645
1385	2418
1386	2426
1387	2427
1388	2518
1389	2425
1390	2439
1391	2577
1392	2424
1393	2594
1394	2438
1395	2472
1396	2344
1397	2448
1398	2517
1399	2500
1400	2420
1401	2553
1402	2325
1403	2464
1404	2548
1405	2519
1406	2503
1407	2505
1408	2528
1409	2368
1410	2396
1411	2399
1412	2542
1413	2547
1414	2495
1415	2360
1416	2360
1417	2535
1418	2339
1419	2328
1420	2484
1421	2428
1422	2430
1423	2358
1424	2439
1425	2438
1426	2413
1427	2487
1428	2411
1429	2480
1430	2311
1431	2372
1432	2354
1433	2496
1434	2362
1435	2481
1436	2507
1437	2313
1438	2381
1439	2386
1440	2341
1441	2353
1442	2425
1443	2261
1444	2475
1445	2442
1446	2351
1447	2388
1448	2440
1449	2377
1450	2329
1451	2350
1452	2408
1453	2444
1454	2440
1455	2405
1456	2338
1457	2281
1458	2468
1459	2316
1460	2558
1461	2544
1462	2508
1463	2548
1464	2376
1465	2349
1466	2352
1467	2278
1468	2475
1469	2465
1470	2462
1471	2346
1472	2416
1473	2436
1474	2613
1475	2408
1476	2505
1477	2454
1478	2451
1479	2469
1480	2496
1481	2430
1482	2366
1483	2389
1484	2551
1485	2324
1486	2385
1487	2487
1488	2522
1489	2361
1490	2603
1491	2363
1492	2485
1493	2618
1494	2547
1495	2416
1496	2678
1497	2401
1498	2648
1499	2502
1500	2447
1501	2568
1502	2448
1503	2578
1504	2477
1505	2672
1506	2476
1507	2674
1508	2656
1509	2660
1510	2650
1511	2556
1512	2569
1513	2432
1514	2539
1515	2475
1516	2596
1517	2585
1518	2477
1519	2515
1520	2543
1521	2600
1522	2554
1523	2598
1524	2720
1525	2606
1526	2678
1527	2523
1528	2485
1529	2520
1530	2596
1531	2588
1532	2484
1533	2687
1534	2568
1535	2674
1536	2670
1537	2691
1538	2565
1539	2543
1540	2687
1541	2501
1542	2524
1543	2703
1544	2554
1545	2535
1546	2559
1547	2730
1548	2543
1549	2745
1550	2668
1551	2615
1552	2647
1553	2488
1554	2455
1555	2603
1556	2596
1557	2688
1558	2655
1559	2704
1560	2504
1561	2451
1562	2543
1563	2592
1564	2622
1565	2373
1566	2453
1567	2512
1568	2529
1569	2682
1570	2541
1571	2587
1572	2732
1573	2660
1574	2559
1575	2745
1576	2559
1577	2452
1578	2428
1579	2458
1580	2509
1581	2499
1582	2624
1583	2453
1584	2571
1585	2575
1586	2691
1587	2615
1588	2541
1589	2423
1590	2483
1591	2606
1592	2642
1593	2364
1594	2541
1595	2501
1596	2466
1597	2402
1598	2426
1599	2325
1600	2401
1601	2393
1602	2295
1603	2738
1604	2487
1605	2461
1606	2331
1607	2556
1608	2465
1609	2459
1610	2482
1611	2321
1612	2255
1613	2360
1614	2462
1615	2445
1616	2399
1617	2373
1618	2367
1619	2493
1620	2512
1621	2363
1622	2333
1623	2361
1624	2400
1625	2394
1626	2355
1627	2541
1628	2484
1629	2515
1630	2324
1631	2320
1632	2454
1633	2491
1634	2275
1635	2531
1636	2290
1637	2531
1638	2452
1639	2579
1640	2361
1641	2416
1642	2439
1643	2406
1644	2379
1645	2364
1646	2242
1647	2329
1648	2387
1649	2351
1650	2390
1651	2460
1652	2306
1653	2372
1654	2377
1655	2365
1656	2532
1657	2406
1658	2355
1659	2298
1660	2384
1661	2541
1662	2527
1663	2350
1664	2359
1665	2250
1666	2364
1667	2443
1668	2500
1669	2376
1670	2436
1671	2342
1672	2414
1673	2353
1674	2334
1675	2361
1676	2334
1677	2393
1678	2232
1679	2439
1680	2324
1681	2251
1682	2369
1683	2240
1684	2188
1685	2335
1686	2244
1687	2340
1688	2410
1689	2204
1690	2290
1691	2308
1692	2521
1693	2384
1694	2476
1695	2422
1696	2296
1697	2305
1698	2405
1699	2321
1700	2325
1701	2350
1702	2324
1703	2321
1704	2389
1705	2456
1706	2318
1707	2522
1708	2380
1709	2449
1710	2601
1711	2270
1712	2367
1713	2405
1714	2528
1715	2334
1716	2466
1717	2509
1718	2503
1719	2295
1720	2363
1721	2344
1722	2320
1723	2225
1724	2347
1725	2316
1726	2457
1727	2334
1728	2382
1729	2424
1730	2418
1731	2420
1732	2412
1733	2370
1734	2531
1735	2258
1736	2455
1737	2473
1738	2284
1739	2275
1740	2338
1741	2349
1742	2293
1743	2362
1744	2202
1745	2301
1746	2314
1747	2428
1748	2243
1749	2133
1750	2423
1751	2291
1752	2258
1753	2347
1754	2253
1755	2361
1756	2125
1757	2271
1758	2356
1759	2295
1760	2241
1761	2098
1762	2332
1763	2188
1764	2228
1765	2226
1766	1989
1767	2016
1768	2122
1769	2174
1770	2163
1771	2376
1772	2185
1773	2213
1774	2180
1775	2304
1776	2150
1777	2167
1778	2081
1779	1997
1780	2180
1781	1987
1782	2016
1783	2192
1784	2099
1785	2083
1786	2161
1787	2101
1788	2142
1789	1986
1790	2081
1791	2043
1792	2008
1793	2001
1794	2147
1795	1962
1796	2051
1797	2132
1798	2118
1799	2030
1800	2001
1801	2016
1802	2021
1803	1936
1804	1963
1805	1954
1806	1902
1807	2024
1808	1919
1809	2006
1810	2228
1811	2054
1812	1985
1813	2089
1814	2015
1815	2002
1816	1930
1817	2061
1818	2030
1819	2069
1820	2098
1821	1990
1822	2019
1823	2003
1824	1869
1825	2101
1826	2019
1827	2023
1828	1901
1829	1941
1830	2048
1831	1947
1832	1871
1833	1862
1834	1947
1835	2100
1836	1952
1837	1943
1838	1997
1839	1934
1840	1970
1841	1937
1842	1873
1843	1869
1844	1927
1845	2017
1846	1959
1847	1812
1848	1928
1849	1931
1850	1895
1851	1977
1852	1956
1853	1968
1854	2069
1855	1873
1856	2002
1857	2010
1858	1908
1859	1951
1860	2006
1861	2075
1862	1920
1863	2118
1864	1904
1865	1982
1866	1953
1867	1951
1868	1894
1869	1920
1870	1967
1871	1879
1872	1830
1873	2035
1874	1974
1875	1962
1876	1977
1877	1951
1878	2020
1879	1948
1880	1893
1881	1990
1882	1913
1883	1871
1884	1964
1885	1861
1886	1955
1887	1899
1888	1955
1889	1979
1890	1860
1891	2005
1892	2115
1893	2022
1894	1904
1895	1993
1896	1944
1897	2090
1898	2004
1899	1909
1900	1836
1901	1918
1902	1923
1903	2002
1904	1977
1905	1959
1906	1929
1907	1993
1908	2006
1909	2057
1910	2056
1911	2046
1912	2129
1913	1921
1914	2013
1915	1990
1916	2043
1917	2012
1918	2019
1919	2097
1920	2023
1921	2024
1922	2048
1923	2009
1924	2003
1925	2072
1926	1896
1927	1950
1928	2010
1929	1949
1930	2071
1931	1999
1932	1982
1933	2037
1934	2123
1935	1942
1936	1902
1937	2024
1938	2057
1939	1995
1940	2030
1941	1908
1942	2063
1943	1972
1944	1944
1945	2003
1946	1916
1947	2040
1948	2069
1949	1857
1950	1821
1951	1841
1952	2025
1953	2003
1954	1948
1955	1971
1956	1986
1957	1954
1958	1910
1959	1952
1960	1955
1961	1940
1962	2033
1963	1924
1964	1968
1965	1838
1966	1944
1967	1896
1968	1959
1969	1937
1970	1923
1971	1882
1972	2023
1973	1936
1974	2009
1975	1981
1976	1987
1977	1891
1978	1972
1979	1926
1980	1927
1981	2019
1982	2093
1983	1997
1984	2008
1985	2035
1986	2055
1987	2007
1988	2026
1989	2016
1990	2140
1991	2156
1992	2212
1993	2094
1994	2253
1995	2174
1996	2101
1997	2120
1998	2112
1999	2142
2000	2155
2001	2093
2002	2097
2003	2083
2004	2128
2005	2026
2006	2087
2007	2176
2008	2134
2009	2261
2010	2139
2011	2207
2012	2067
2013	2204
2014	2255
2015	2134
2016	2074
2017	2072
2018	2227
2019	2072
2020	2076
2021	2184
2022	2137
2023	2210
2024	2126
2025	2062
2026	2243
2027	2044
2028	2152
2029	2152
2030	2080
2031	2179
2032	2075
2033	2020
2034	2180
2035	2217
2036	2073
2037	2102
2038	2188
2039	2101
2040	2037
2041	2213
2042	2190
2043	2031
2044	2189
2045	2142
2046	2146
2047	2125
2048	2029
2049	2038
2050	2077
2051	2108
2052	2111
2053	2024
2054	2130
2055	2227
2056	2079
2057	2080
2058	2124
2059	2013
2060	2079
2061	2030
2062	2068
2063	1855
2064	2050
2065	2237
2066	2053
2067	1986
2068	1920
2069	1988
2070	1998
2071	1975
2072	1996
2073	2029
2074	2008
2075	1982
2076	2070
2077	1944
2078	1993
2079	2041
2080	1983
2081	1980
2082	2076
2083	1998
2084	2059
2085	1824
2086	1866
2087	1986
2088	1842
2089	1830
2090	2072
2091	1934
2092	2035
2093	1871
2094	1902
2095	1768
2096	1938
2097	1933
2098	1877
2099	1890
2100	1901
2101	1957
2102	1840
2103	1880
2104	1914
2105	1935
2106	1894
2107	1824
2108	1869
2109	1820
2110	1860
2111	1692
2112	1889
2113	1868
2114	1765
2115	1729
2116	1853
2117	1728
2118	1805
2119	1747
2120	1828
2121	1830
2122	1832
2123	1813
2124	1892
2125	1731
2126	1821
2127	1792
2128	1839
2129	1858
2130	1951
2131	1807
2132	1830
2133	1789
2134	1827
2135	1865
2136	1820
2137	1881
2138	1915
2139	1849
2140	1842
2141	1759
2142	1754
2143	1793
2144	1659
2145	1642
2146	1749
2147	1957
2148	1709
2149	1677
2150	1742
2151	1777
2152	1775
2153	1774
2154	1802
2155	1655
2156	1754
2157	1674
2158	1740
2159	1851
2160	1748
2161	1755
2162	1727
2163	1791
2164	1699
2165	1817
2166	1756
2167	1753
2168	1747
2169	1759
2170	1834
2171	1712
2172	1730
2173	1591
2174	1801
2175	1928
2176	1843
2177	1764
2178	1750
2179	1819
2180	1799
2181	1811
2182	1781
2183	1820
2184	1775
2185	1747
2186	1831
2187	1720
2188	1828
2189	1755
2190	1858
2191	1942
2192	1748
2193	1631
2194	1779
2195	1756
2196	1751
2197	1773
2198	1732
2199	1813
2200	1701
2201	1766
2202	1797
2203	1726
2204	1874
2205	1769
2206	1675
2207	1795
2208	1814
2209	1790
2210	1733
2211	1689
2212	1807
2213	1748
2214	1771
2215	1769
2216	1742
2217	1771
2218	1673
2219	1753
2220	1758
2221	1782
2222	1757
2223	1772
2224	1815
2225	1773
2226	1781
2227	1688
2228	1709
2229	1676
2230	1771
2231	1618
2232	1846
2233	1820
2234	1822
2235	1847
2236	1879
2237	1823
2238	1742
2239	1887
2240	1793
2241	1834
2242	1822
2243	1945
2244	1919
2245	1754
2246	1705
2247	1932
2248	1706
2249	1860
2250	1756
2251	1693
2252	1924
2253	1838
2254	1879
2255	1717
2256	1879
2257	1924
2258	1837
2259	1957
2260	1798
2261	1808
2262	1746
2263	1865
2264	1996
2265	1817
2266	1789
2267	1823
2268	1735
2269	1658
2270	1825
2271	1802
2272	1755
2273	1709
2274	1744
2275	1802
2276	1716
2277	1735
2278	1786
2279	1730
2280	1716
2281	1770
2282	1837
2283	1827
2284	1819
2285	1768
2286	1787
2287	1793
2288	1836
2289	1832
2290	1704
2291	1572
2292	1647
2293	1768
2294	1715
2295	1755
2296	1738
2297	1914
2298	1804
2299	1632
2300	1605
2301	1688
2302	1771
2303	1690
2304	1765
2305	1662
2306	1744
2307	1845
2308	1661
2309	1842
2310	1764
2311	1806
2312	1648
2313	1612
2314	1621
2315	1843
2316	1807
2317	1733
2318	1792
2319	1756
2320	1813
2321	1769
2322	1803
2323	1707
2324	1674
2325	1756
2326	1837
2327	1691
2328	1764
2329	1894
2330	1794
2331	1725
2332	1602
2333	1731
2334	1728
2335	1671
2336	1728
2337	1662
2338	1805
2339	1672
2340	1716
2341	1701
2342	1791
2343	1757
2344	1709
2345	1706
2346	1548
2347	1641
2348	1607
2349	1605
2350	1644
2351	1601
2352	1588
2353	1627
2354	1585
2355	1693
2356	1656
2357	1684
2358	1619
2359	1546
2360	1616
2361	1688
2362	1707
2363	1791
2364	1560
2365	1616
2366	1550
2367	1568
2368	1632
2369	1555
2370	1578
2371	1559
2372	1582
2373	1643
2374	1604
2375	1586
2376	1549
2377	1542
2378	1518
2379	1550
2380	1504
2381	1671
2382	1605
2383	1601
2384	1411
2385	1524
2386	1503
2387	1393
2388	1550
2389	1489
2390	1444
2391	1504
2392	1535
2393	1540
2394	1459
2395	1604
2396	1466
2397	1488
2398	1581
2399	1421
2400	1440
2401	1494
2402	1516
2403	1535
2404	1500
2405	1512
2406	1571
2407	1482
2408	1486
2409	1540
2410	1380
2411	1468
2412	1510
2413	1459
2414	1513
2415	1417
2416	1496
2417	1487
2418	1645
2419	1505
2420	1390
2421	1519
2422	1452
2423	1513
2424	1427
2425	1434
2426	1394
2427	1474
2428	1449
2429	1501
2430	1497
2431	1506
2432	1404
2433	1488
2434	1398
2435	1381
2436	1528
2437	1464
2438	1499
2439	1485
2440	1411
2441	1383
2442	1488
2443	1385
2444	1448
2445	1478
2446	1368
2447	1457
2448	1448
2449	1386
2450	1490
2451	1342
2452	1395
2453	1509
2454	1287
2455	1342
2456	1409
2457	1424
2458	1371
2459	1363
2460	1368
2461	1351
2462	1376
2463	1346
2464	1375
2465	1522
2466	1402
2467	1324
2468	1364
2469	1477
2470	1317
2471	1298
2472	1405
2473	1402
2474	1402
2475	1402
2476	1467
2477	1352
2478	1568
2479	1447
2480	1366
2481	1400
2482	1411
2483	1417
2484	1480
2485	1401
2486	1422
2487	1459
2488	1439
2489	1463
2490	1515
2491	1376
2492	1388
2493	1366
2494	1389
2495	1495
2496	1482
2497	1474
2498	1458
2499	1354
2500	1434
2501	1500
2502	1381
2503	1410
2504	1526
2505	1454
2506	1447
2507	1374
2508	1485
2509	1447
2510	1472
2511	1364
2512	1484
2513	1434
2514	1539
2515	1509
2516	1445
2517	1484
2518	1434
2519	1523
2520	1405
2521	1553
2522	1490
2523	1444
2524	1464
2525	1478
2526	1425
2527	1451
2528	1447
2529	1534
2530	1515
2531	1480
2532	1487
2533	1425
2534	1518
2535	1447
2536	1545
2537	1522
2538	1463
2539	1432
2540	1450
2541	1486
2542	1483
2543	1446
2544	1537
2545	1540
2546	1523
2547	1622
2548	1579
2549	1446
2550	1562
2551	1527
2552	1537
2553	1489
2554	1384
2555	1421
2556	1450
2557	1478
2558	1580
2559	1408
2560	1496
2561	1554
2562	1435
2563	1598
2564	1543
2565	1526
2566	1486
2567	1473
2568	1519
2569	1424
2570	1536
2571	1493
2572	1480
2573	1511
2574	1556
2575	1446
2576	1488
2577	1454
2578	1411
2579	1462
2580	1479
2581	1523
2582	1401
2583	1462
2584	1373
2585	1408
2586	1455
2587	1492
2588	1361
2589	1423
2590	1346
2591	1481
2592	1373
2593	1546
2594	1284
2595	1400
2596	1315
2597	1352
2598	1363
2599	1463
2600	1401
2601	1385
2602	1284
2603	1499
2604	1500
2605	1407
2606	1531
2607	1427
2608	1431
2609	1426
2610	1469
2611	1370
2612	1546
2613	1443
2614	1364
2615	1395
2616	1375
2617	1446
2618	1385
2619	1461
2620	1469
2621	1453
2622	1493
2623	1476
2624	1503
2625	1535
2626	1399
2627	1428
2628	1572
2629	1470
2630	1539
2631	1516
2632	1480
2633	1427
2634	1450
2635	1415
2636	1468
2637	1562
2638	1394
2639	1568
2640	1584
2641	1544
2642	1545
2643	1552
2644	1469
2645	1368
2646	1397
2647	1426
2648	1395
2649	1364
2650	1412
2651	1523
2652	1546
2653	1495
2654	1536
2655	1580
2656	1551
2657	1408
2658	1504
2659	1448
2660	1462
2661	1435
2662	1477
2663	1461
2664	1470
2665	1545
2666	1483
2667	1495
2668	1497
2669	1664
2670	1508
2671	1528
2672	1758
2673	1443
2674	1612
2675	1725
2676	1547
2677	1563
2678	1743
2679	2651
2680	2202
2681	1551
2682	1673
2683	1475
2684	1601
2685	1548
2686	1618
2687	1447
2688	1551
2689	1422
2690	1588
2691	1546
2692	1498
2693	1547
2694	1464
2695	1540
2696	1588
2697	1451
2698	1404
2699	1538
2700	1514
2701	1542
2702	1583
2703	1403
2704	1428
2705	1450
2706	1383
2707	1522
2708	1432
2709	1636
2710	1609
2711	1534
2712	1404
2713	1455
2714	1431
2715	1510
2716	1421
2717	1391
2718	1383
2719	1447
2720	1576
2721	1382
2722	1356
2723	1390
2724	1303
2725	1469
2726	1410
2727	1425
2728	1347
2729	1449
2730	1342
2731	1306
2732	1416
2733	1393
2734	1409
2735	1372
2736	1336
2737	1458
2738	1386
2739	1357
2740	1408
2741	1336
2742	1358
2743	1348
2744	1326
2745	1373
2746	1278
2747	1325
2748	1363
2749	1415
2750	1310
2751	1297
2752	1353
2753	1245
2754	1359
2755	1386
2756	1277
2757	1324
2758	1243
2759	1423
2760	1293
2761	1440
2762	1341
2763	1403
2764	1258
2765	1366
2766	1284
2767	1422
2768	1327
2769	1342
2770	1449
2771	1353
2772	1289
2773	1243
2774	1460
2775	1378
2776	1303
2777	1354
2778	1298
2779	1297
2780	1278
2781	1300
2782	1213
2783	1299
2784	1317
2785	1254
2786	1326
2787	1355
2788	1203
2789	1255
2790	1373
2791	1207
2792	1316
2793	1349
2794	1392
2795	1273
2796	1308
2797	1312
2798	1345
2799	1285
2800	1346
2801	1365
2802	1270
2803	1279
2804	1199
2805	1262
2806	1341
2807	1308
2808	1164
2809	1336
2810	1265
2811	1257
2812	1311
2813	1240
2814	1299
2815	1276
2816	1323
2817	1204
2818	1423
2819	1279
2820	1275
2821	1333
2822	1321
2823	1357
2824	1279
2825	1286
2826	1401
2827	1201
2828	1251
2829	1262
2830	1256
2831	1279
2832	1229
2833	1254
2834	1312
2835	1254
2836	1351
2837	1236
2838	1192
2839	1192
2840	1221
2841	1180
2842	1294
2843	1255
2844	1229
2845	1205
2846	1310
2847	1241
2848	1336
2849	1219
2850	1228
2851	1269
2852	1293
2853	1170
2854	1143
2855	1171
2856	1238
2857	1137
2858	1234
2859	1190
2860	1237
2861	1382
2862	1305
2863	1372
2864	1300
2865	1286
2866	1268
2867	1201
2868	1328
2869	1204
2870	1261
2871	1317
2872	1222
2873	1281
2874	1274
2875	1337
2876	1233
2877	1301
2878	1305
2879	1201
2880	1203
2881	1239
2882	1212
2883	1175
2884	1269
2885	1205
2886	1215
2887	1293
2888	1253
2889	1285
2890	1228
2891	1263
2892	1252
2893	1213
2894	1227
2895	1267
2896	1210
2897	1228
2898	1217
2899	1205
2900	1215
2901	1298
2902	1233
2903	1292
2904	1293
2905	1143
2906	1203
2907	1233
2908	1286
2909	1232
2910	1214
2911	1278
2912	1269
2913	1360
2914	1246
2915	1280
2916	1271
2917	1201
2918	1290
2919	1290
2920	1259
2921	1265
2922	1254
2923	1215
2924	1251
2925	1234
2926	1344
2927	1167
2928	1291
2929	1276
2930	1202
2931	1170
2932	1281
2933	1181
2934	1197
2935	1303
2936	1319
2937	1218
2938	1212
2939	1248
2940	1201
2941	1268
2942	1276
2943	1183
2944	1312
2945	1157
2946	1185
2947	1315
2948	1242
2949	1122
2950	1256
2951	1214
2952	1196
2953	1171
2954	1236
2955	1266
2956	1282
2957	1097
2958	1269
2959	1224
2960	1201
2961	1325
2962	1230
2963	1373
2964	1370
2965	1194
2966	1347
2967	1272
2968	1330
2969	1236
2970	1258
2971	1207
2972	1325
2973	1253
2974	1261
2975	1248
2976	1241
2977	1250
2978	1292
2979	1306
2980	1346
2981	1315
2982	1258
2983	1246
2984	1215
2985	1315
2986	1259
2987	1304
2988	1162
2989	1246
2990	1255
2991	1228
2992	1261
2993	1296
2994	1200
2995	1278
2996	1242
2997	1383
2998	1241
2999	1302
3000	1268
3001	1256
3002	1306
3003	1337
3004	1250
3005	1355
3006	1325
3007	1279
3008	1264
3009	1280
3010	1347
3011	1313
3012	1261
3013	1261
3014	1278
3015	1203
3016	1224
3017	1214
3018	1304
3019	1200
3020	1198
3021	1269
3022	1268
3023	1277
3024	1339
3025	1162
3026	1219
3027	1235
3028	1176
3029	1243
3030	1261
3031	1317
3032	1226
3033	1233
3034	1234
3035	1185
3036	1202
3037	1149
3038	1236
3039	1301
3040	1221
3041	1321
3042	1237
3043	1276
3044	1242
3045	1271
3046	1210
3047	1272
3048	1347
3049	1242
3050	1292
3051	1331
3052	1231
3053	1386
3054	1380
3055	1363
3056	1384
3057	1381
3058	1445
3059	1360
3060	1362
3061	1283
3062	1311
3063	1347
3064	1356
3065	1347
3066	1318
3067	1335
3068	1362
3069	1364
3070	1466
3071	1326
3072	1415
3073	1403
3074	1440
3075	1341
3076	1328
3077	1421
3078	1457
3079	1486
3080	1380
3081	1353
3082	1369
3083	1335
3084	1390
3085	1408
3086	1435
3087	1298
3088	1397
3089	1339
3090	1278
3091	1374
3092	1298
3093	1217
3094	1296
3095	1381
3096	1289
3097	1490
3098	1517
3099	1592
3100	1359
3101	1361
3102	1388
3103	1358
3104	1319
3105	1446
3106	1433
3107	1350
3108	1339
3109	1445
3110	1253
3111	1331
3112	1294
3113	1334
3114	1415
3115	1468
3116	1341
3117	1354
3118	1344
3119	1319
3120	1359
3121	1344
3122	1372
3123	1324
3124	1280
3125	1392
3126	1338
3127	1268
3128	1320
3129	1226
3130	1283
3131	1190
3132	1221
3133	1196
3134	1266
3135	1285
3136	1283
3137	1309
3138	1288
3139	1419
3140	1222
3141	1372
3142	1250
3143	1141
3144	1212
3145	1339
3146	1217
3147	1365
3148	1257
3149	1320
3150	1218
3151	1329
3152	1256
3153	1289
3154	1188
3155	1279
3156	1359
3157	1207
3158	1145
3159	1094
3160	1126
3161	1256
3162	1351
3163	1274
3164	1199
3165	1302
3166	1243
3167	1238
3168	1187
3169	1194
3170	1130
3171	1175
3172	1186
3173	1181
3174	1186
3175	1204
3176	1161
3177	1285
3178	1229
3179	1169
3180	1269
3181	1157
3182	1193
3183	1157
3184	1181
3185	1152
3186	1123
3187	1195
3188	1190
3189	1311
3190	1166
3191	1272
3192	1270
3193	1182
3194	1187
3195	1216
3196	1246
3197	1160
3198	1229
3199	1138
3200	1176
3201	1210
3202	1177
3203	1199
3204	1161
3205	1199
3206	1213
3207	1245
3208	1178
3209	1217
3210	1236
3211	1251
3212	1175
3213	1177
3214	1026
3215	1106
3216	1092
3217	1140
3218	1154
3219	1119
3220	1184
3221	1137
3222	1134
3223	1186
3224	1284
3225	1083
3226	1168
3227	1263
3228	1140
3229	1183
3230	1179
3231	1180
3232	1126
3233	1195
3234	1176
3235	1209
3236	1198
3237	1219
3238	1234
3239	1169
3240	1155
3241	1193
3242	1210
3243	1184
3244	1243
3245	1119
3246	1181
3247	1131
3248	1180
3249	1148
3250	1120
3251	1291
3252	1139
3253	1101
3254	1116
3255	1216
3256	1156
3257	1167
3258	1236
3259	1129
3260	1173
3261	1099
3262	1253
3263	1183
3264	1262
3265	1057
3266	1098
3267	1137
3268	1176
3269	1102
3270	1216
3271	1276
3272	1117
3273	1196
3274	1242
3275	1243
3276	1241
3277	1156
3278	1180
3279	1155
3280	1159
3281	1134
3282	1149
3283	1069
3284	1147
3285	1195
3286	1101
3287	1118
3288	1213
3289	1247
3290	1227
3291	1133
3292	1227
3293	1264
3294	1153
3295	1145
3296	1219
3297	1031
3298	1241
3299	1245
3300	1204
3301	1118
3302	1245
3303	1189
3304	1231
3305	1243
3306	1243
3307	1367
3308	1138
3309	1187
3310	1143
3311	1224
3312	1172
3313	1149
3314	1133
3315	1214
3316	1081
3317	1221
3318	1150
3319	1210
3320	1087
3321	1074
3322	1192
3323	1202
3324	1195
3325	1206
3326	1207
3327	1087
3328	1142
3329	1168
3330	1174
3331	1211
3332	1179
3333	1174
3334	1085
3335	1247
3336	1228
3337	1146
3338	1152
3339	1183
3340	1147
3341	1262
3342	1207
3343	1108
3344	1173
3345	1179
3346	1116
3347	1156
3348	1135
3349	1098
3350	1149
3351	1062
3352	1199
3353	1153
3354	1131
3355	1166
3356	1077
3357	1129
3358	1195
3359	1114
3360	1093
3361	1075
3362	1081
3363	1028
3364	946
3365	1036
3366	1056
3367	1025
3368	1166
3369	1066
3370	1056
3371	1003
3372	1136
3373	1017
3374	1067
3375	1071
3376	985
3377	1108
3378	1054
3379	1128
3380	1136
3381	1031
3382	1109
3383	1019
3384	1060
3385	1091
3386	1051
3387	1138
3388	1162
3389	1161
3390	1099
3391	1108
3392	1013
3393	1075
3394	980
3395	1000
3396	1075
3397	1076
3398	1021
3399	1025
3400	1089
3401	1047
3402	1062
3403	1056
3404	1105
3405	1068
3406	1140
3407	1087
3408	1076
3409	1068
3410	1049
3411	1068
3412	1080
3413	1059
3414	1004
3415	1001
3416	1113
3417	1104
3418	1046
3419	1052
3420	992
3421	1039
3422	1080
3423	1099
3424	1092
3425	1089
3426	1091
3427	998
3428	1009
3429	1091
3430	1057
3431	1106
3432	1000
3433	1050
3434	1112
3435	1138
3436	1068
3437	1047
3438	1021
3439	1047
3440	1058
3441	1176
3442	1179
3443	1051
3444	1085
3445	1028
3446	1113
3447	1050
3448	961
3449	994
3450	1058
3451	1059
3452	1107
3453	1025
3454	999
3455	1026
3456	1140
3457	1128
3458	974
3459	1008
3460	1015
3461	1021
3462	988
3463	1034
3464	1072
3465	1046
3466	971
3467	1013
3468	1012
3469	1137
3470	1007
3471	1037
3472	1006
3473	1030
3474	1043
3475	1107
3476	1000
3477	1094
3478	1047
3479	931
3480	1032
3481	951
3482	1017
3483	987
3484	1035
3485	971
3486	1092
3487	962
3488	1050
3489	969
3490	1080
3491	963
3492	1002
3493	919
3494	1077
3495	964
3496	987
3497	1011
3498	1021
3499	995
3500	1057
3501	1001
3502	1061
3503	1078
3504	1012
3505	1039
3506	973
3507	1025
3508	962
3509	972
3510	1031
3511	994
3512	1007
3513	1082
3514	989
3515	959
3516	931
3517	982
3518	987
3519	1011
3520	1094
3521	971
3522	1063
3523	1032
3524	1059
3525	1017
3526	981
3527	1038
3528	1079
3529	974
3530	1019
3531	1031
3532	1040
3533	965
3534	1034
3535	1018
3536	968
3537	1073
3538	1090
3539	966
3540	898
3541	988
3542	1083
3543	944
3544	974
3545	1007
3546	988
3547	1012
3548	927
3549	883
3550	1097
3551	938
3552	1008
3553	1019
3554	985
3555	989
3556	987
3557	962
3558	941
3559	1104
3560	991
3561	1059
3562	1021
3563	1106
3564	1018
3565	1128
3566	967
3567	951
3568	1008
3569	980
3570	1073
3571	1026
3572	1012
3573	981
3574	945
3575	1004
3576	1003
3577	952
3578	1020
3579	1033
3580	1004
3581	1002
3582	1074
3583	1056
3584	1052
3585	969
3586	1024
3587	983
3588	1069
3589	971
3590	1028
3591	1100
3592	1032
3593	1012
3594	1006
3595	1015
3596	1039
3597	1028
3598	994
3599	1027
3600	1145
3601	995
3602	1008
3603	1060
3604	980
3605	1031
3606	962
3607	979
3608	1032
3609	959
3610	1068
3611	1030
3612	1000
3613	1025
3614	1025
3615	983
3616	1018
3617	1097
3618	975
3619	1210
3620	975
3621	998
3622	1050
3623	1012
3624	967
3625	975
3626	1039
3627	1010
3628	944
3629	995
3630	964
3631	1095
3632	987
3633	1014
3634	974
3635	991
3636	945
3637	963
3638	1051
3639	1098
3640	990
3641	1048
3642	955
3643	869
3644	992
3645	982
3646	1040
3647	1047
3648	967
3649	984
3650	994
3651	986
3652	1007
3653	1036
3654	981
3655	999
3656	923
3657	969
3658	994
3659	1006
3660	887
3661	1002
3662	990
3663	991
3664	1010
3665	1019
3666	1069
3667	1008
3668	1057
3669	958
3670	918
3671	930
3672	925
3673	1000
3674	1069
3675	981
3676	1039
3677	974
3678	1006
3679	1001
3680	1033
3681	1021
3682	1076
3683	992
3684	987
3685	1010
3686	1041
3687	986
3688	974
3689	1059
3690	1022
3691	904
3692	1017
3693	943
3694	969
3695	946
3696	1096
3697	1093
3698	1003
3699	998
3700	1040
3701	1002
3702	995
3703	995
3704	976
3705	1078
3706	1096
3707	1061
3708	1014
3709	1048
3710	1101
3711	1062
3712	996
3713	977
3714	883
3715	1085
3716	1091
3717	1094
3718	1022
3719	1088
3720	1013
3721	1055
3722	1069
3723	1065
3724	1001
3725	988
3726	1115
3727	995
3728	1126
3729	1135
3730	1045
3731	1026
3732	1134
3733	1047
3734	1049
3735	1045
3736	1090
3737	1081
3738	1035
3739	1071
3740	1100
3741	1069
3742	1054
3743	968
3744	1039
3745	997
3746	1077
3747	1038
3748	1089
3749	1043
3750	1056
3751	1011
3752	931
3753	1088
3754	1047
3755	991
3756	1019
3757	998
3758	1064
3759	1092
3760	1053
3761	920
3762	995
3763	989
3764	1028
3765	1056
3766	949
3767	1080
3768	1063
3769	968
3770	1092
3771	1088
3772	975
3773	1051
3774	1037
3775	914
3776	1017
3777	1008
3778	956
3779	976
3780	881
3781	987
3782	1042
3783	987
3784	1007
3785	996
3786	1009
3787	974
3788	1004
3789	964
3790	929
3791	1026
3792	933
3793	908
3794	946
3795	958
3796	929
3797	965
3798	968
3799	976
3800	948
3801	904
3802	889
3803	1006
3804	849
3805	907
3806	879
3807	962
3808	980
3809	965
3810	994
3811	926
3812	955
3813	866
3814	840
3815	833
3816	1005
3817	890
3818	994
3819	867
3820	942
3821	915
3822	841
3823	929
3824	933
3825	893
3826	935
3827	908
3828	934
3829	865
3830	910
3831	860
3832	807
3833	851
3834	907
3835	953
3836	893
3837	877
3838	887
3839	810
3840	846
3841	882
3842	809
3843	830
3844	968
3845	902
3846	995
3847	904
3848	866
3849	874
3850	867
3851	899
3852	887
3853	855
3854	866
3855	993
3856	917
3857	820
3858	837
3859	894
3860	948
3861	815
3862	946
3863	865
3864	937
3865	880
3866	885
3867	899
3868	881
3869	840
3870	874
3871	886
3872	905
3873	868
3874	845
3875	884
3876	853
3877	856
3878	868
3879	844
3880	906
3881	985
3882	909
3883	1000
3884	882
3885	986
3886	912
3887	825
3888	931
3889	920
3890	878
3891	855
3892	845
3893	839
3894	863
3895	943
3896	974
3897	851
3898	970
3899	865
3900	942
3901	947
3902	992
3903	947
3904	895
3905	926
3906	847
3907	917
3908	865
3909	1005
3910	909
3911	911
3912	947
3913	929
3914	1032
3915	963
3916	1042
3917	933
3918	921
3919	1011
3920	1067
3921	1018
3922	934
3923	992
3924	970
3925	976
3926	1033
3927	1033
3928	938
3929	1031
3930	982
3931	969
3932	1094
3933	1001
3934	970
3935	1082
3936	1040
3937	1035
3938	959
3939	1011
3940	984
3941	932
3942	931
3943	1012
3944	945
3945	959
3946	983
3947	878
3948	1017
3949	921
3950	939
3951	875
3952	921
3953	948
3954	890
3955	963
3956	956
3957	946
3958	998
3959	996
3960	1006
3961	940
3962	918
3963	973
3964	949
3965	981
3966	968
3967	874
3968	1023
3969	1030
3970	986
3971	832
3972	921
3973	1035
3974	1024
3975	904
3976	950
3977	944
3978	944
3979	970
3980	1068
3981	916
3982	958
3983	958
3984	959
3985	967
3986	936
3987	943
3988	914
3989	884
3990	908
3991	918
3992	1013
3993	903
3994	892
3995	900
3996	846
3997	872
3998	929
3999	891
4000	883
4001	897
4002	916
4003	771
4004	869
4005	853
4006	807
4007	846
4008	834
4009	917
4010	967
4011	881
4012	868
4013	977
4014	1012
4015	921
4016	933
4017	936
4018	840
4019	912
4020	975
4021	913
4022	919
4023	922
4024	925
4025	906
4026	867
4027	950
4028	931
4029	885
4030	912
4031	939
4032	895
4033	979
4034	937
4035	1029
4036	902
4037	872
4038	931
4039	863
4040	874
4041	925
4042	900
4043	927
4044	909
4045	900
4046	903
4047	897
4048	923
4049	905
4050	934
4051	922
4052	878
4053	821
4054	879
4055	923
4056	816
4057	906
4058	870
4059	892
4060	968
4061	847
4062	838
4063	898
4064	825
4065	841
4066	913
4067	873
4068	964
4069	988
4070	978
4071	863
4072	949
4073	946
4074	809
4075	875
4076	879
4077	903
4078	957
4079	946
4080	855
4081	870
4082	854
4083	762
4084	790
4085	959
4086	855
4087	882
4088	817
4089	878
4090	909
4091	920
4092	859
4093	911
4094	907
4095	842
4096	924
4097	891
4098	986
4099	887
4100	912
4101	882
4102	857
4103	895
4104	832
4105	858
4106	893
4107	851
4108	877
4109	870
4110	866
4111	912
4112	855
4113	904
4114	919
4115	888
4116	953
4117	868
4118	776
4119	916
4120	893
4121	966
4122	900
4123	895
4124	873
4125	988
4126	861
4127	798
4128	998
4129	920
4130	808
4131	971
4132	899
4133	867
4134	918
4135	970
4136	796
4137	901
4138	877
4139	850
4140	870
4141	761
4142	888
4143	822
4144	807
4145	827
4146	833
4147	832
4148	865
4149	842
4150	824
4151	829
4152	867
4153	830
4154	946
4155	744
4156	783
4157	843
4158	820
4159	761
4160	849
4161	866
4162	892
4163	837
4164	857
4165	853
4166	765
4167	850
4168	879
4169	858
4170	797
4171	814
4172	863
4173	875
4174	876
4175	883
4176	886
4177	740
4178	877
4179	770
4180	848
4181	971
4182	847
4183	863
4184	891
4185	826
4186	770
4187	828
4188	829
4189	876
4190	843
4191	791
4192	809
4193	815
4194	774
4195	762
4196	798
4197	897
4198	831
4199	842
4200	796
4201	769
4202	815
4203	853
4204	814
4205	802
4206	681
4207	814
4208	817
4209	857
4210	777
4211	810
4212	893
4213	817
4214	830
4215	798
4216	872
4217	825
4218	783
4219	787
4220	778
4221	806
4222	795
4223	879
4224	819
4225	800
4226	933
4227	750
4228	811
4229	823
4230	791
4231	817
4232	840
4233	853
4234	816
4235	728
4236	832
4237	811
4238	767
4239	827
4240	781
4241	887
4242	843
4243	821
4244	789
4245	825
4246	771
4247	804
4248	840
4249	803
4250	775
4251	787
4252	904
4253	808
4254	816
4255	848
4256	781
4257	831
4258	857
4259	733
4260	796
4261	832
4262	829
4263	849
4264	769
4265	828
4266	827
4267	878
4268	823
4269	792
4270	898
4271	732
4272	853
4273	817
4274	902
4275	911
4276	854
4277	836
4278	889
4279	790
4280	790
4281	760
4282	912
4283	844
4284	898
4285	824
4286	868
4287	846
4288	791
4289	739
4290	828
4291	802
4292	873
4293	823
4294	848
4295	891
4296	860
4297	828
4298	840
4299	803
4300	911
4301	767
4302	762
4303	804
4304	828
4305	757
4306	816
4307	748
4308	821
4309	837
4310	787
4311	816
4312	749
4313	769
4314	764
4315	746
4316	835
4317	705
4318	756
4319	859
4320	806
4321	752
4322	779
4323	794
4324	855
4325	737
4326	814
4327	787
4328	748
4329	709
4330	778
4331	792
4332	745
4333	806
4334	764
4335	742
4336	769
4337	744
4338	809
4339	754
4340	676
4341	792
4342	788
4343	742
4344	731
4345	818
4346	752
4347	804
4348	719
4349	708
4350	718
4351	714
4352	783
4353	718
4354	698
4355	766
4356	707
4357	688
4358	663
4359	743
4360	713
4361	705
4362	655
4363	712
4364	724
4365	701
4366	689
4367	729
4368	756
4369	719
4370	809
4371	705
4372	693
4373	698
4374	716
4375	709
4376	723
4377	780
4378	682
4379	744
4380	743
4381	694
4382	776
4383	736
4384	774
4385	712
4386	747
4387	699
4388	724
4389	731
4390	756
4391	764
4392	746
4393	651
4394	702
4395	709
4396	702
4397	695
4398	705
4399	713
4400	698
4401	711
4402	685
4403	726
4404	750
4405	753
4406	783
4407	689
4408	697
4409	765
4410	651
4411	691
4412	728
4413	833
4414	682
4415	742
4416	722
4417	762
4418	739
4419	695
4420	705
4421	708
4422	684
4423	752
4424	724
4425	666
4426	766
4427	687
4428	614
4429	726
4430	745
4431	605
4432	645
4433	741
4434	687
4435	652
4436	750
4437	700
4438	631
4439	744
4440	629
4441	673
4442	696
4443	713
4444	663
4445	654
4446	644
4447	727
4448	708
4449	598
4450	654
4451	755
4452	730
4453	706
4454	651
4455	706
4456	620
4457	632
4458	573
4459	670
4460	690
4461	664
4462	601
4463	686
4464	670
4465	613
4466	720
4467	595
4468	719
4469	624
4470	646
4471	696
4472	685
4473	715
4474	641
4475	773
4476	701
4477	653
4478	721
4479	703
4480	675
4481	689
4482	677
4483	691
4484	678
4485	644
4486	688
4487	661
4488	656
4489	742
4490	684
4491	703
4492	641
4493	713
4494	654
4495	692
4496	637
4497	723
4498	628
4499	697
4500	621
4501	737
4502	675
4503	639
4504	771
4505	667
4506	703
4507	722
4508	643
4509	784
4510	700
4511	653
4512	671
4513	702
4514	711
4515	619
4516	684
4517	642
4518	680
4519	706
4520	703
4521	663
4522	711
4523	706
4524	762
4525	668
4526	731
4527	623
4528	667
4529	664
4530	650
4531	676
4532	669
4533	699
4534	717
4535	644
4536	694
4537	672
4538	635
4539	707
4540	673
4541	690
4542	640
4543	632
4544	684
4545	602
4546	695
4547	610
4548	721
4549	659
4550	627
4551	691
4552	736
4553	652
4554	600
4555	635
4556	718
4557	620
4558	644
4559	577
4560	673
4561	626
4562	621
4563	650
4564	606
4565	730
4566	610
4567	565
4568	605
4569	629
4570	591
4571	551
4572	571
4573	527
4574	598
4575	607
4576	646
4577	664
4578	683
4579	634
4580	642
4581	605
4582	576
4583	680
4584	623
4585	675
4586	653
4587	654
4588	715
4589	592
4590	599
4591	641
4592	591
4593	686
4594	665
4595	658
4596	690
4597	612
4598	652
4599	642
4600	699
4601	674
4602	667
4603	659
4604	681
4605	713
4606	626
4607	698
4608	615
4609	626
4610	650
4611	673
4612	634
4613	723
4614	641
4615	646
4616	634
4617	710
4618	672
4619	683
4620	637
4621	677
4622	725
4623	699
4624	713
4625	670
4626	689
4627	690
4628	742
4629	716
4630	749
4631	791
4632	694
4633	704
4634	770
4635	721
4636	666
4637	684
4638	696
4639	678
4640	752
4641	715
4642	736
4643	726
4644	741
4645	691
4646	649
4647	752
4648	690
4649	717
4650	759
4651	667
4652	792
4653	640
4654	717
4655	721
4656	765
4657	689
4658	664
4659	666
4660	816
4661	702
4662	760
4663	744
4664	661
4665	674
4666	678
4667	677
4668	719
4669	648
4670	721
4671	672
4672	730
4673	718
4674	738
4675	650
4676	745
4677	714
4678	606
4679	579
4680	768
4681	703
4682	720
4683	743
4684	700
4685	807
4686	669
4687	700
4688	659
4689	683
4690	725
4691	687
4692	788
4693	705
4694	672
4695	654
4696	685
4697	655
4698	750
4699	716
4700	706
4701	699
4702	703
4703	677
4704	708
4705	748
4706	667
4707	638
4708	709
4709	682
4710	634
4711	663
4712	765
4713	700
4714	712
4715	713
4716	697
4717	667
4718	645
4719	738
4720	670
4721	673
4722	664
4723	634
4724	631
4725	649
4726	744
4727	633
4728	660
4729	730
4730	668
4731	714
4732	675
4733	666
4734	672
4735	644
4736	650
4737	644
4738	658
4739	742
4740	694
4741	683
4742	672
4743	599
4744	612
4745	683
4746	642
4747	660
4748	711
4749	663
4750	726
4751	693
4752	824
4753	719
4754	631
4755	751
4756	699
4757	684
4758	778
4759	766
4760	762
4761	787
4762	757
4763	759
4764	764
4765	697
4766	713
4767	663
4768	768
4769	693
4770	687
4771	699
4772	822
4773	705
4774	663
4775	710
4776	729
4777	736
4778	819
4779	773
4780	662
4781	783
4782	746
4783	691
4784	672
4785	785
4786	793
4787	756
4788	659
4789	714
4790	617
4791	739
4792	775
4793	673
4794	796
4795	692
4796	760
4797	665
4798	840
4799	688
4800	775
4801	689
4802	694
4803	677
4804	711
4805	700
4806	686
4807	657
4808	734
4809	669
4810	686
4811	685
4812	629
4813	700
4814	690
4815	690
4816	739
4817	761
4818	691
4819	687
4820	679
4821	656
4822	707
4823	708
4824	720
4825	694
4826	667
4827	715
4828	721
4829	821
4830	710
4831	668
4832	773
4833	682
4834	705
4835	702
4836	736
4837	774
4838	692
4839	784
4840	880
4841	740
4842	833
4843	799
4844	757
4845	759
4846	725
4847	755
4848	668
4849	733
4850	826
4851	734
4852	876
4853	910
4854	1173
4855	775
4856	662
4857	732
4858	696
4859	680
4860	639
4861	708
4862	753
4863	736
4864	708
4865	676
4866	677
4867	725
4868	615
4869	710
4870	636
4871	694
4872	666
4873	641
4874	682
4875	596
4876	636
4877	663
4878	708
4879	671
4880	594
4881	640
4882	615
4883	655
4884	668
4885	596
4886	624
4887	646
4888	727
4889	646
4890	592
4891	692
4892	666
4893	614
4894	635
4895	572
4896	572
4897	585
4898	676
4899	665
4900	678
4901	633
4902	643
4903	617
4904	613
4905	678
4906	634
4907	618
4908	700
4909	639
4910	657
4911	643
4912	655
4913	636
4914	610
4915	652
4916	631
4917	643
4918	716
4919	605
4920	593
4921	641
4922	596
4923	559
4924	604
4925	609
4926	628
4927	657
4928	601
4929	574
4930	661
4931	612
4932	616
4933	677
4934	661
4935	618
4936	610
4937	588
4938	613
4939	685
4940	655
4941	578
4942	602
4943	609
4944	629
4945	606
4946	664
4947	671
4948	634
4949	650
4950	628
4951	615
4952	594
4953	619
4954	654
4955	545
4956	595
4957	554
4958	629
4959	728
4960	622
4961	595
4962	644
4963	711
4964	651
4965	630
4966	637
4967	643
4968	609
4969	653
4970	668
4971	658
4972	661
4973	661
4974	662
4975	526
4976	640
4977	598
4978	581
4979	600
4980	548
4981	614
4982	538
4983	559
4984	647
4985	571
4986	575
4987	598
4988	653
4989	665
4990	603
4991	578
4992	577
4993	609
4994	602
4995	583
4996	593
4997	657
4998	524
4999	592
5000	624
5001	638
5002	546
5003	619
5004	544
5005	610
5006	612
5007	584
5008	617
5009	550
5010	615
5011	633
5012	578
5013	606
5014	670
5015	581
5016	543
5017	545
5018	566
5019	546
5020	642
5021	643
5022	582
5023	593
5024	572
5025	568
5026	574
5027	643
5028	591
5029	550
5030	619
5031	513
5032	614
5033	547
5034	554
5035	549
5036	582
5037	562
5038	649
5039	563
5040	605
5041	572
5042	600
5043	594
5044	534
5045	585
5046	501
5047	598
5048	589
5049	529
5050	535
5051	596
5052	533
5053	587
5054	613
5055	593
5056	542
5057	638
5058	609
5059	583
5060	585
5061	605
5062	578
5063	601
5064	572
5065	515
5066	539
5067	586
5068	583
5069	589
5070	581
5071	563
5072	589
5073	561
5074	520
5075	565
5076	603
5077	600
5078	523
5079	503
5080	545
5081	536
5082	566
5083	543
5084	530
5085	567
5086	543
5087	579
5088	597
5089	554
5090	580
5091	585
5092	506
5093	565
5094	601
5095	584
5096	563
5097	556
5098	523
5099	614
5100	605
5101	611
5102	572
5103	628
5104	564
5105	526
5106	550
5107	561
5108	569
5109	557
5110	557
5111	600
5112	579
5113	589
5114	574
5115	579
5116	507
5117	577
5118	565
5119	550
5120	517
5121	615
5122	499
5123	536
5124	519
5125	554
5126	631
5127	594
5128	505
5129	585
5130	571
5131	574
5132	554
5133	549
5134	570
5135	503
5136	552
5137	544
5138	581
5139	594
5140	526
5141	532
5142	533
5143	558
5144	545
5145	625
5146	555
5147	543
5148	508
5149	637
5150	529
5151	612
5152	585
5153	595
5154	461
5155	517
5156	601
5157	607
5158	576
5159	597
5160	532
5161	590
5162	567
5163	488
5164	562
5165	588
5166	595

