## htsjdk.samtools.metrics.StringHeader
# CollectInsertSizeMetrics HISTOGRAM_FILE=/work/ugbogu/pipeline/data/nbl/GSE189367/results/picard/SRR17011029_insert_size_histogram.pdf MINIMUM_PCT=0.5 INPUT=/work/ugbogu/pipeline/data/nbl/GSE189367/results/star/SRR17011029.Aligned.sortedByCoord.out.bam OUTPUT=/work/ugbogu/pipeline/data/nbl/GSE189367/results/picard/SRR17011029_insert_size_metrics.txt    DEVIATIONS=10.0 METRIC_ACCUMULATION_LEVEL=[ALL_READS] INCLUDE_DUPLICATES=false ASSUME_SORTED=true STOP_AFTER=0 VERBOSITY=INFO QUIET=false VALIDATION_STRINGENCY=STRICT COMPRESSION_LEVEL=5 MAX_RECORDS_IN_RAM=500000 CREATE_INDEX=false CREATE_MD5_FILE=false USE_JDK_DEFLATER=false USE_JDK_INFLATER=false
## htsjdk.samtools.metrics.StringHeader
# Started on: Thu Apr 16 01:26:24 UTC 2026

## METRICS CLASS	picard.analysis.InsertSizeMetrics
MEDIAN_INSERT_SIZE	MODE_INSERT_SIZE	MEDIAN_ABSOLUTE_DEVIATION	MIN_INSERT_SIZE	MAX_INSERT_SIZE	MEAN_INSERT_SIZE	STANDARD_DEVIATION	READ_PAIRS	PAIR_ORIENTATION	WIDTH_OF_10_PERCENT	WIDTH_OF_20_PERCENT	WIDTH_OF_30_PERCENT	WIDTH_OF_40_PERCENT	WIDTH_OF_50_PERCENT	WIDTH_OF_60_PERCENT	WIDTH_OF_70_PERCENT	WIDTH_OF_80_PERCENT	WIDTH_OF_90_PERCENT	WIDTH_OF_95_PERCENT	WIDTH_OF_99_PERCENT	SAMPLE	LIBRARY	READ_GROUP
547	153	419	26	3029298	899.863031	1122.830026	48372922	FR	431	617	715	781	839	1363	3523	7803	21781	67715	169331			

## HISTOGRAM	java.lang.Integer
insert_size	All_Reads.fr_count
26	1
27	3
28	3
29	10
30	10
31	18
32	12
33	32
34	55
35	471
36	473
37	561
38	597
39	541
40	644
41	559
42	634
43	669
44	577
45	650
46	819
47	783
48	810
49	818
50	824
51	895
52	951
53	988
54	941
55	1044
56	1231
57	1307
58	1563
59	1519
60	1661
61	1750
62	1922
63	2089
64	2018
65	2408
66	2653
67	3019
68	3274
69	3172
70	3732
71	4614
72	4310
73	5269
74	5540
75	11203
76	6311
77	6168
78	6838
79	7602
80	8038
81	8872
82	9579
83	10751
84	11698
85	13204
86	14463
87	15346
88	17175
89	18206
90	20068
91	23012
92	24814
93	26123
94	28795
95	31448
96	34088
97	38034
98	41401
99	43306
100	44603
101	48018
102	51511
103	55230
104	60291
105	64931
106	67679
107	73007
108	76299
109	80016
110	84485
111	86240
112	91927
113	94820
114	97735
115	104036
116	109752
117	114860
118	123878
119	118420
120	127377
121	135060
122	129843
123	132534
124	133984
125	134169
126	135766
127	142745
128	143622
129	153044
130	149360
131	154887
132	151987
133	153683
134	155929
135	155402
136	158565
137	159697
138	158594
139	160531
140	160417
141	162539
142	160671
143	159258
144	163647
145	162911
146	159448
147	163621
148	162111
149	161632
150	160845
151	162463
152	163783
153	166747
154	159443
155	158565
156	156996
157	157241
158	156628
159	155724
160	153143
161	152540
162	153343
163	150377
164	148090
165	148039
166	150275
167	148932
168	146419
169	145974
170	144970
171	141366
172	142573
173	140824
174	138570
175	139145
176	136054
177	132827
178	133810
179	132617
180	131981
181	129176
182	128891
183	126026
184	124784
185	124293
186	122133
187	121061
188	119392
189	116169
190	117559
191	117687
192	115543
193	113688
194	112362
195	111406
196	109862
197	109503
198	107273
199	107023
200	106856
201	105944
202	105126
203	104641
204	102032
205	101561
206	100795
207	97970
208	97004
209	96987
210	94199
211	94377
212	94268
213	91578
214	90963
215	90395
216	88813
217	88491
218	86836
219	86960
220	86374
221	85671
222	83224
223	82681
224	81484
225	81963
226	81474
227	80587
228	79300
229	78879
230	77417
231	75973
232	75559
233	74264
234	73990
235	73762
236	72956
237	71201
238	70322
239	69850
240	68997
241	69030
242	68428
243	66729
244	66943
245	66670
246	64387
247	63528
248	63236
249	61828
250	61881
251	62176
252	60614
253	60656
254	59527
255	59580
256	58345
257	57992
258	57549
259	56217
260	56599
261	55467
262	54982
263	55335
264	53675
265	53128
266	52458
267	51695
268	52083
269	51293
270	51017
271	49473
272	48800
273	49040
274	49244
275	48585
276	47233
277	47129
278	46369
279	46142
280	45251
281	45288
282	45622
283	44622
284	44092
285	43933
286	43455
287	42390
288	41857
289	40981
290	40204
291	41103
292	40432
293	39874
294	40029
295	38751
296	38701
297	37817
298	37444
299	36890
300	36127
301	36214
302	35972
303	35040
304	35328
305	34545
306	33992
307	33753
308	34087
309	32929
310	32677
311	31912
312	31897
313	32024
314	32580
315	31097
316	31178
317	30865
318	29505
319	29064
320	29488
321	29130
322	28884
323	28865
324	29067
325	28427
326	27519
327	27512
328	27439
329	27043
330	26474
331	26521
332	25976
333	25467
334	25756
335	24768
336	25452
337	24716
338	24540
339	24235
340	24185
341	24277
342	23770
343	23264
344	23548
345	22781
346	23194
347	23061
348	22142
349	21957
350	21778
351	21530
352	21884
353	21560
354	21218
355	20710
356	20746
357	21150
358	20226
359	20422
360	19929
361	20155
362	19744
363	19757
364	19458
365	19514
366	19713
367	19429
368	19263
369	18989
370	18711
371	18380
372	17848
373	18064
374	17938
375	18441
376	17836
377	17793
378	17350
379	17554
380	17231
381	17629
382	16744
383	16751
384	16818
385	16775
386	16755
387	17070
388	16221
389	16147
390	15803
391	16105
392	16256
393	15926
394	15711
395	15287
396	15608
397	15580
398	15494
399	15272
400	15315
401	15200
402	14994
403	14710
404	14487
405	14423
406	14330
407	14479
408	14486
409	14120
410	14091
411	14454
412	14114
413	13735
414	14309
415	13662
416	13625
417	13930
418	13615
419	13354
420	13172
421	13084
422	12785
423	13146
424	13087
425	12779
426	12922
427	12912
428	13033
429	12728
430	12651
431	12439
432	12571
433	13062
434	12707
435	12533
436	12383
437	12424
438	12280
439	12245
440	12384
441	12409
442	12296
443	12038
444	12220
445	12009
446	12086
447	12216
448	11988
449	12092
450	11828
451	11768
452	11913
453	11827
454	11996
455	11607
456	11371
457	11675
458	11537
459	11569
460	11465
461	11484
462	11229
463	11154
464	11435
465	11211
466	11266
467	11004
468	10914
469	11094
470	10925
471	11009
472	10811
473	10790
474	10875
475	10902
476	10710
477	10946
478	10335
479	10555
480	10445
481	10459
482	10703
483	10392
484	10401
485	10547
486	10508
487	10372
488	10198
489	10230
490	10448
491	10404
492	10380
493	10388
494	10265
495	10107
496	10043
497	10223
498	10270
499	10260
500	9864
501	10107
502	10150
503	9618
504	9926
505	10038
506	10089
507	10209
508	9857
509	10409
510	10003
511	9899
512	10053
513	9852
514	9842
515	10027
516	9910
517	9571
518	9834
519	10007
520	9790
521	9568
522	9936
523	10042
524	9668
525	9867
526	9769
527	9934
528	9804
529	9692
530	9535
531	9877
532	9841
533	9684
534	9620
535	10171
536	10020
537	9726
538	9714
539	10021
540	9887
541	9607
542	9690
543	9966
544	9624
545	9497
546	9651
547	9546
548	9573
549	9620
550	9605
551	9362
552	9657
553	9397
554	9300
555	9433
556	9245
557	9387
558	9467
559	9479
560	9354
561	9250
562	9330
563	9530
564	9472
565	9466
566	9361
567	9232
568	9282
569	9253
570	9077
571	9524
572	9279
573	9353
574	9147
575	9206
576	9292
577	9470
578	9208
579	8941
580	9098
581	9200
582	9136
583	9011
584	8830
585	9075
586	9178
587	9096
588	9022
589	8991
590	9057
591	9029
592	9335
593	9050
594	9012
595	9125
596	9298
597	9064
598	9137
599	9085
600	9208
601	8951
602	9030
603	8956
604	8863
605	9024
606	8788
607	8775
608	8721
609	8900
610	8803
611	8783
612	8684
613	9135
614	8900
615	8915
616	8581
617	8676
618	8907
619	8673
620	8567
621	8582
622	8626
623	8701
624	8906
625	8802
626	8437
627	8650
628	8600
629	8597
630	8609
631	8450
632	8749
633	8798
634	8625
635	8648
636	8531
637	8602
638	8544
639	8614
640	8691
641	8528
642	8477
643	8425
644	8549
645	8475
646	8520
647	8366
648	8521
649	8619
650	8332
651	8382
652	8559
653	8361
654	8424
655	8483
656	8488
657	8073
658	8449
659	8490
660	8332
661	8417
662	8768
663	8286
664	8507
665	8365
666	8444
667	8351
668	8486
669	8368
670	8419
671	8000
672	8117
673	8164
674	8099
675	8175
676	8125
677	8140
678	8209
679	8160
680	8170
681	8330
682	8401
683	8330
684	8353
685	8224
686	7958
687	8236
688	8070
689	8188
690	8257
691	8086
692	8264
693	8099
694	7798
695	8093
696	8093
697	7838
698	8193
699	8417
700	8315
701	8263
702	8360
703	8236
704	7880
705	7759
706	8057
707	7909
708	8081
709	8150
710	8132
711	8169
712	8269
713	8003
714	7937
715	7773
716	7989
717	8167
718	7966
719	8087
720	7921
721	7905
722	8031
723	8107
724	8004
725	7853
726	7973
727	7964
728	7809
729	7925
730	7907
731	7685
732	7927
733	7813
734	7902
735	8100
736	7837
737	7689
738	7613
739	7701
740	7931
741	7825
742	7977
743	7780
744	8065
745	7816
746	7476
747	7791
748	7727
749	7781
750	7755
751	7772
752	7963
753	7929
754	7868
755	7670
756	7748
757	7813
758	7847
759	7904
760	7719
761	7689
762	7599
763	7710
764	7853
765	7631
766	7924
767	7783
768	7759
769	7641
770	7569
771	7789
772	7815
773	7672
774	7719
775	7657
776	7589
777	7892
778	7762
779	7591
780	7772
781	7865
782	7679
783	7631
784	7749
785	7737
786	7800
787	7956
788	7806
789	7680
790	7555
791	8083
792	7720
793	7660
794	7566
795	7473
796	7652
797	7534
798	7605
799	7508
800	7321
801	7427
802	7297
803	7453
804	7524
805	7407
806	7314
807	7505
808	7332
809	7467
810	7387
811	7115
812	7401
813	7119
814	7352
815	7249
816	7360
817	7284
818	7296
819	7139
820	7359
821	7370
822	7406
823	7155
824	7216
825	7208
826	7354
827	7176
828	7238
829	7281
830	7241
831	7188
832	7143
833	7234
834	7300
835	7258
836	7460
837	7547
838	7183
839	7167
840	7119
841	7159
842	7097
843	7300
844	7017
845	6967
846	7284
847	7403
848	7024
849	7072
850	7159
851	7261
852	7244
853	6971
854	7260
855	6922
856	7003
857	7217
858	7001
859	7233
860	7228
861	7189
862	6943
863	7140
864	7168
865	6954
866	7281
867	6942
868	7273
869	7273
870	7299
871	7370
872	7013
873	7029
874	6884
875	6943
876	7544
877	7203
878	7243
879	7101
880	7093
881	6989
882	7126
883	6969
884	6961
885	7064
886	6808
887	6911
888	6888
889	6939
890	7061
891	6955
892	6930
893	6666
894	6800
895	7002
896	6882
897	7079
898	6909
899	6772
900	6842
901	6812
902	6832
903	6801
904	6779
905	6781
906	6772
907	6928
908	6960
909	6974
910	6883
911	6911
912	6973
913	6916
914	6687
915	6835
916	7067
917	7010
918	6725
919	6940
920	7006
921	6843
922	6796
923	6863
924	7035
925	6922
926	6575
927	6912
928	6916
929	6997
930	6947
931	6763
932	6804
933	6575
934	6850
935	6954
936	6793
937	6821
938	6752
939	6809
940	6892
941	6766
942	6677
943	6601
944	6658
945	6531
946	6637
947	6595
948	6804
949	6568
950	6453
951	6330
952	6709
953	6489
954	6522
955	6577
956	6619
957	6711
958	6438
959	6605
960	6556
961	6652
962	6709
963	6827
964	6673
965	6845
966	6626
967	6409
968	6407
969	6482
970	6777
971	6735
972	6658
973	6601
974	6865
975	6689
976	6588
977	6704
978	6514
979	6544
980	6504
981	6255
982	6365
983	6565
984	6517
985	6474
986	6624
987	6591
988	6626
989	6553
990	6476
991	6499
992	6762
993	6465
994	6577
995	6476
996	6365
997	6404
998	6544
999	6466
1000	6490
1001	6510
1002	6644
1003	6514
1004	6545
1005	6490
1006	6621
1007	6218
1008	6308
1009	6292
1010	6296
1011	6521
1012	6465
1013	6374
1014	6698
1015	6416
1016	6289
1017	6426
1018	6379
1019	6523
1020	6324
1021	6571
1022	6358
1023	6460
1024	6340
1025	6357
1026	6185
1027	6185
1028	6132
1029	6116
1030	6171
1031	6510
1032	6163
1033	6293
1034	6427
1035	6242
1036	6009
1037	6102
1038	6276
1039	6158
1040	6213
1041	6217
1042	6240
1043	6222
1044	6197
1045	6247
1046	6437
1047	6182
1048	6239
1049	6115
1050	6225
1051	6176
1052	6445
1053	6151
1054	5997
1055	6014
1056	6173
1057	6185
1058	6110
1059	6128
1060	5989
1061	6066
1062	5886
1063	6075
1064	5987
1065	5885
1066	6056
1067	6058
1068	5931
1069	5971
1070	5918
1071	6311
1072	5891
1073	6078
1074	6139
1075	5752
1076	5734
1077	6019
1078	6200
1079	6005
1080	5714
1081	5912
1082	5801
1083	5962
1084	6083
1085	5774
1086	5853
1087	5683
1088	5797
1089	5967
1090	5596
1091	5665
1092	5929
1093	5870
1094	6185
1095	5962
1096	5783
1097	5694
1098	5714
1099	5692
1100	5475
1101	5603
1102	5637
1103	5455
1104	5758
1105	5693
1106	5608
1107	5763
1108	5773
1109	5918
1110	5888
1111	5736
1112	5734
1113	5674
1114	5535
1115	5576
1116	5643
1117	5709
1118	5678
1119	5648
1120	5605
1121	5613
1122	5691
1123	5589
1124	5711
1125	5546
1126	5635
1127	5896
1128	5553
1129	5542
1130	5724
1131	5533
1132	5637
1133	5575
1134	5454
1135	5506
1136	5546
1137	5560
1138	5522
1139	5689
1140	5537
1141	6046
1142	5672
1143	5476
1144	5607
1145	5475
1146	5536
1147	5557
1148	5671
1149	5729
1150	5626
1151	5689
1152	5774
1153	5671
1154	5616
1155	5533
1156	5605
1157	5643
1158	5745
1159	5699
1160	5527
1161	5694
1162	5707
1163	5624
1164	5806
1165	5748
1166	5763
1167	5618
1168	5664
1169	5480
1170	5608
1171	5703
1172	5541
1173	5716
1174	5666
1175	5621
1176	5468
1177	5591
1178	5746
1179	5624
1180	5738
1181	5442
1182	5690
1183	5483
1184	5607
1185	5524
1186	5643
1187	5553
1188	5452
1189	5448
1190	5714
1191	5529
1192	5708
1193	5657
1194	5702
1195	5534
1196	5516
1197	5625
1198	5523
1199	5495
1200	5529
1201	5418
1202	5422
1203	5646
1204	5716
1205	5619
1206	5605
1207	5536
1208	5703
1209	5635
1210	5589
1211	5548
1212	5628
1213	5622
1214	5554
1215	5750
1216	5524
1217	5689
1218	5500
1219	5731
1220	5626
1221	5618
1222	5864
1223	5562
1224	5891
1225	5907
1226	5499
1227	5661
1228	5619
1229	5723
1230	5800
1231	5779
1232	5656
1233	5603
1234	5861
1235	5724
1236	5910
1237	5732
1238	5766
1239	5727
1240	5644
1241	6014
1242	5834
1243	5722
1244	5463
1245	5639
1246	5757
1247	5963
1248	5478
1249	5863
1250	5808
1251	5932
1252	5922
1253	6024
1254	5905
1255	5876
1256	5886
1257	5759
1258	5849
1259	5608
1260	5731
1261	5864
1262	5794
1263	6134
1264	5859
1265	5719
1266	5703
1267	5871
1268	5695
1269	5839
1270	5780
1271	5603
1272	5683
1273	5783
1274	5603
1275	5621
1276	5683
1277	5558
1278	5735
1279	5673
1280	5728
1281	5522
1282	5749
1283	5534
1284	5549
1285	5522
1286	5834
1287	5400
1288	5835
1289	5664
1290	5699
1291	5653
1292	5504
1293	5623
1294	5533
1295	5568
1296	5579
1297	5615
1298	5638
1299	5821
1300	5716
1301	6107
1302	5792
1303	5907
1304	5771
1305	5972
1306	5693
1307	5752
1308	5854
1309	6244
1310	6189
1311	5926
1312	5926
1313	6142
1314	6489
1315	6253
1316	6345
1317	6017
1318	6140
1319	6038
1320	5853
1321	6672
1322	6546
1323	6509
1324	7891
1325	7701
1326	6838
1327	5937
1328	5817
1329	6002
1330	5708
1331	7000
1332	6804
1333	6286
1334	6605
1335	6395
1336	6058
1337	5667
1338	5757
1339	5718
1340	5765
1341	6593
1342	6922
1343	5826
1344	5251
1345	5404
1346	5288
1347	5384
1348	5161
1349	5356
1350	5218
1351	5361
1352	5269
1353	5259
1354	4994
1355	5137
1356	4976
1357	5150
1358	5093
1359	5059
1360	5047
1361	5110
1362	5116
1363	5090
1364	5056
1365	5027
1366	5043
1367	4991
1368	5121
1369	5115
1370	5251
1371	4914
1372	5004
1373	5117
1374	4864
1375	5092
1376	5196
1377	4986
1378	5019
1379	4962
1380	4956
1381	5039
1382	5133
1383	5008
1384	5048
1385	5173
1386	5141
1387	5054
1388	4997
1389	4769
1390	4879
1391	5081
1392	5295
1393	5002
1394	4970
1395	5152
1396	4965
1397	4973
1398	4783
1399	4885
1400	5049
1401	4990
1402	4965
1403	4863
1404	4917
1405	4953
1406	4872
1407	5009
1408	4907
1409	4825
1410	4777
1411	4794
1412	4981
1413	5001
1414	4792
1415	4879
1416	4806
1417	4733
1418	4841
1419	4903
1420	4809
1421	4882
1422	4742
1423	4809
1424	4819
1425	4846
1426	4785
1427	4722
1428	4967
1429	4695
1430	4734
1431	4799
1432	4618
1433	4810
1434	4906
1435	4681
1436	4783
1437	4769
1438	4845
1439	4814
1440	4795
1441	5000
1442	4831
1443	4788
1444	4939
1445	5019
1446	4872
1447	4976
1448	4993
1449	4678
1450	4954
1451	4652
1452	5058
1453	4947
1454	5020
1455	4882
1456	4819
1457	4833
1458	4835
1459	4719
1460	4883
1461	5077
1462	4940
1463	4823
1464	4693
1465	4736
1466	4936
1467	4760
1468	4700
1469	4732
1470	4983
1471	4888
1472	4889
1473	4899
1474	4857
1475	4945
1476	4818
1477	4918
1478	4802
1479	4827
1480	4956
1481	5019
1482	4964
1483	4901
1484	4998
1485	4783
1486	4787
1487	4686
1488	4692
1489	4923
1490	5037
1491	5040
1492	4905
1493	4851
1494	4819
1495	4885
1496	4851
1497	4914
1498	5095
1499	5450
1500	5209
1501	5061
1502	4848
1503	4970
1504	5202
1505	5129
1506	5144
1507	5213
1508	5002
1509	5065
1510	5342
1511	5012
1512	5139
1513	5008
1514	5155
1515	5150
1516	5439
1517	5281
1518	4996
1519	5083
1520	5070
1521	5088
1522	5031
1523	5245
1524	5271
1525	5371
1526	5227
1527	5068
1528	5174
1529	5020
1530	5227
1531	5380
1532	4913
1533	4973
1534	5292
1535	5151
1536	5190
1537	5286
1538	5151
1539	5184
1540	5081
1541	4987
1542	4981
1543	4819
1544	5260
1545	5305
1546	5288
1547	5177
1548	5072
1549	5104
1550	5195
1551	5131
1552	5274
1553	5231
1554	5180
1555	5239
1556	5138
1557	5449
1558	5351
1559	5207
1560	4949
1561	5007
1562	5053
1563	5125
1564	5255
1565	5301
1566	5173
1567	5258
1568	4966
1569	4915
1570	5365
1571	5207
1572	5212
1573	5020
1574	5157
1575	5085
1576	5084
1577	4946
1578	5001
1579	4885
1580	5112
1581	5030
1582	4999
1583	5086
1584	5172
1585	5077
1586	5116
1587	5006
1588	4812
1589	4788
1590	4918
1591	5023
1592	4929
1593	4862
1594	4788
1595	4933
1596	4868
1597	4781
1598	5070
1599	5073
1600	4990
1601	5201
1602	4955
1603	5005
1604	4868
1605	4822
1606	4733
1607	4985
1608	4949
1609	4784
1610	4830
1611	4708
1612	4827
1613	4765
1614	5015
1615	4986
1616	4885
1617	4878
1618	4671
1619	4763
1620	4806
1621	4808
1622	4748
1623	4659
1624	4785
1625	4658
1626	4749
1627	4665
1628	4650
1629	4790
1630	4651
1631	4753
1632	4732
1633	4633
1634	5001
1635	4661
1636	4698
1637	4808
1638	4564
1639	4631
1640	4712
1641	4675
1642	4653
1643	4662
1644	4731
1645	4658
1646	4537
1647	4446
1648	4674
1649	4645
1650	4681
1651	4555
1652	4446
1653	4524
1654	4582
1655	4575
1656	4772
1657	4783
1658	4802
1659	4896
1660	4615
1661	4725
1662	4870
1663	4786
1664	4580
1665	4818
1666	4662
1667	4697
1668	4843
1669	4755
1670	4684
1671	4804
1672	4721
1673	4537
1674	4674
1675	4703
1676	4525
1677	4629
1678	4621
1679	4698
1680	4720
1681	4634
1682	4405
1683	4595
1684	4443
1685	4494
1686	4540
1687	4505
1688	4808
1689	4415
1690	4441
1691	4664
1692	4516
1693	4518
1694	4483
1695	4431
1696	4492
1697	4525
1698	4560
1699	4513
1700	4537
1701	4436
1702	4652
1703	4558
1704	4568
1705	4467
1706	4516
1707	4578
1708	4581
1709	4532
1710	4673
1711	4412
1712	4512
1713	4458
1714	4571
1715	4800
1716	4655
1717	4368
1718	4322
1719	4399
1720	4513
1721	4648
1722	4609
1723	4395
1724	4702
1725	4608
1726	4568
1727	4650
1728	4541
1729	4554
1730	4679
1731	4598
1732	4563
1733	4551
1734	4640
1735	4383
1736	4477
1737	4663
1738	4466
1739	4354
1740	4532
1741	4524
1742	4488
1743	4307
1744	4324
1745	4445
1746	4316
1747	4422
1748	4570
1749	4669
1750	4443
1751	4524
1752	4527
1753	4668
1754	4454
1755	4412
1756	4399
1757	4525
1758	4511
1759	4645
1760	4528
1761	4282
1762	4415
1763	4394
1764	4411
1765	4393
1766	4279
1767	4416
1768	4486
1769	4464
1770	4510
1771	4478
1772	4531
1773	4194
1774	4539
1775	4376
1776	4279
1777	4316
1778	4450
1779	4203
1780	4379
1781	4093
1782	4135
1783	4213
1784	4177
1785	4197
1786	4210
1787	4074
1788	4268
1789	4265
1790	4200
1791	4142
1792	4175
1793	4191
1794	4132
1795	4209
1796	4064
1797	4293
1798	4222
1799	4008
1800	4241
1801	4204
1802	4290
1803	4145
1804	4206
1805	4044
1806	4084
1807	3929
1808	4137
1809	4036
1810	3996
1811	3988
1812	4071
1813	4168
1814	4123
1815	3857
1816	3873
1817	4061
1818	3956
1819	3985
1820	3907
1821	4016
1822	3965
1823	4047
1824	4097
1825	4060
1826	4027
1827	3831
1828	3899
1829	3881
1830	3946
1831	3888
1832	3874
1833	3774
1834	4035
1835	3939
1836	3934
1837	3770
1838	3827
1839	3789
1840	3842
1841	3738
1842	3770
1843	3791
1844	3666
1845	3794
1846	3933
1847	3669
1848	3968
1849	3894
1850	3754
1851	3747
1852	3856
1853	3746
1854	3922
1855	3827
1856	3856
1857	3919
1858	3805
1859	3727
1860	3891
1861	4020
1862	4000
1863	3889
1864	3890
1865	3899
1866	3854
1867	3822
1868	3864
1869	3909
1870	3885
1871	3904
1872	3825
1873	3869
1874	3858
1875	3831
1876	3922
1877	3748
1878	3729
1879	3869
1880	3750
1881	3727
1882	3867
1883	3893
1884	3729
1885	3961
1886	3688
1887	3877
1888	3807
1889	3929
1890	3859
1891	3855
1892	3807
1893	3882
1894	3864
1895	4009
1896	4042
1897	3889
1898	4160
1899	3956
1900	4066
1901	3873
1902	3851
1903	4033
1904	3949
1905	3885
1906	3835
1907	3810
1908	3921
1909	3908
1910	3778
1911	3950
1912	3830
1913	3971
1914	3939
1915	3988
1916	4009
1917	3955
1918	3904
1919	4073
1920	3942
1921	4171
1922	4168
1923	3988
1924	4152
1925	4086
1926	4088
1927	4023
1928	3951
1929	4057
1930	4223
1931	3950
1932	4044
1933	3903
1934	4026
1935	3931
1936	4040
1937	4139
1938	4060
1939	3976
1940	3902
1941	3890
1942	4033
1943	4013
1944	3936
1945	4149
1946	4150
1947	4112
1948	4234
1949	4107
1950	4024
1951	3994
1952	4010
1953	4117
1954	4123
1955	4009
1956	3910
1957	4203
1958	4020
1959	4272
1960	3977
1961	4282
1962	4080
1963	4163
1964	3955
1965	4120
1966	4186
1967	4109
1968	4223
1969	4142
1970	4163
1971	4187
1972	4064
1973	4146
1974	4072
1975	4048
1976	4031
1977	4180
1978	4082
1979	4284
1980	4077
1981	4260
1982	4163
1983	4268
1984	4227
1985	4093
1986	4193
1987	4008
1988	4161
1989	4056
1990	4469
1991	4336
1992	4245
1993	4344
1994	4331
1995	4017
1996	4179
1997	4207
1998	4203
1999	4363
2000	4436
2001	4301
2002	4358
2003	4371
2004	4269
2005	4256
2006	4201
2007	4304
2008	4430
2009	4319
2010	4304
2011	4146
2012	4346
2013	4471
2014	4375
2015	4263
2016	4284
2017	4343
2018	4348
2019	4183
2020	4192
2021	4142
2022	4358
2023	4108
2024	4219
2025	4177
2026	4134
2027	4300
2028	4399
2029	4253
2030	4160
2031	4379
2032	4298
2033	4064
2034	4214
2035	4149
2036	4177
2037	4264
2038	4300
2039	4118
2040	4114
2041	4180
2042	4121
2043	4328
2044	4194
2045	4084
2046	4011
2047	4105
2048	4297
2049	4148
2050	4277
2051	4095
2052	4172
2053	4155
2054	4322
2055	4118
2056	4000
2057	4172
2058	4139
2059	4298
2060	4092
2061	4019
2062	4050
2063	4091
2064	3986
2065	4045
2066	4157
2067	4055
2068	3964
2069	4161
2070	4151
2071	4122
2072	4101
2073	4043
2074	4088
2075	4003
2076	3815
2077	3725
2078	3844
2079	3932
2080	4059
2081	3990
2082	4100
2083	3962
2084	3769
2085	3853
2086	3870
2087	3766
2088	3912
2089	3976
2090	4073
2091	4123
2092	3861
2093	3906
2094	3771
2095	4016
2096	3842
2097	3878
2098	3894
2099	3888
2100	3844
2101	3839
2102	3842
2103	3654
2104	3660
2105	3821
2106	3858
2107	3961
2108	3929
2109	3734
2110	3793
2111	3816
2112	3707
2113	3800
2114	3691
2115	3786
2116	3818
2117	3741
2118	3584
2119	3863
2120	3808
2121	3783
2122	3699
2123	3649
2124	3648
2125	3740
2126	3868
2127	3820
2128	3611
2129	3688
2130	3536
2131	3727
2132	3546
2133	3849
2134	3623
2135	3590
2136	3577
2137	3568
2138	3782
2139	3687
2140	3468
2141	3551
2142	3618
2143	3627
2144	3678
2145	3509
2146	3516
2147	3618
2148	3530
2149	3406
2150	3448
2151	3529
2152	3661
2153	3854
2154	3545
2155	3531
2156	3511
2157	3425
2158	3575
2159	3467
2160	3465
2161	3605
2162	3461
2163	3557
2164	3503
2165	3545
2166	3751
2167	3662
2168	3461
2169	3439
2170	3712
2171	3604
2172	3582
2173	3577
2174	3706
2175	3570
2176	3579
2177	3445
2178	3528
2179	3442
2180	3438
2181	3472
2182	3556
2183	3349
2184	3550
2185	3573
2186	3468
2187	3504
2188	3451
2189	3463
2190	3449
2191	3433
2192	3444
2193	3526
2194	3504
2195	3547
2196	3568
2197	3505
2198	3473
2199	3547
2200	3574
2201	3573
2202	3490
2203	3548
2204	3608
2205	3488
2206	3533
2207	3460
2208	3603
2209	3464
2210	3558
2211	3755
2212	3557
2213	3520
2214	3573
2215	3573
2216	3589
2217	3589
2218	3421
2219	3459
2220	3492
2221	3563
2222	3479
2223	3380
2224	3516
2225	3516
2226	3580
2227	3670
2228	3396
2229	3617
2230	3637
2231	3465
2232	3635
2233	3620
2234	3630
2235	3609
2236	3680
2237	3556
2238	3571
2239	3501
2240	3655
2241	3617
2242	3652
2243	3606
2244	3550
2245	3591
2246	3563
2247	3518
2248	3643
2249	3610
2250	3468
2251	3771
2252	3580
2253	3712
2254	3738
2255	3731
2256	3796
2257	3562
2258	3867
2259	3661
2260	3647
2261	3489
2262	3471
2263	3542
2264	3707
2265	3453
2266	3415
2267	3655
2268	3746
2269	3535
2270	3373
2271	3517
2272	3337
2273	3453
2274	3484
2275	3608
2276	3530
2277	3589
2278	3559
2279	3404
2280	3512
2281	3442
2282	3405
2283	3373
2284	3422
2285	3500
2286	3593
2287	3468
2288	3649
2289	3459
2290	3402
2291	3455
2292	3408
2293	3412
2294	3618
2295	3478
2296	3524
2297	3406
2298	3450
2299	3490
2300	3443
2301	3607
2302	3381
2303	3514
2304	3411
2305	3527
2306	3247
2307	3381
2308	3489
2309	3392
2310	3462
2311	3513
2312	3499
2313	3345
2314	3492
2315	3455
2316	3354
2317	3503
2318	3653
2319	3580
2320	3577
2321	3568
2322	3364
2323	3566
2324	3260
2325	3404
2326	3387
2327	3129
2328	3472
2329	3387
2330	3305
2331	3468
2332	3438
2333	3398
2334	3386
2335	3289
2336	3514
2337	3328
2338	3328
2339	3182
2340	3426
2341	3359
2342	3360
2343	3312
2344	3341
2345	3265
2346	3322
2347	3334
2348	3441
2349	3172
2350	3300
2351	3283
2352	3301
2353	3206
2354	3295
2355	3378
2356	3236
2357	3383
2358	3295
2359	3528
2360	3224
2361	3261
2362	3410
2363	3254
2364	3260
2365	3339
2366	3212
2367	3235
2368	3226
2369	3196
2370	3202
2371	3196
2372	3072
2373	3156
2374	3279
2375	3187
2376	3142
2377	3198
2378	3223
2379	3291
2380	3356
2381	3217
2382	3247
2383	3101
2384	3137
2385	3006
2386	3037
2387	3040
2388	3054
2389	3252
2390	3132
2391	3237
2392	3144
2393	3069
2394	2947
2395	3141
2396	3029
2397	3164
2398	3291
2399	3103
2400	2996
2401	3100
2402	3027
2403	2891
2404	3237
2405	3229
2406	3234
2407	3128
2408	3020
2409	3097
2410	2941
2411	3046
2412	3003
2413	2994
2414	3020
2415	3094
2416	2945
2417	2991
2418	2950
2419	2953
2420	3074
2421	3048
2422	2921
2423	3043
2424	2950
2425	2830
2426	2832
2427	2976
2428	2873
2429	2953
2430	2896
2431	2892
2432	2880
2433	2884
2434	2999
2435	2847
2436	2885
2437	2843
2438	2825
2439	2908
2440	2836
2441	2853
2442	2929
2443	2845
2444	2798
2445	2811
2446	2863
2447	2792
2448	2841
2449	2964
2450	2783
2451	2664
2452	2941
2453	2882
2454	2799
2455	2751
2456	2779
2457	2763
2458	2728
2459	2741
2460	2738
2461	2837
2462	2775
2463	2782
2464	2735
2465	2826
2466	2834
2467	2722
2468	2919
2469	2867
2470	2839
2471	2884
2472	2758
2473	2810
2474	2791
2475	2764
2476	2911
2477	2802
2478	2873
2479	2914
2480	2695
2481	2780
2482	2763
2483	2901
2484	2844
2485	2794
2486	2825
2487	2825
2488	2838
2489	2914
2490	2853
2491	2800
2492	2790
2493	2823
2494	2973
2495	2901
2496	2944
2497	2826
2498	2883
2499	2807
2500	2891
2501	2766
2502	2945
2503	2797
2504	2819
2505	2904
2506	2869
2507	2984
2508	2836
2509	2861
2510	2944
2511	2956
2512	2918
2513	3010
2514	3023
2515	2847
2516	3066
2517	2975
2518	2932
2519	2999
2520	2921
2521	2838
2522	2857
2523	2982
2524	3113
2525	2901
2526	2948
2527	2980
2528	2881
2529	2936
2530	2967
2531	2887
2532	3022
2533	2980
2534	2944
2535	2935
2536	2825
2537	2947
2538	3002
2539	3002
2540	2915
2541	2958
2542	2954
2543	2940
2544	2903
2545	2963
2546	2873
2547	3010
2548	2834
2549	2925
2550	2927
2551	3111
2552	2948
2553	2941
2554	2999
2555	2974
2556	2942
2557	3035
2558	2905
2559	2927
2560	2851
2561	2844
2562	2893
2563	2999
2564	2987
2565	2960
2566	3076
2567	2930
2568	2996
2569	2982
2570	2981
2571	3056
2572	3020
2573	2886
2574	2963
2575	3011
2576	2861
2577	2941
2578	2880
2579	2884
2580	3004
2581	3130
2582	2969
2583	3015
2584	2856
2585	2998
2586	2964
2587	3062
2588	3183
2589	2982
2590	3012
2591	2906
2592	2919
2593	2902
2594	2840
2595	2794
2596	2883
2597	2809
2598	2881
2599	2875
2600	2852
2601	2886
2602	2933
2603	2882
2604	2870
2605	2859
2606	2807
2607	3005
2608	2694
2609	2953
2610	2785
2611	2835
2612	2887
2613	2789
2614	2812
2615	2809
2616	2905
2617	2870
2618	2967
2619	2862
2620	2737
2621	2851
2622	2770
2623	2850
2624	2978
2625	2800
2626	2886
2627	2808
2628	2787
2629	2810
2630	2957
2631	2988
2632	3017
2633	3079
2634	2968
2635	2983
2636	3009
2637	2892
2638	2992
2639	3007
2640	3017
2641	2790
2642	2998
2643	3064
2644	2818
2645	2974
2646	2983
2647	2903
2648	2943
2649	2850
2650	3000
2651	3119
2652	3213
2653	3030
2654	2895
2655	2814
2656	2959
2657	2984
2658	2877
2659	2929
2660	2880
2661	2883
2662	2882
2663	2869
2664	2849
2665	2830
2666	2794
2667	2809
2668	2886
2669	2814
2670	2804
2671	2766
2672	2941
2673	2822
2674	2800
2675	2895
2676	2958
2677	2763
2678	2897
2679	2865
2680	2840
2681	2965
2682	3019
2683	2927
2684	3083
2685	3033
2686	2960
2687	2991
2688	2923
2689	2913
2690	3019
2691	2843
2692	2777
2693	2902
2694	2881
2695	2880
2696	2943
2697	2906
2698	2830
2699	2792
2700	2897
2701	3050
2702	3113
2703	2928
2704	2964
2705	2710
2706	2739
2707	2703
2708	2746
2709	2983
2710	2896
2711	2871
2712	2683
2713	2684
2714	2688
2715	2841
2716	2905
2717	2590
2718	2896
2719	2884
2720	2976
2721	2868
2722	2736
2723	2856
2724	2863
2725	2670
2726	2664
2727	2762
2728	2683
2729	2852
2730	2767
2731	2846
2732	2788
2733	2826
2734	2711
2735	2855
2736	2817
2737	2771
2738	2766
2739	2655
2740	2697
2741	2800
2742	2788
2743	2671
2744	2681
2745	2621
2746	2798
2747	2693
2748	2725
2749	2563
2750	2746
2751	2738
2752	2743
2753	2734
2754	2625
2755	2606
2756	2763
2757	2767
2758	2770
2759	2799
2760	2639
2761	2853
2762	2874
2763	2742
2764	2610
2765	2741
2766	2830
2767	2749
2768	2568
2769	2708
2770	2667
2771	2651
2772	2725
2773	2672
2774	2697
2775	2615
2776	2697
2777	2559
2778	2682
2779	2674
2780	2616
2781	2706
2782	2614
2783	2551
2784	2615
2785	2679
2786	2644
2787	2647
2788	2654
2789	2685
2790	2539
2791	2453
2792	2713
2793	2520
2794	2665
2795	2541
2796	2684
2797	2545
2798	2602
2799	2649
2800	2555
2801	2459
2802	2603
2803	2605
2804	2708
2805	2589
2806	2687
2807	2624
2808	2560
2809	2567
2810	2439
2811	2574
2812	2497
2813	2572
2814	2613
2815	2553
2816	2547
2817	2652
2818	2549
2819	2625
2820	2611
2821	2633
2822	2467
2823	2676
2824	2413
2825	2568
2826	2550
2827	2761
2828	2648
2829	2401
2830	2494
2831	2469
2832	2639
2833	2482
2834	2555
2835	2479
2836	2348
2837	2547
2838	2560
2839	2542
2840	2548
2841	2507
2842	2543
2843	2470
2844	2557
2845	2600
2846	2591
2847	2527
2848	2451
2849	2546
2850	2496
2851	2539
2852	2577
2853	2442
2854	2536
2855	2582
2856	2539
2857	2498
2858	2538
2859	2544
2860	2613
2861	2612
2862	2538
2863	2536
2864	2519
2865	2510
2866	2605
2867	2563
2868	2510
2869	2533
2870	2598
2871	2506
2872	2561
2873	2541
2874	2601
2875	2689
2876	2523
2877	2569
2878	2618
2879	2628
2880	2570
2881	2585
2882	2589
2883	2514
2884	2601
2885	2704
2886	2641
2887	2568
2888	2626
2889	2602
2890	2559
2891	2623
2892	2680
2893	2669
2894	2640
2895	2599
2896	2602
2897	2730
2898	2764
2899	2641
2900	2561
2901	2679
2902	2590
2903	2546
2904	2582
2905	2649
2906	2601
2907	2628
2908	2636
2909	2638
2910	2708
2911	2627
2912	2572
2913	2568
2914	2564
2915	2561
2916	2724
2917	2696
2918	2774
2919	2684
2920	2682
2921	2459
2922	2527
2923	2447
2924	2734
2925	2750
2926	2592
2927	2591
2928	2522
2929	2570
2930	2547
2931	2544
2932	2492
2933	2542
2934	2553
2935	2577
2936	2582
2937	2496
2938	2570
2939	2556
2940	2412
2941	2655
2942	2630
2943	2600
2944	2697
2945	2593
2946	2540
2947	2615
2948	2646
2949	2697
2950	2505
2951	2533
2952	2558
2953	2562
2954	2627
2955	2526
2956	2525
2957	2577
2958	2507
2959	2486
2960	2580
2961	2426
2962	2522
2963	2496
2964	2727
2965	2524
2966	2558
2967	2594
2968	2465
2969	2484
2970	2496
2971	2571
2972	2615
2973	2622
2974	2640
2975	2577
2976	2528
2977	2426
2978	2549
2979	2544
2980	2535
2981	2532
2982	2584
2983	2628
2984	2531
2985	2526
2986	2538
2987	2518
2988	2647
2989	2446
2990	2727
2991	2484
2992	2463
2993	2593
2994	2713
2995	2488
2996	2636
2997	2615
2998	2597
2999	2488
3000	2612
3001	2493
3002	2528
3003	2587
3004	2567
3005	2636
3006	2652
3007	2607
3008	2516
3009	2522
3010	2468
3011	2676
3012	2550
3013	2568
3014	2656
3015	2515
3016	2580
3017	2591
3018	2633
3019	2548
3020	2547
3021	2544
3022	2505
3023	2472
3024	2458
3025	2391
3026	2594
3027	2449
3028	2661
3029	2549
3030	2507
3031	2497
3032	2383
3033	2474
3034	2510
3035	2393
3036	2497
3037	2374
3038	2488
3039	2510
3040	2521
3041	2569
3042	2506
3043	2460
3044	2484
3045	2629
3046	2608
3047	2581
3048	2603
3049	2558
3050	2515
3051	2464
3052	2471
3053	2422
3054	2452
3055	2516
3056	2478
3057	2662
3058	2520
3059	2486
3060	2538
3061	2520
3062	2423
3063	2507
3064	2400
3065	2614
3066	2494
3067	2481
3068	2559
3069	2484
3070	2445
3071	2450
3072	2429
3073	2473
3074	2834
3075	2679
3076	2691
3077	2620
3078	2607
3079	2478
3080	2524
3081	2590
3082	2434
3083	2539
3084	2453
3085	2539
3086	2515
3087	2545
3088	2499
3089	2345
3090	2480
3091	2516
3092	2580
3093	2504
3094	2558
3095	2695
3096	2560
3097	2524
3098	2568
3099	2546
3100	2465
3101	2687
3102	2557
3103	2568
3104	2542
3105	2672
3106	2511
3107	2556
3108	2627
3109	2674
3110	2640
3111	2499
3112	2501
3113	2487
3114	2722
3115	2622
3116	2447
3117	2515
3118	2407
3119	2461
3120	2506
3121	2441
3122	2548
3123	2533
3124	2474
3125	2460
3126	2410
3127	2484
3128	2506
3129	2420
3130	2409
3131	2328
3132	2392
3133	2597
3134	2487
3135	2469
3136	2384
3137	2458
3138	2313
3139	2543
3140	2542
3141	2368
3142	2402
3143	2367
3144	2425
3145	2324
3146	2523
3147	2254
3148	2339
3149	2533
3150	2431
3151	2351
3152	2357
3153	2384
3154	2287
3155	2374
3156	2448
3157	2448
3158	2482
3159	2408
3160	2554
3161	2236
3162	2474
3163	2503
3164	2327
3165	2422
3166	2389
3167	2433
3168	2322
3169	2357
3170	2241
3171	2347
3172	2377
3173	2240
3174	2333
3175	2351
3176	2279
3177	2343
3178	2365
3179	2393
3180	2287
3181	2426
3182	2355
3183	2280
3184	2331
3185	2286
3186	2408
3187	2372
3188	2367
3189	2306
3190	2359
3191	2338
3192	2313
3193	2204
3194	2271
3195	2337
3196	2326
3197	2370
3198	2350
3199	2361
3200	2350
3201	2320
3202	2350
3203	2377
3204	2313
3205	2383
3206	2405
3207	2393
3208	2216
3209	2223
3210	2282
3211	2342
3212	2303
3213	2197
3214	2318
3215	2243
3216	2239
3217	2254
3218	2234
3219	2244
3220	2290
3221	2371
3222	2201
3223	2335
3224	2298
3225	2220
3226	2276
3227	2230
3228	2203
3229	2154
3230	2279
3231	2405
3232	2180
3233	2321
3234	2300
3235	2353
3236	2432
3237	2336
3238	2257
3239	2271
3240	2148
3241	2325
3242	2327
3243	2273
3244	2344
3245	2325
3246	2151
3247	2278
3248	2095
3249	2209
3250	2269
3251	2382
3252	2355
3253	2308
3254	2246
3255	2253
3256	2307
3257	2112
3258	2204
3259	2462
3260	2289
3261	2342
3262	2386
3263	2245
3264	2352
3265	2421
3266	2376
3267	2369
3268	2214
3269	2299
3270	2238
3271	2348
3272	2318
3273	2355
3274	2358
3275	2259
3276	2390
3277	2552
3278	2361
3279	2357
3280	2432
3281	2563
3282	2343
3283	2381
3284	2496
3285	2436
3286	2263
3287	2415
3288	2449
3289	2352
3290	2374
3291	2267
3292	2380
3293	2316
3294	2306
3295	2366
3296	2266
3297	2225
3298	2404
3299	2337
3300	2318
3301	2422
3302	2408
3303	2401
3304	2304
3305	2352
3306	2290
3307	2275
3308	2323
3309	2328
3310	2333
3311	2477
3312	2427
3313	2473
3314	2439
3315	2589
3316	2560
3317	2470
3318	2434
3319	2429
3320	2430
3321	2395
3322	2322
3323	2498
3324	2319
3325	2460
3326	2409
3327	2308
3328	2328
3329	2307
3330	2325
3331	2396
3332	2434
3333	2409
3334	2476
3335	2424
3336	2371
3337	2306
3338	2371
3339	2478
3340	2377
3341	2443
3342	2426
3343	2318
3344	2340
3345	2433
3346	2398
3347	2316
3348	2332
3349	2299
3350	2161
3351	2414
3352	2346
3353	2279
3354	2210
3355	2268
3356	2255
3357	2275
3358	2257
3359	2227
3360	2405
3361	2349
3362	2358
3363	2392
3364	2244
3365	2290
3366	2266
3367	2220
3368	2326
3369	2323
3370	2219
3371	2228
3372	2175
3373	2288
3374	2223
3375	2254
3376	2145
3377	2243
3378	2128
3379	2306
3380	2160
3381	2182
3382	2297
3383	2124
3384	2113
3385	2170
3386	2043
3387	2149
3388	2133
3389	2257
3390	2191
3391	2192
3392	2073
3393	2070
3394	2127
3395	2309
3396	2217
3397	2128
3398	2214
3399	2208
3400	2107
3401	2203
3402	2069
3403	2055
3404	2197
3405	2199
3406	2040
3407	2110
3408	2225
3409	2148
3410	2137
3411	2089
3412	2285
3413	2147
3414	2069
3415	2095
3416	2119
3417	2180
3418	2153
3419	2087
3420	2169
3421	2179
3422	2135
3423	2190
3424	2187
3425	1978
3426	2109
3427	2084
3428	2106
3429	2041
3430	2110
3431	2080
3432	2062
3433	2219
3434	2100
3435	2160
3436	2180
3437	2081
3438	2187
3439	2116
3440	2129
3441	2223
3442	2149
3443	1993
3444	2133
3445	2072
3446	2087
3447	2050
3448	1947
3449	2194
3450	2123
3451	2172
3452	2144
3453	2096
3454	2003
3455	2066
3456	2024
3457	2028
3458	2145
3459	2118
3460	1971
3461	2168
3462	2058
3463	2173
3464	2126
3465	2157
3466	1980
3467	2200
3468	2112
3469	2019
3470	1964
3471	2073
3472	2105
3473	2010
3474	2161
3475	2110
3476	2087
3477	2129
3478	2109
3479	1994
3480	2220
3481	2179
3482	2060
3483	2105
3484	2092
3485	2129
3486	2096
3487	2082
3488	2159
3489	2157
3490	2115
3491	2040
3492	2018
3493	2018
3494	2074
3495	2092
3496	1992
3497	2020
3498	2115
3499	2098
3500	2136
3501	2138
3502	2027
3503	2143
3504	2070
3505	2066
3506	2154
3507	2039
3508	1990
3509	1987
3510	2018
3511	2043
3512	2011
3513	2065
3514	2044
3515	2096
3516	1871
3517	2022
3518	2160
3519	1982
3520	2032
3521	2086
3522	2079
3523	2010
3524	2038
3525	2094
3526	2056
3527	1997
3528	2064
3529	2087
3530	2074
3531	2143
3532	2065
3533	1911
3534	2042
3535	2113
3536	1884
3537	1953
3538	2016
3539	1996
3540	1852
3541	2095
3542	2125
3543	1879
3544	2134
3545	2067
3546	1951
3547	2054
3548	1968
3549	2053
3550	1992
3551	1936
3552	2001
3553	1930
3554	1936
3555	1919
3556	2029
3557	1917
3558	2044
3559	2014
3560	2033
3561	1981
3562	1864
3563	2052
3564	2011
3565	2051
3566	1937
3567	2013
3568	2032
3569	2011
3570	1996
3571	1994
3572	2093
3573	1997
3574	1989
3575	2057
3576	1974
3577	2087
3578	1920
3579	2035
3580	2022
3581	2075
3582	2072
3583	1912
3584	2028
3585	1948
3586	2049
3587	1997
3588	1927
3589	2125
3590	1868
3591	2036
3592	2064
3593	2101
3594	2055
3595	2017
3596	2046
3597	1923
3598	1976
3599	2081
3600	2010
3601	1965
3602	2047
3603	2018
3604	1990
3605	2066
3606	2027
3607	2073
3608	2017
3609	2040
3610	2113
3611	1970
3612	1994
3613	2020
3614	1993
3615	2104
3616	2091
3617	2045
3618	2132
3619	2006
3620	2008
3621	1992
3622	1969
3623	1971
3624	2008
3625	1906
3626	1978
3627	1901
3628	2028
3629	1973
3630	1890
3631	1978
3632	1939
3633	1963
3634	1935
3635	1950
3636	2006
3637	1977
3638	2052
3639	1946
3640	1913
3641	1988
3642	1989
3643	1921
3644	2019
3645	1944
3646	2006
3647	1868
3648	2021
3649	1900
3650	1906
3651	1985
3652	1887
3653	1914
3654	1948
3655	1979
3656	1956
3657	1889
3658	1880
3659	1911
3660	1888
3661	1947
3662	1892
3663	1962
3664	1937
3665	1946
3666	2041
3667	1845
3668	1907
3669	2071
3670	1978
3671	1975
3672	1934
3673	2034
3674	1923
3675	1921
3676	1935
3677	1901
3678	1963
3679	1905
3680	1946
3681	1991
3682	1941
3683	1932
3684	1964
3685	1943
3686	1871
3687	1908
3688	1869
3689	1927
3690	2001
3691	1983
3692	1938
3693	2037
3694	1947
3695	2005
3696	2078
3697	1942
3698	1985
3699	2089
3700	2086
3701	2031
3702	1936
3703	1983
3704	2121
3705	1996
3706	2128
3707	2111
3708	1961
3709	2100
3710	2038
3711	2031
3712	2051
3713	2015
3714	1855
3715	1997
3716	2114
3717	2078
3718	2176
3719	1956
3720	2010
3721	2038
3722	2083
3723	1998
3724	1986
3725	2150
3726	2123
3727	2044
3728	2104
3729	1974
3730	2038
3731	2109
3732	1958
3733	2017
3734	2114
3735	2170
3736	2180
3737	2131
3738	2058
3739	2117
3740	2149
3741	2046
3742	2215
3743	2050
3744	2170
3745	2250
3746	2252
3747	2109
3748	2113
3749	2082
3750	2181
3751	1957
3752	2125
3753	2173
3754	2212
3755	2107
3756	2066
3757	2191
3758	2161
3759	1989
3760	1922
3761	2116
3762	1989
3763	2006
3764	2073
3765	2104
3766	2148
3767	2127
3768	2147
3769	2082
3770	1981
3771	2067
3772	2132
3773	1952
3774	2044
3775	1893
3776	1968
3777	1899
3778	2001
3779	2047
3780	2054
3781	2015
3782	2010
3783	1928
3784	1967
3785	2054
3786	2011
3787	1968
3788	1992
3789	1947
3790	2133
3791	1901
3792	1932
3793	1968
3794	2099
3795	1926
3796	1952
3797	1915
3798	2051
3799	2072
3800	2015
3801	2037
3802	1936
3803	1910
3804	1879
3805	1951
3806	1836
3807	1994
3808	2006
3809	2016
3810	1921
3811	1889
3812	1928
3813	1904
3814	1818
3815	1809
3816	1947
3817	1852
3818	1983
3819	1873
3820	1916
3821	1915
3822	1781
3823	1817
3824	1723
3825	1906
3826	1740
3827	1823
3828	1907
3829	1740
3830	1764
3831	1734
3832	1762
3833	1871
3834	1723
3835	1947
3836	1761
3837	1655
3838	1796
3839	1763
3840	1733
3841	1755
3842	1811
3843	1779
3844	1762
3845	1769
3846	1687
3847	1795
3848	1784
3849	1661
3850	1763
3851	1881
3852	1666
3853	1901
3854	1896
3855	1686
3856	1745
3857	1799
3858	1810
3859	1818
3860	1799
3861	1814
3862	1854
3863	1732
3864	1704
3865	1644
3866	1737
3867	1883
3868	1784
3869	1784
3870	1680
3871	1813
3872	1883
3873	1856
3874	1853
3875	1908
3876	1773
3877	1816
3878	1809
3879	1747
3880	1760
3881	1767
3882	1796
3883	1810
3884	1892
3885	1828
3886	1783
3887	1800
3888	1767
3889	1788
3890	1865
3891	1852
3892	1789
3893	1799
3894	1922
3895	1744
3896	1766
3897	1806
3898	1751
3899	1857
3900	1870
3901	1887
3902	1835
3903	1881
3904	1850
3905	1753
3906	1821
3907	1741
3908	1828
3909	1955
3910	1785
3911	1940
3912	1816
3913	1840
3914	1919
3915	1858
3916	1830
3917	1873
3918	1820
3919	1812
3920	1855
3921	1917
3922	1888
3923	1846
3924	1822
3925	1881
3926	1946
3927	1882
3928	1868
3929	1881
3930	2026
3931	1874
3932	1981
3933	1873
3934	1853
3935	1952
3936	1818
3937	1900
3938	1948
3939	1870
3940	1953
3941	1879
3942	1832
3943	1912
3944	1891
3945	1829
3946	1845
3947	1806
3948	1913
3949	1905
3950	1918
3951	1916
3952	1945
3953	2055
3954	1931
3955	1926
3956	1925
3957	1942
3958	1908
3959	1923
3960	2088
3961	2032
3962	1899
3963	1932
3964	1869
3965	1836
3966	1768
3967	1946
3968	1904
3969	1888
3970	1918
3971	1983
3972	1892
3973	1761
3974	1920
3975	2038
3976	2000
3977	1922
3978	1878
3979	1914
3980	1899
3981	1828
3982	1832
3983	1869
3984	1762
3985	1854
3986	1830
3987	1900
3988	1894
3989	1696
3990	1924
3991	1850
3992	1913
3993	1879
3994	1913
3995	1926
3996	1931
3997	1854
3998	1730
3999	1895
4000	1826
4001	1830
4002	1788
4003	1896
4004	1884
4005	1823
4006	1877
4007	1833
4008	1870
4009	1914
4010	1863
4011	1863
4012	1810
4013	2030
4014	1906
4015	1969
4016	1803
4017	1830
4018	1822
4019	1894
4020	1805
4021	1916
4022	1826
4023	1844
4024	1778
4025	1855
4026	1929
4027	1791
4028	1812
4029	1893
4030	1974
4031	1810
4032	2169
4033	1776
4034	1839
4035	1910
4036	1814
4037	1804
4038	1870
4039	1810
4040	1816
4041	1777
4042	1713
4043	1753
4044	1717
4045	1708
4046	1741
4047	1729
4048	1657
4049	1772
4050	1739
4051	1835
4052	1770
4053	1812
4054	1785
4055	1857
4056	1867
4057	1691
4058	1690
4059	1921
4060	1835
4061	1683
4062	1658
4063	1776
4064	1789
4065	1830
4066	1795
4067	1722
4068	1772
4069	1820
4070	1757
4071	1765
4072	1863
4073	1746
4074	1822
4075	1837
4076	1746
4077	1744
4078	1711
4079	1718
4080	1669
4081	1687
4082	1791
4083	1645
4084	1633
4085	1713
4086	1686
4087	1836
4088	1734
4089	1665
4090	1674
4091	1652
4092	1710
4093	1731
4094	1623
4095	1661
4096	1762
4097	1781
4098	1771
4099	1830
4100	1715
4101	1729
4102	1680
4103	1762
4104	1688
4105	1760
4106	1652
4107	1636
4108	1671
4109	1815
4110	1658
4111	1844
4112	1810
4113	1825
4114	1718
4115	1802
4116	1748
4117	1739
4118	1702
4119	1840
4120	1749
4121	1843
4122	1707
4123	1791
4124	1732
4125	1814
4126	1786
4127	1768
4128	1587
4129	1759
4130	1735
4131	1730
4132	1703
4133	1698
4134	1633
4135	1741
4136	1712
4137	1619
4138	1707
4139	1724
4140	1683
4141	1729
4142	1627
4143	1661
4144	1670
4145	1707
4146	1756
4147	1667
4148	1733
4149	1781
4150	1724
4151	1784
4152	1729
4153	1676
4154	1649
4155	1725
4156	1694
4157	1670
4158	1687
4159	1635
4160	1643
4161	1646
4162	1666
4163	1665
4164	1725
4165	1679
4166	1653
4167	1721
4168	1622
4169	1599
4170	1690
4171	1610
4172	1723
4173	1579
4174	1676
4175	1628
4176	1555
4177	1672
4178	1618
4179	1637
4180	1633
4181	1615
4182	1717
4183	1659
4184	1691
4185	1687
4186	1703
4187	1672
4188	1624
4189	1638
4190	1734
4191	1583
4192	1646
4193	1639
4194	1669
4195	1589
4196	1649
4197	1788
4198	1688
4199	1722
4200	1513
4201	1537
4202	1596
4203	1593
4204	1665
4205	1712
4206	1693
4207	1683
4208	1594
4209	1671
4210	1649
4211	1599
4212	1677
4213	1695
4214	1631
4215	1527
4216	1583
4217	1636
4218	1682
4219	1673
4220	1700
4221	1675
4222	1684
4223	1629
4224	1577
4225	1681
4226	1646
4227	1727
4228	1801
4229	1673
4230	1748
4231	1650
4232	1631
4233	1736
4234	1632
4235	1641
4236	1784
4237	1720
4238	1509
4239	1530
4240	1594
4241	1671
4242	1769
4243	1673
4244	1537
4245	1610
4246	1695
4247	1667
4248	1581
4249	1676
4250	1556
4251	1565
4252	1641
4253	1640
4254	1658
4255	1627
4256	1584
4257	1703
4258	1721
4259	1588
4260	1598
4261	1632
4262	1671
4263	1679
4264	1577
4265	1594
4266	1710
4267	1681
4268	1658
4269	1584
4270	1671
4271	1592
4272	1697
4273	1543
4274	1523
4275	1670
4276	1696
4277	1624
4278	1698
4279	1716
4280	1713
4281	1654
4282	1548
4283	1558
4284	1582
4285	1510
4286	1669
4287	1684
4288	1659
4289	1583
4290	1669
4291	1665
4292	1668
4293	1609
4294	1580
4295	1552
4296	1591
4297	1678
4298	1602
4299	1738
4300	1650
4301	1695
4302	1656
4303	1658
4304	1581
4305	1558
4306	1740
4307	1614
4308	1646
4309	1506
4310	1598
4311	1610
4312	1663
4313	1659
4314	1638
4315	1670
4316	1544
4317	1534
4318	1485
4319	1585
4320	1652
4321	1512
4322	1617
4323	1581
4324	1544
4325	1534
4326	1609
4327	1562
4328	1549
4329	1510
4330	1463
4331	1481
4332	1638
4333	1428
4334	1601
4335	1549
4336	1576
4337	1526
4338	1521
4339	1491
4340	1476
4341	1352
4342	1588
4343	1516
4344	1514
4345	1402
4346	1516
4347	1493
4348	1487
4349	1420
4350	1441
4351	1465
4352	1354
4353	1484
4354	1466
4355	1396
4356	1461
4357	1453
4358	1501
4359	1448
4360	1473
4361	1477
4362	1446
4363	1419
4364	1455
4365	1395
4366	1427
4367	1541
4368	1551
4369	1593
4370	1449
4371	1532
4372	1552
4373	1375
4374	1526
4375	1507
4376	1512
4377	1527
4378	1437
4379	1389
4380	1481
4381	1465
4382	1441
4383	1537
4384	1381
4385	1417
4386	1486
4387	1477
4388	1412
4389	1414
4390	1397
4391	1454
4392	1406
4393	1402
4394	1391
4395	1368
4396	1448
4397	1527
4398	1467
4399	1426
4400	1302
4401	1417
4402	1326
4403	1414
4404	1387
4405	1463
4406	1400
4407	1473
4408	1422
4409	1418
4410	1371
4411	1423
4412	1450
4413	1442
4414	1366
4415	1384
4416	1392
4417	1414
4418	1404
4419	1482
4420	1405
4421	1381
4422	1400
4423	1372
4424	1363
4425	1336
4426	1465
4427	1446
4428	1369
4429	1401
4430	1529
4431	1395
4432	1378
4433	1432
4434	1380
4435	1393
4436	1317
4437	1390
4438	1377
4439	1434
4440	1413
4441	1412
4442	1340
4443	1336
4444	1404
4445	1299
4446	1402
4447	1455
4448	1372
4449	1331
4450	1409
4451	1369
4452	1289
4453	1347
4454	1338
4455	1347
4456	1298
4457	1358
4458	1334
4459	1386
4460	1347
4461	1390
4462	1398
4463	1426
4464	1382
4465	1259
4466	1319
4467	1439
4468	1251
4469	1291
4470	1363
4471	1422
4472	1369
4473	1327
4474	1467
4475	1414
4476	1486
4477	1383
4478	1273
4479	1337
4480	1378
4481	1384
4482	1363
4483	1411
4484	1328
4485	1436
4486	1336
4487	1414
4488	1425
4489	1295
4490	1416
4491	1434
4492	1338
4493	1382
4494	1322
4495	1436
4496	1420
4497	1432
4498	1347
4499	1381
4500	1416
4501	1331
4502	1392
4503	1335
4504	1467
4505	1439
4506	1461
4507	1454
4508	1454
4509	1374
4510	1394
4511	1432
4512	1459
4513	1330
4514	1452
4515	1429
4516	1375
4517	1367
4518	1341
4519	1389
4520	1384
4521	1363
4522	1463
4523	1438
4524	1388
4525	1418
4526	1438
4527	1315
4528	1394
4529	1438
4530	1432
4531	1419
4532	1415
4533	1381
4534	1342
4535	1386
4536	1437
4537	1406
4538	1255
4539	1368
4540	1346
4541	1408
4542	1340
4543	1298
4544	1390
4545	1410
4546	1368
4547	1462
4548	1380
4549	1335
4550	1287
4551	1435
4552	1328
4553	1329
4554	1382
4555	1395
4556	1389
4557	1317
4558	1288
4559	1374
4560	1207
4561	1262
4562	1328
4563	1350
4564	1294
4565	1309
4566	1383
4567	1351
4568	1413
4569	1355
4570	1268
4571	1341
4572	1365
4573	1470
4574	1329
4575	1390
4576	1349
4577	1350
4578	1256
4579	1376
4580	1309
4581	1357
4582	1272
4583	1330
4584	1456
4585	1263
4586	1303
4587	1235
4588	1280
4589	1356
4590	1308
4591	1313
4592	1263
4593	1295
4594	1369
4595	1230
4596	1342
4597	1260
4598	1313
4599	1411
4600	1418
4601	1370
4602	1359
4603	1413
4604	1417
4605	1446
4606	1325
4607	1197
4608	1305
4609	1375
4610	1277
4611	1279
4612	1314
4613	1363
4614	1427
4615	1380
4616	1288
4617	1393
4618	1389
4619	1351
4620	1298
4621	1326
4622	1416
4623	1404
4624	1264
4625	1366
4626	1414
4627	1311
4628	1417
4629	1415
4630	1462
4631	1373
4632	1402
4633	1433
4634	1443
4635	1391
4636	1407
4637	1473
4638	1463
4639	1372
4640	1323
4641	1284
4642	1402
4643	1387
4644	1439
4645	1499
4646	1378
4647	1405
4648	1394
4649	1254
4650	1372
4651	1385
4652	1354
4653	1344
4654	1430
4655	1341
4656	1332
4657	1375
4658	1419
4659	1403
4660	1365
4661	1322
4662	1383
4663	1292
4664	1292
4665	1379
4666	1378
4667	1363
4668	1377
4669	1348
4670	1353
4671	1393
4672	1480
4673	1383
4674	1436
4675	1312
4676	1409
4677	1332
4678	1392
4679	1346
4680	1408
4681	1377
4682	1407
4683	1394
4684	1429
4685	1496
4686	1261
4687	1330
4688	1336
4689	1320
4690	1395
4691	1343
4692	1374
4693	1371
4694	1328
4695	1412
4696	1343
4697	1259
4698	1360
4699	1370
4700	1390
4701	1413
4702	1337
4703	1401
4704	1387
4705	1364
4706	1303
4707	1322
4708	1356
4709	1399
4710	1405
4711	1368
4712	1410
4713	1355
4714	1324
4715	1304
4716	1321
4717	1323
4718	1346
4719	1287
4720	1355
4721	1268
4722	1323
4723	1248
4724	1324
4725	1329
4726	1361
4727	1338
4728	1377
4729	1331
4730	1350
4731	1236
4732	1380
4733	1298
4734	1328
4735	1345
4736	1314
4737	1400

