## htsjdk.samtools.metrics.StringHeader
# CollectInsertSizeMetrics HISTOGRAM_FILE=/work/ugbogu/pipeline/data/nbl/GSE189367/results/picard/SRR17011018_insert_size_histogram.pdf MINIMUM_PCT=0.5 INPUT=/work/ugbogu/pipeline/data/nbl/GSE189367/results/star/SRR17011018.Aligned.sortedByCoord.out.bam OUTPUT=/work/ugbogu/pipeline/data/nbl/GSE189367/results/picard/SRR17011018_insert_size_metrics.txt    DEVIATIONS=10.0 METRIC_ACCUMULATION_LEVEL=[ALL_READS] INCLUDE_DUPLICATES=false ASSUME_SORTED=true STOP_AFTER=0 VERBOSITY=INFO QUIET=false VALIDATION_STRINGENCY=STRICT COMPRESSION_LEVEL=5 MAX_RECORDS_IN_RAM=500000 CREATE_INDEX=false CREATE_MD5_FILE=false USE_JDK_DEFLATER=false USE_JDK_INFLATER=false
## htsjdk.samtools.metrics.StringHeader
# Started on: Sun Apr 12 07:06:05 UTC 2026

## METRICS CLASS	picard.analysis.InsertSizeMetrics
MEDIAN_INSERT_SIZE	MODE_INSERT_SIZE	MEDIAN_ABSOLUTE_DEVIATION	MIN_INSERT_SIZE	MAX_INSERT_SIZE	MEAN_INSERT_SIZE	STANDARD_DEVIATION	READ_PAIRS	PAIR_ORIENTATION	WIDTH_OF_10_PERCENT	WIDTH_OF_20_PERCENT	WIDTH_OF_30_PERCENT	WIDTH_OF_40_PERCENT	WIDTH_OF_50_PERCENT	WIDTH_OF_60_PERCENT	WIDTH_OF_70_PERCENT	WIDTH_OF_80_PERCENT	WIDTH_OF_90_PERCENT	WIDTH_OF_95_PERCENT	WIDTH_OF_99_PERCENT	SAMPLE	LIBRARY	READ_GROUP
779	153	638	24	3320585	1300.181773	1650.161087	52201782	FR	577	951	1107	1205	1277	1529	3921	8715	24397	75051	168983			

## HISTOGRAM	java.lang.Integer
insert_size	All_Reads.fr_count
24	2
25	1
26	3
27	1
29	3
30	11
31	11
32	10
33	19
34	67
35	472
36	392
37	487
38	501
39	545
40	534
41	528
42	579
43	627
44	607
45	632
46	695
47	697
48	810
49	727
50	783
51	826
52	844
53	796
54	872
55	1046
56	1039
57	1109
58	1384
59	1386
60	1454
61	1497
62	1653
63	1711
64	1811
65	2204
66	2375
67	2933
68	2948
69	2962
70	3338
71	3954
72	3538
73	5193
74	4763
75	11453
76	5352
77	5021
78	6159
79	5943
80	6212
81	7032
82	7507
83	8454
84	9451
85	10225
86	11373
87	12709
88	13794
89	14629
90	16175
91	17412
92	19265
93	21153
94	23138
95	24913
96	27883
97	30476
98	33587
99	35048
100	36590
101	39101
102	42441
103	45623
104	49444
105	52785
106	55227
107	59675
108	62127
109	66026
110	69030
111	70288
112	75143
113	78320
114	81121
115	86290
116	91209
117	96793
118	108337
119	98189
120	110249
121	115798
122	109876
123	115865
124	114891
125	114539
126	115325
127	122546
128	122744
129	129245
130	128691
131	132566
132	130838
133	134666
134	135864
135	134266
136	136906
137	136919
138	136650
139	139445
140	140215
141	140312
142	139780
143	141108
144	141490
145	141799
146	139252
147	141499
148	143294
149	141793
150	141538
151	143834
152	142612
153	144191
154	141531
155	140675
156	139387
157	140126
158	138623
159	138741
160	137904
161	137433
162	137722
163	136567
164	134250
165	133501
166	134826
167	135589
168	133874
169	133155
170	131256
171	129192
172	130319
173	130095
174	127923
175	127750
176	126715
177	123864
178	125307
179	122860
180	121894
181	120434
182	120122
183	118844
184	118043
185	117622
186	116105
187	115318
188	114205
189	111350
190	111799
191	111874
192	110710
193	108808
194	106981
195	105930
196	105889
197	104932
198	103643
199	103697
200	104349
201	102197
202	101877
203	101151
204	99774
205	99303
206	97089
207	96841
208	96222
209	95339
210	93279
211	92989
212	94216
213	91905
214	90590
215	90065
216	89362
217	88829
218	86936
219	87226
220	87226
221	86840
222	85417
223	84427
224	83984
225	84221
226	84788
227	83971
228	82105
229	81896
230	80307
231	78760
232	79125
233	77697
234	77864
235	76971
236	76202
237	74427
238	73420
239	73833
240	72659
241	72997
242	71574
243	70511
244	70905
245	69929
246	69197
247	67850
248	68261
249	66991
250	67070
251	66921
252	65275
253	64716
254	64622
255	64006
256	63897
257	62569
258	62203
259	61540
260	61096
261	59992
262	60653
263	60468
264	59167
265	59063
266	58241
267	57394
268	57724
269	57231
270	55739
271	56200
272	54964
273	55054
274	54550
275	53789
276	52949
277	52621
278	52848
279	51749
280	50891
281	51284
282	51260
283	50767
284	50229
285	49213
286	48575
287	48058
288	48255
289	47446
290	46107
291	46446
292	46395
293	46138
294	46022
295	45308
296	44421
297	44084
298	43339
299	43419
300	42373
301	42581
302	42007
303	41220
304	41364
305	40748
306	40149
307	40393
308	39490
309	39204
310	38840
311	37827
312	38441
313	38259
314	38316
315	37463
316	36886
317	36631
318	35977
319	35746
320	35708
321	35441
322	34737
323	35369
324	34684
325	34845
326	33737
327	33062
328	33144
329	32515
330	32012
331	32848
332	32017
333	31136
334	31165
335	31068
336	30981
337	30587
338	30586
339	30334
340	30125
341	29659
342	29856
343	28735
344	28955
345	29072
346	28534
347	28230
348	27652
349	27123
350	27236
351	26967
352	27123
353	26853
354	26677
355	26633
356	26039
357	26495
358	25826
359	25499
360	25771
361	25517
362	25058
363	24662
364	24895
365	23845
366	24402
367	24478
368	23945
369	23741
370	23028
371	23108
372	22728
373	22612
374	22723
375	22383
376	22175
377	21810
378	21962
379	21972
380	22284
381	21801
382	20894
383	21102
384	21569
385	20528
386	20874
387	20831
388	20372
389	19921
390	20380
391	20141
392	20166
393	19904
394	19868
395	19151
396	19157
397	19229
398	18836
399	18862
400	18843
401	18896
402	18390
403	18328
404	18336
405	18153
406	17987
407	17891
408	17774
409	17497
410	17710
411	17491
412	17436
413	17376
414	17060
415	16706
416	16358
417	16894
418	16724
419	16635
420	15991
421	16249
422	16457
423	16016
424	16216
425	15508
426	15791
427	15400
428	15663
429	15225
430	14884
431	15190
432	15282
433	15502
434	15433
435	15007
436	15040
437	14888
438	14940
439	15141
440	14823
441	15090
442	14628
443	14320
444	14410
445	14431
446	14545
447	14370
448	14027
449	14406
450	13985
451	13974
452	13999
453	14224
454	14311
455	13764
456	13203
457	13704
458	13609
459	13309
460	13314
461	13393
462	13421
463	13061
464	13399
465	13099
466	13246
467	12870
468	13162
469	12912
470	12735
471	12663
472	12844
473	12562
474	12576
475	12756
476	12805
477	12762
478	12457
479	12532
480	12486
481	12205
482	12318
483	12205
484	12512
485	12372
486	12075
487	12388
488	12196
489	12038
490	11864
491	12153
492	12243
493	11852
494	12149
495	11685
496	11996
497	11572
498	11882
499	12405
500	11809
501	11986
502	11664
503	12246
504	11564
505	11885
506	11678
507	11988
508	11810
509	11924
510	11455
511	11683
512	11643
513	11677
514	11331
515	11536
516	11392
517	11578
518	11429
519	11654
520	11515
521	11413
522	11286
523	11380
524	11484
525	11356
526	11238
527	11349
528	11269
529	11472
530	11223
531	11303
532	10984
533	11377
534	11555
535	11559
536	11276
537	11251
538	11233
539	11326
540	11381
541	11161
542	11290
543	10981
544	10790
545	11116
546	11275
547	11469
548	11326
549	10811
550	10731
551	10945
552	11110
553	11061
554	10796
555	10841
556	10832
557	11118
558	11002
559	10880
560	10722
561	10984
562	10876
563	10960
564	10777
565	10968
566	10858
567	10816
568	10504
569	10722
570	10747
571	10830
572	10852
573	10980
574	10920
575	10888
576	10567
577	10563
578	10403
579	10580
580	10558
581	10515
582	10483
583	10535
584	10359
585	10565
586	10589
587	10571
588	10424
589	10631
590	10210
591	10377
592	10423
593	10861
594	10383
595	10446
596	10461
597	10500
598	10469
599	10696
600	10561
601	10647
602	10406
603	10250
604	10203
605	10232
606	10049
607	10106
608	10000
609	10301
610	10221
611	9943
612	9811
613	10186
614	10162
615	10117
616	10022
617	10199
618	10172
619	9772
620	10064
621	10002
622	10026
623	10179
624	10436
625	10054
626	9810
627	9707
628	9692
629	9841
630	10126
631	9833
632	9993
633	10145
634	10269
635	9713
636	9707
637	9957
638	9913
639	9749
640	9953
641	10075
642	9683
643	9829
644	9796
645	9727
646	10031
647	9932
648	9781
649	10094
650	9502
651	9729
652	9782
653	9814
654	10063
655	9951
656	9765
657	9643
658	9943
659	9992
660	9630
661	9840
662	9715
663	9811
664	9978
665	9745
666	9728
667	9920
668	9628
669	9691
670	9670
671	9583
672	9495
673	9349
674	9335
675	9343
676	9490
677	9329
678	9441
679	9789
680	9647
681	9524
682	9675
683	9520
684	9779
685	9653
686	9266
687	9570
688	9242
689	9588
690	9556
691	9839
692	9677
693	9436
694	9471
695	9430
696	9680
697	9399
698	9550
699	9411
700	9113
701	9613
702	9459
703	9435
704	9229
705	9592
706	9253
707	9440
708	9537
709	9726
710	9511
711	9410
712	9586
713	9122
714	9243
715	9342
716	9422
717	9370
718	9175
719	9298
720	9193
721	9303
722	9540
723	9679
724	9238
725	9335
726	9357
727	9493
728	9300
729	9369
730	9167
731	9129
732	9007
733	9500
734	9317
735	9291
736	9317
737	9065
738	9061
739	8990
740	9073
741	9029
742	9561
743	9070
744	9043
745	9354
746	9104
747	8892
748	9061
749	9127
750	9156
751	9081
752	9074
753	9199
754	9209
755	8957
756	8955
757	9017
758	9251
759	9272
760	9106
761	9378
762	9347
763	9156
764	9052
765	8878
766	9217
767	9039
768	8823
769	8846
770	9255
771	9210
772	9224
773	9254
774	9028
775	8943
776	8831
777	8820
778	8802
779	9098
780	9036
781	8986
782	9173
783	8813
784	9095
785	9037
786	9050
787	9022
788	8847
789	8712
790	8907
791	8783
792	8855
793	8812
794	8928
795	8700
796	8705
797	8792
798	8992
799	8673
800	8548
801	8824
802	8777
803	8866
804	8714
805	8567
806	8698
807	8926
808	8859
809	8807
810	8708
811	8598
812	8320
813	8669
814	8968
815	8875
816	8643
817	8734
818	8587
819	8581
820	8557
821	8387
822	8245
823	8576
824	8597
825	8556
826	8418
827	8233
828	8562
829	8794
830	8748
831	8735
832	8366
833	8487
834	8369
835	8734
836	8615
837	8669
838	8483
839	8426
840	8322
841	8386
842	8410
843	8749
844	8540
845	8476
846	8590
847	8433
848	8343
849	8421
850	8380
851	8289
852	8567
853	8404
854	8551
855	8472
856	8386
857	8531
858	8264
859	8439
860	8357
861	8465
862	8437
863	8420
864	8496
865	8137
866	8516
867	8461
868	8394
869	8355
870	8307
871	8368
872	8151
873	8447
874	8495
875	8284
876	8422
877	8212
878	7880
879	8165
880	8211
881	8184
882	8449
883	8032
884	8120
885	8093
886	8053
887	8024
888	8013
889	8039
890	8006
891	8150
892	7940
893	8017
894	7884
895	7875
896	8069
897	8202
898	7996
899	7882
900	7776
901	7890
902	7657
903	7865
904	8030
905	7927
906	8011
907	8133
908	8073
909	7907
910	7891
911	7924
912	7756
913	8089
914	7698
915	7767
916	7821
917	8027
918	7903
919	7985
920	7764
921	8006
922	7769
923	7973
924	7883
925	8010
926	7697
927	7709
928	7797
929	7889
930	8064
931	7784
932	7971
933	7768
934	7726
935	7735
936	7670
937	8081
938	7709
939	7920
940	8064
941	7796
942	7714
943	7774
944	8020
945	7706
946	7788
947	8033
948	7720
949	7634
950	7652
951	7905
952	7550
953	7574
954	7617
955	7748
956	7628
957	7588
958	7375
959	7690
960	7743
961	7937
962	7919
963	7838
964	7815
965	7777
966	8005
967	7433
968	7512
969	7877
970	7549
971	7819
972	7751
973	7887
974	8180
975	7725
976	7743
977	7864
978	7640
979	7778
980	8042
981	7581
982	7711
983	7612
984	7687
985	7539
986	7809
987	8000
988	7712
989	7645
990	7669
991	7852
992	7854
993	7654
994	7820
995	7698
996	7847
997	7719
998	7545
999	7624
1000	7688
1001	7768
1002	7643
1003	7477
1004	7515
1005	7720
1006	7587
1007	7770
1008	7392
1009	7527
1010	7716
1011	7402
1012	7416
1013	7735
1014	7703
1015	7326
1016	7511
1017	7635
1018	7611
1019	7676
1020	7524
1021	7646
1022	7553
1023	7282
1024	7250
1025	7425
1026	7364
1027	7500
1028	7330
1029	7155
1030	7325
1031	7356
1032	7129
1033	7422
1034	7240
1035	7280
1036	7166
1037	7185
1038	7321
1039	7283
1040	7273
1041	7216
1042	7029
1043	7058
1044	7107
1045	7156
1046	7351
1047	7133
1048	7218
1049	7252
1050	7224
1051	7246
1052	7339
1053	6967
1054	7070
1055	6904
1056	6830
1057	7170
1058	7022
1059	7150
1060	6893
1061	6933
1062	6871
1063	7140
1064	6698
1065	6913
1066	6649
1067	6776
1068	7042
1069	6835
1070	7047
1071	6817
1072	6840
1073	6663
1074	6881
1075	6820
1076	6600
1077	6896
1078	7081
1079	6865
1080	6615
1081	6747
1082	6705
1083	6860
1084	6879
1085	6768
1086	6780
1087	6576
1088	6693
1089	6694
1090	6509
1091	6754
1092	6788
1093	6690
1094	7055
1095	6727
1096	6505
1097	6753
1098	6394
1099	6665
1100	6520
1101	6399
1102	6480
1103	6574
1104	6669
1105	6429
1106	6254
1107	6523
1108	6217
1109	6710
1110	6637
1111	6571
1112	6448
1113	6862
1114	6478
1115	6403
1116	6467
1117	6519
1118	6762
1119	6709
1120	6684
1121	6570
1122	6634
1123	6389
1124	6558
1125	6460
1126	6486
1127	6588
1128	6470
1129	6508
1130	6518
1131	6504
1132	6321
1133	6502
1134	6556
1135	6530
1136	6471
1137	6319
1138	6305
1139	6526
1140	6356
1141	6623
1142	6475
1143	6385
1144	6337
1145	6285
1146	6340
1147	6231
1148	6440
1149	6523
1150	6666
1151	6615
1152	6372
1153	6395
1154	6458
1155	6404
1156	6521
1157	6426
1158	6535
1159	6598
1160	6577
1161	6752
1162	6664
1163	6575
1164	6489
1165	6534
1166	6402
1167	6368
1168	6384
1169	6208
1170	6495
1171	6508
1172	6492
1173	6454
1174	6455
1175	6359
1176	6401
1177	6421
1178	6609
1179	6441
1180	6793
1181	6385
1182	6355
1183	6428
1184	6249
1185	6428
1186	6409
1187	6306
1188	6395
1189	6359
1190	6265
1191	6240
1192	6523
1193	6498
1194	6531
1195	6274
1196	6330
1197	6295
1198	6097
1199	6152
1200	6151
1201	6369
1202	6215
1203	6362
1204	6236
1205	6245
1206	6315
1207	6184
1208	6367
1209	6285
1210	6168
1211	6373
1212	6280
1213	6316
1214	6244
1215	6230
1216	6199
1217	6136
1218	6354
1219	6373
1220	6089
1221	6355
1222	6578
1223	6298
1224	6371
1225	6464
1226	6561
1227	6470
1228	6421
1229	6281
1230	6394
1231	6371
1232	6325
1233	6376
1234	6505
1235	6439
1236	6394
1237	6410
1238	6397
1239	6496
1240	6374
1241	6411
1242	6518
1243	6384
1244	6179
1245	6521
1246	6366
1247	6411
1248	6267
1249	6448
1250	6582
1251	6525
1252	6410
1253	6749
1254	6645
1255	6696
1256	6607
1257	6717
1258	6506
1259	6610
1260	6325
1261	6234
1262	6354
1263	6976
1264	7053
1265	6459
1266	6438
1267	6413
1268	6700
1269	6598
1270	6416
1271	6385
1272	6377
1273	6271
1274	6299
1275	6380
1276	6380
1277	6243
1278	6143
1279	6318
1280	6451
1281	6219
1282	6225
1283	6166
1284	6295
1285	6290
1286	6304
1287	6151
1288	6151
1289	6019
1290	6099
1291	6196
1292	6083
1293	6049
1294	6046
1295	6063
1296	6211
1297	6412
1298	6407
1299	6302
1300	6213
1301	6290
1302	6170
1303	6288
1304	6124
1305	6673
1306	6328
1307	6314
1308	6418
1309	6445
1310	6470
1311	6257
1312	6256
1313	6203
1314	6073
1315	6371
1316	6192
1317	6291
1318	6217
1319	6144
1320	6010
1321	6035
1322	6212
1323	6200
1324	6182
1325	6341
1326	6561
1327	6283
1328	6087
1329	6082
1330	6042
1331	6176
1332	6197
1333	6217
1334	6102
1335	5862
1336	5931
1337	5795
1338	5984
1339	5964
1340	6150
1341	5940
1342	6019
1343	5983
1344	6105
1345	5920
1346	5874
1347	5848
1348	6045
1349	6060
1350	6120
1351	6266
1352	6197
1353	6000
1354	6043
1355	5926
1356	5783
1357	5967
1358	6078
1359	5854
1360	6010
1361	5855
1362	5892
1363	5905
1364	6122
1365	5791
1366	5968
1367	5720
1368	5982
1369	6044
1370	5904
1371	5683
1372	5665
1373	5859
1374	5663
1375	5848
1376	5725
1377	5905
1378	5628
1379	5892
1380	6040
1381	5782
1382	6069
1383	5881
1384	5590
1385	5966
1386	5666
1387	6013
1388	5638
1389	5767
1390	5760
1391	5905
1392	5861
1393	5827
1394	5718
1395	5991
1396	5795
1397	5689
1398	5644
1399	5611
1400	5854
1401	5652
1402	5931
1403	5847
1404	5776
1405	5905
1406	5704
1407	5895
1408	5787
1409	5605
1410	5586
1411	5861
1412	5729
1413	5523
1414	5917
1415	5779
1416	5533
1417	5630
1418	5687
1419	5740
1420	5725
1421	5855
1422	5635
1423	5540
1424	5521
1425	5739
1426	5700
1427	5683
1428	5609
1429	5783
1430	5554
1431	5393
1432	5411
1433	5527
1434	5310
1435	5453
1436	5390
1437	5438
1438	5676
1439	5878
1440	5608
1441	5608
1442	5786
1443	5517
1444	5474
1445	5557
1446	5316
1447	5708
1448	5599
1449	5637
1450	5621
1451	5371
1452	5602
1453	5577
1454	5618
1455	5624
1456	5486
1457	5570
1458	5816
1459	5771
1460	5521
1461	5825
1462	5685
1463	5620
1464	5504
1465	5380
1466	5446
1467	5384
1468	5586
1469	5499
1470	5558
1471	5428
1472	5486
1473	5608
1474	5710
1475	5576
1476	5318
1477	5478
1478	5410
1479	5445
1480	5593
1481	5694
1482	5826
1483	5761
1484	5778
1485	5544
1486	5562
1487	5449
1488	5569
1489	5678
1490	5795
1491	5707
1492	5404
1493	5870
1494	5699
1495	5537
1496	5476
1497	5707
1498	6000
1499	6212
1500	5849
1501	5809
1502	5782
1503	6014
1504	5571
1505	5911
1506	5874
1507	5814
1508	5819
1509	5947
1510	5843
1511	5727
1512	5800
1513	6008
1514	5824
1515	5791
1516	5777
1517	6023
1518	5781
1519	5731
1520	5778
1521	5898
1522	5876
1523	5867
1524	6147
1525	6082
1526	6141
1527	5673
1528	5728
1529	5808
1530	5878
1531	5834
1532	5676
1533	5891
1534	6297
1535	6288
1536	6117
1537	6157
1538	5959
1539	5800
1540	5875
1541	5740
1542	5888
1543	5588
1544	5921
1545	5913
1546	6165
1547	6270
1548	5961
1549	5860
1550	5854
1551	5991
1552	5971
1553	5717
1554	5985
1555	6003
1556	5856
1557	5713
1558	6029
1559	5776
1560	5872
1561	5737
1562	5976
1563	5712
1564	5823
1565	5861
1566	5879
1567	5768
1568	5727
1569	5850
1570	5991
1571	5806
1572	5890
1573	5839
1574	5958
1575	5883
1576	5833
1577	5787
1578	5580
1579	5652
1580	5736
1581	5838
1582	5844
1583	5646
1584	5794
1585	5892
1586	5559
1587	5568
1588	5653
1589	5697
1590	5734
1591	5590
1592	5699
1593	5684
1594	5615
1595	5515
1596	5459
1597	5563
1598	5662
1599	5886
1600	5547
1601	5939
1602	5563
1603	5688
1604	5661
1605	5522
1606	5453
1607	5444
1608	5677
1609	5372
1610	5481
1611	5581
1612	5622
1613	5715
1614	5578
1615	5471
1616	5716
1617	5658
1618	5547
1619	5533
1620	5437
1621	5505
1622	5529
1623	5557
1624	5489
1625	5409
1626	5515
1627	5677
1628	5581
1629	5407
1630	5388
1631	5346
1632	5542
1633	5428
1634	5642
1635	5473
1636	5594
1637	5462
1638	5359
1639	5555
1640	5250
1641	5243
1642	5375
1643	5306
1644	5258
1645	5305
1646	5604
1647	5243
1648	5188
1649	5512
1650	5511
1651	5368
1652	5221
1653	5179
1654	5201
1655	5221
1656	5548
1657	5653
1658	5642
1659	5478
1660	5433
1661	5359
1662	5577
1663	5386
1664	5511
1665	5420
1666	5178
1667	5306
1668	5214
1669	5477
1670	5624
1671	5349
1672	5286
1673	5262
1674	5492
1675	5301
1676	5435
1677	5413
1678	5439
1679	5664
1680	5486
1681	5321
1682	5419
1683	5393
1684	5145
1685	5307
1686	5346
1687	5459
1688	5363
1689	5312
1690	5375
1691	5571
1692	5532
1693	5149
1694	5216
1695	5036
1696	5406
1697	5334
1698	5369
1699	5177
1700	5421
1701	5245
1702	5394
1703	5504
1704	5309
1705	5419
1706	5370
1707	5446
1708	5471
1709	5420
1710	5502
1711	5458
1712	5477
1713	5393
1714	5256
1715	5455
1716	5376
1717	5358
1718	5492
1719	5344
1720	5444
1721	5441
1722	5510
1723	5357
1724	5525
1725	5434
1726	5441
1727	5851
1728	5495
1729	5523
1730	5316
1731	5518
1732	5444
1733	5326
1734	5530
1735	5454
1736	5454
1737	5523
1738	5549
1739	5414
1740	5456
1741	5426
1742	5445
1743	5375
1744	5472
1745	5307
1746	5359
1747	5313
1748	5580
1749	5400
1750	5256
1751	5243
1752	5401
1753	5352
1754	5312
1755	5206
1756	5200
1757	5376
1758	5211
1759	5573
1760	5214
1761	5136
1762	5244
1763	5234
1764	5205
1765	5097
1766	5374
1767	5348
1768	5311
1769	5338
1770	5191
1771	5064
1772	5218
1773	5234
1774	5045
1775	4913
1776	5170
1777	5212
1778	5293
1779	5062
1780	4992
1781	5108
1782	5078
1783	4986
1784	4941
1785	4943
1786	4966
1787	5152
1788	5077
1789	5003
1790	5037
1791	5005
1792	4976
1793	5089
1794	4863
1795	4963
1796	4952
1797	4924
1798	4716
1799	5053
1800	4942
1801	5010
1802	4900
1803	5048
1804	4887
1805	4797
1806	4774
1807	4841
1808	4811
1809	4695
1810	4654
1811	4545
1812	4815
1813	4732
1814	4853
1815	4833
1816	4631
1817	5002
1818	4693
1819	4897
1820	4693
1821	4803
1822	4718
1823	4780
1824	4838
1825	4822
1826	4795
1827	4751
1828	4435
1829	4697
1830	4607
1831	4669
1832	4616
1833	4669
1834	4554
1835	4677
1836	4655
1837	4518
1838	4362
1839	4454
1840	4594
1841	4550
1842	4568
1843	4428
1844	4413
1845	4626
1846	4612
1847	4434
1848	4682
1849	4436
1850	4590
1851	4566
1852	4520
1853	4567
1854	4667
1855	4619
1856	4688
1857	4500
1858	4525
1859	4620
1860	4719
1861	4884
1862	4632
1863	4657
1864	4695
1865	4514
1866	4459
1867	4506
1868	4557
1869	4595
1870	4465
1871	4520
1872	4722
1873	4473
1874	4611
1875	4553
1876	4412
1877	4531
1878	4564
1879	4783
1880	4522
1881	4378
1882	4537
1883	4599
1884	4614
1885	4727
1886	4513
1887	4606
1888	4852
1889	4471
1890	4562
1891	4521
1892	4609
1893	4687
1894	4686
1895	4785
1896	4532
1897	4857
1898	4756
1899	4710
1900	4744
1901	4705
1902	4604
1903	4718
1904	4549
1905	4598
1906	4730
1907	4763
1908	4795
1909	4583
1910	4548
1911	4812
1912	4618
1913	4716
1914	4704
1915	4679
1916	4656
1917	4597
1918	4839
1919	4771
1920	4589
1921	4777
1922	4569
1923	4690
1924	4816
1925	4667
1926	4724
1927	4705
1928	4461
1929	4784
1930	4852
1931	4564
1932	4632
1933	4648
1934	4902
1935	4931
1936	4766
1937	4858
1938	4930
1939	4725
1940	4672
1941	4688
1942	4675
1943	4680
1944	4638
1945	4833
1946	4750
1947	4789
1948	4851
1949	4594
1950	4590
1951	4667
1952	4793
1953	4942
1954	4599
1955	4644
1956	4699
1957	4818
1958	4770
1959	4729
1960	4936
1961	4805
1962	4653
1963	4728
1964	4759
1965	4786
1966	4641
1967	4856
1968	4959
1969	4743
1970	4860
1971	4942
1972	4798
1973	5031
1974	4999
1975	4800
1976	4876
1977	4911
1978	4804
1979	4892
1980	4690
1981	4992
1982	4988
1983	4788
1984	4961
1985	4731
1986	5011
1987	5030
1988	5230
1989	4950
1990	4999
1991	5205
1992	5207
1993	5094
1994	5283
1995	5011
1996	5137
1997	5048
1998	5299
1999	5172
2000	5196
2001	5411
2002	5176
2003	5427
2004	5240
2005	5322
2006	5102
2007	5058
2008	5283
2009	5245
2010	5183
2011	5179
2012	5261
2013	5088
2014	5223
2015	5263
2016	5053
2017	5116
2018	5190
2019	4975
2020	5205
2021	5028
2022	5323
2023	5173
2024	5114
2025	5161
2026	5175
2027	5232
2028	5274
2029	5161
2030	5158
2031	5216
2032	5028
2033	5065
2034	5343
2035	5114
2036	5177
2037	5014
2038	5101
2039	5244
2040	5227
2041	5091
2042	5156
2043	4986
2044	5098
2045	4892
2046	5024
2047	4905
2048	5124
2049	4833
2050	5048
2051	5111
2052	5064
2053	5155
2054	5017
2055	5081
2056	5027
2057	5109
2058	5175
2059	5113
2060	4965
2061	5262
2062	4941
2063	4882
2064	5171
2065	5129
2066	4892
2067	5157
2068	5077
2069	5116
2070	4842
2071	4970
2072	4945
2073	5095
2074	4897
2075	4678
2076	4663
2077	4838
2078	4777
2079	5034
2080	4969
2081	4960
2082	4847
2083	4961
2084	4791
2085	4739
2086	4803
2087	4694
2088	4978
2089	4756
2090	4817
2091	4875
2092	4710
2093	4697
2094	4704
2095	4725
2096	4670
2097	4702
2098	4674
2099	4787
2100	4819
2101	4647
2102	4579
2103	4493
2104	4721
2105	4632
2106	4666
2107	4483
2108	4760
2109	4515
2110	4457
2111	4426
2112	4415
2113	4431
2114	4436
2115	4612
2116	4631
2117	4532
2118	4477
2119	4402
2120	4611
2121	4362
2122	4561
2123	4317
2124	4456
2125	4473
2126	4427
2127	4413
2128	4446
2129	4459
2130	4517
2131	4481
2132	4244
2133	4501
2134	4286
2135	4403
2136	4170
2137	4493
2138	4280
2139	4312
2140	4237
2141	4224
2142	4239
2143	3974
2144	4200
2145	4134
2146	4154
2147	4163
2148	4135
2149	4022
2150	4089
2151	4200
2152	4245
2153	4123
2154	4141
2155	4042
2156	4084
2157	4209
2158	4015
2159	4072
2160	4061
2161	4217
2162	4102
2163	4102
2164	3948
2165	4151
2166	4274
2167	4234
2168	4066
2169	4096
2170	4300
2171	4130
2172	4162
2173	4125
2174	4214
2175	4259
2176	4067
2177	4266
2178	4095
2179	4170
2180	4168
2181	4031
2182	4157
2183	4124
2184	4077
2185	4198
2186	4304
2187	4057
2188	3847
2189	4051
2190	3993
2191	4197
2192	4079
2193	4244
2194	3949
2195	4101
2196	4191
2197	4086
2198	4089
2199	3974
2200	4082
2201	4009
2202	4026
2203	3930
2204	4138
2205	4107
2206	4029
2207	4113
2208	4150
2209	4052
2210	4057
2211	4222
2212	4020
2213	4026
2214	4107
2215	4042
2216	3926
2217	4041
2218	4102
2219	4034
2220	4127
2221	4009
2222	3996
2223	3984
2224	4040
2225	3897
2226	3996
2227	4053
2228	3926
2229	4173
2230	4103
2231	4217
2232	4023
2233	4018
2234	4006
2235	3826
2236	4311
2237	4201
2238	3965
2239	3909
2240	3996
2241	3996
2242	3985
2243	4305
2244	4285
2245	3983
2246	4020
2247	4018
2248	3968
2249	4185
2250	4154
2251	4089
2252	3898
2253	4003
2254	4222
2255	3940
2256	4072
2257	3972
2258	4060
2259	4314
2260	4203
2261	4087
2262	4086
2263	4010
2264	4215
2265	4186
2266	4018
2267	3847
2268	4159
2269	4076
2270	4065
2271	4164
2272	4176
2273	4154
2274	4029
2275	4087
2276	4204
2277	4177
2278	4099
2279	3898
2280	3962
2281	3833
2282	3957
2283	3987
2284	3969
2285	4002
2286	4079
2287	4173
2288	4086
2289	4044
2290	3996
2291	3966
2292	3958
2293	3997
2294	4030
2295	3982
2296	4000
2297	3931
2298	3974
2299	3943
2300	3726
2301	4065
2302	3981
2303	3952
2304	3870
2305	3920
2306	4029
2307	4015
2308	3865
2309	3901
2310	3956
2311	3954
2312	4016
2313	3805
2314	4070
2315	3952
2316	3965
2317	3961
2318	4093
2319	3927
2320	3858
2321	4065
2322	3958
2323	3928
2324	3903
2325	4009
2326	3925
2327	4007
2328	3832
2329	3944
2330	3806
2331	3847
2332	3897
2333	3869
2334	3880
2335	3832
2336	3899
2337	3845
2338	3843
2339	3845
2340	3789
2341	3679
2342	3914
2343	3781
2344	3823
2345	3767
2346	3708
2347	3709
2348	3771
2349	3719
2350	3901
2351	3742
2352	3702
2353	3870
2354	3810
2355	4007
2356	3823
2357	3875
2358	3721
2359	3832
2360	3859
2361	3713
2362	3952
2363	3760
2364	3713
2365	3928
2366	3931
2367	3673
2368	3860
2369	3709
2370	3772
2371	3729
2372	3744
2373	3623
2374	3722
2375	3662
2376	3753
2377	3741
2378	3866
2379	3746
2380	3654
2381	3877
2382	3700
2383	3582
2384	3684
2385	3644
2386	3547
2387	3598
2388	3589
2389	3459
2390	3658
2391	3710
2392	3710
2393	3572
2394	3545
2395	3514
2396	3677
2397	3635
2398	3902
2399	3543
2400	3495
2401	3520
2402	3600
2403	3484
2404	3756
2405	3699
2406	3571
2407	3351
2408	3529
2409	3405
2410	3423
2411	3537
2412	3417
2413	3499
2414	3431
2415	3489
2416	3567
2417	3428
2418	3430
2419	3509
2420	3484
2421	3431
2422	3339
2423	3588
2424	3312
2425	3417
2426	3422
2427	3373
2428	3487
2429	3365
2430	3552
2431	3291
2432	3372
2433	3447
2434	3407
2435	3347
2436	3394
2437	3368
2438	3453
2439	3232
2440	3379
2441	3347
2442	3360
2443	3419
2444	3497
2445	3488
2446	3508
2447	3452
2448	3272
2449	3440
2450	3433
2451	3243
2452	3515
2453	3398
2454	3339
2455	3243
2456	3305
2457	3283
2458	3298
2459	3283
2460	3417
2461	3282
2462	3323
2463	3318
2464	3350
2465	3229
2466	3406
2467	3284
2468	3347
2469	3308
2470	3368
2471	3314
2472	3368
2473	3197
2474	3285
2475	3379
2476	3478
2477	3297
2478	3495
2479	3322
2480	3351
2481	3402
2482	3415
2483	3518
2484	3362
2485	3226
2486	3409
2487	3447
2488	3451
2489	3474
2490	3530
2491	3422
2492	3426
2493	3379
2494	3326
2495	3377
2496	3526
2497	3308
2498	3368
2499	3348
2500	3524
2501	3441
2502	3533
2503	3429
2504	3638
2505	3558
2506	3498
2507	3450
2508	3286
2509	3568
2510	3423
2511	3545
2512	3593
2513	3519
2514	3481
2515	3368
2516	3519
2517	3561
2518	3529
2519	3639
2520	3458
2521	3552
2522	3542
2523	3623
2524	3497
2525	3650
2526	3643
2527	3480
2528	3530
2529	3500
2530	3337
2531	3485
2532	3571
2533	3515
2534	3491
2535	3345
2536	3306
2537	3476
2538	3603
2539	3464
2540	3709
2541	3624
2542	3626
2543	3561
2544	3450
2545	3493
2546	3364
2547	3449
2548	3607
2549	3397
2550	3447
2551	3563
2552	3436
2553	3395
2554	3477
2555	3410
2556	3493
2557	3460
2558	3631
2559	3588
2560	3599
2561	3342
2562	3460
2563	3516
2564	3705
2565	3443
2566	3406
2567	3477
2568	3475
2569	3397
2570	3496
2571	3493
2572	3434
2573	3438
2574	3388
2575	3544
2576	3304
2577	3424
2578	3422
2579	3589
2580	3554
2581	3507
2582	3522
2583	3549
2584	3497
2585	3408
2586	3471
2587	3427
2588	3421
2589	3511
2590	3612
2591	3429
2592	3231
2593	3451
2594	3360
2595	3475
2596	3445
2597	3299
2598	3395
2599	3481
2600	3276
2601	3455
2602	3426
2603	3443
2604	3333
2605	3290
2606	3336
2607	3313
2608	3368
2609	3340
2610	3442
2611	3374
2612	3229
2613	3367
2614	3296
2615	3175
2616	3312
2617	3574
2618	3438
2619	3475
2620	3318
2621	3356
2622	3356
2623	3569
2624	3331
2625	3329
2626	3387
2627	3194
2628	3259
2629	3446
2630	3427
2631	3341
2632	3435
2633	3482
2634	3436
2635	3465
2636	3432
2637	3442
2638	3355
2639	3461
2640	3295
2641	3569
2642	3386
2643	3491
2644	3333
2645	3454
2646	3364
2647	3331
2648	3397
2649	3317
2650	3473
2651	3599
2652	3696
2653	3359
2654	3408
2655	3354
2656	3408
2657	3260
2658	3396
2659	3395
2660	3365
2661	3381
2662	3201
2663	3454
2664	3401
2665	3400
2666	3251
2667	3245
2668	3283
2669	3267
2670	3441
2671	3317
2672	3221
2673	3253
2674	3463
2675	3447
2676	3401
2677	3331
2678	3313
2679	3408
2680	3351
2681	3514
2682	3344
2683	3464
2684	3448
2685	3163
2686	3199
2687	3284
2688	3427
2689	3341
2690	3284
2691	3349
2692	3363
2693	3327
2694	3229
2695	3289
2696	3520
2697	3349
2698	3152
2699	3322
2700	3420
2701	3509
2702	3815
2703	3272
2704	3274
2705	3322
2706	3193
2707	3074
2708	3292
2709	3409
2710	3606
2711	3398
2712	3183
2713	3282
2714	3310
2715	3444
2716	3551
2717	3325
2718	3519
2719	3444
2720	3066
2721	3129
2722	3259
2723	3211
2724	3164
2725	3103
2726	3168
2727	3249
2728	3210
2729	3250
2730	3299
2731	3244
2732	3244
2733	3071
2734	3310
2735	3213
2736	3404
2737	3283
2738	3156
2739	3113
2740	3175
2741	3174
2742	3271
2743	3090
2744	3132
2745	3031
2746	3147
2747	3173
2748	3107
2749	3084
2750	3081
2751	3168
2752	2986
2753	3198
2754	3219
2755	3200
2756	3230
2757	3195
2758	3184
2759	3114
2760	3213
2761	3201
2762	3186
2763	3124
2764	3165
2765	3144
2766	3198
2767	3203
2768	3232
2769	3272
2770	3168
2771	3329
2772	3105
2773	3157
2774	3101
2775	3097
2776	3310
2777	3052
2778	3237
2779	3207
2780	3340
2781	3222
2782	3212
2783	3115
2784	3182
2785	3042
2786	3006
2787	3186
2788	3257
2789	2931
2790	3172
2791	3082
2792	2940
2793	3123
2794	3169
2795	3145
2796	3164
2797	3065
2798	3155
2799	3123
2800	3114
2801	2961
2802	3164
2803	3077
2804	2956
2805	3037
2806	2889
2807	2936
2808	3264
2809	3069
2810	3202
2811	3199
2812	3048
2813	3207
2814	3165
2815	3159
2816	3109
2817	3207
2818	3092
2819	3243
2820	3204
2821	3141
2822	3176
2823	3121
2824	3147
2825	3078
2826	3012
2827	2928
2828	2850
2829	3031
2830	2954
2831	3021
2832	3013
2833	3069
2834	2944
2835	2990
2836	2966
2837	2990
2838	2963
2839	3170
2840	2952
2841	2902
2842	3006
2843	2904
2844	3060
2845	3020
2846	2985
2847	3041
2848	3124
2849	2969
2850	3037
2851	2912
2852	2953
2853	2886
2854	2944
2855	2965
2856	3034
2857	3025
2858	2992
2859	3010
2860	3013
2861	3044
2862	2970
2863	3051
2864	2932
2865	3053
2866	2988
2867	2942
2868	3006
2869	3049
2870	2878
2871	2818
2872	2941
2873	2927
2874	2901
2875	2914
2876	2875
2877	2855
2878	3053
2879	2860
2880	2874
2881	2964
2882	3078
2883	2929
2884	2955
2885	2859
2886	3008
2887	2967
2888	3051
2889	3098
2890	2933
2891	2867
2892	2951
2893	2951
2894	2910
2895	2929
2896	2905
2897	2948
2898	3005
2899	2979
2900	2915
2901	2945
2902	2827
2903	3024
2904	2840
2905	2978
2906	2781
2907	2779
2908	2929
2909	2826
2910	2920
2911	2965
2912	2782
2913	2799
2914	2785
2915	2907
2916	2948
2917	3060
2918	2873
2919	2805
2920	2931
2921	2797
2922	2917
2923	2783
2924	2927
2925	2719
2926	2915
2927	2840
2928	2725
2929	2905
2930	2803
2931	2936
2932	3032
2933	2917
2934	2807
2935	2971
2936	2841
2937	2874
2938	2780
2939	2845
2940	2917
2941	2974
2942	2887
2943	2870
2944	2744
2945	2930
2946	2877
2947	2845
2948	2801
2949	2833
2950	2809
2951	2913
2952	2807
2953	2797
2954	2899
2955	2891
2956	2817
2957	2774
2958	2955
2959	2786
2960	2831
2961	2907
2962	2817
2963	2906
2964	3059
2965	2938
2966	2897
2967	2933
2968	2875
2969	2810
2970	2872
2971	2802
2972	3032
2973	2913
2974	2921
2975	3019
2976	2850
2977	3135
2978	2906
2979	2921
2980	2955
2981	2901
2982	2874
2983	2892
2984	2940
2985	3015
2986	2942
2987	3018
2988	3046
2989	2950
2990	2920
2991	2883
2992	2961
2993	2993
2994	2909
2995	2861
2996	3079
2997	3064
2998	3035
2999	3047
3000	2990
3001	3067
3002	3042
3003	3179
3004	3014
3005	3148
3006	3099
3007	3049
3008	3023
3009	3074
3010	3027
3011	3050
3012	3074
3013	3163
3014	3018
3015	3220
3016	3177
3017	3104
3018	3085
3019	3024
3020	3001
3021	2966
3022	2961
3023	3034
3024	3066
3025	3173
3026	2987
3027	2926
3028	3043
3029	3062
3030	3064
3031	3144
3032	3004
3033	2885
3034	2880
3035	3023
3036	3009
3037	3092
3038	2984
3039	3135
3040	2893
3041	3118
3042	3014
3043	3037
3044	3155
3045	3119
3046	3168
3047	3193
3048	3108
3049	3118
3050	3094
3051	3091
3052	3028
3053	3051
3054	2921
3055	3097
3056	2984
3057	3082
3058	3065
3059	2928
3060	3052
3061	3009
3062	3125
3063	3027
3064	2869
3065	2993
3066	2885
3067	2924
3068	3225
3069	2929
3070	2853
3071	3018
3072	3008
3073	3044
3074	3109
3075	2870
3076	2851
3077	2968
3078	2949
3079	2828
3080	3018
3081	2837
3082	2918
3083	2957
3084	2911
3085	3053
3086	3029
3087	2902
3088	3010
3089	2914
3090	2860
3091	2957
3092	2989
3093	2878
3094	2890
3095	2980
3096	2938
3097	2880
3098	2773
3099	2863
3100	2995
3101	2942
3102	3002
3103	2865
3104	2932
3105	2909
3106	2878
3107	2922
3108	2839
3109	2827
3110	2780
3111	2847
3112	2956
3113	2791
3114	2970
3115	2968
3116	2813
3117	2763
3118	2974
3119	2918
3120	3009
3121	2944
3122	2902
3123	2959
3124	2829
3125	2966
3126	2789
3127	2797
3128	2797
3129	2898
3130	2793
3131	2846
3132	2915
3133	2915
3134	2851
3135	2714
3136	2761
3137	2847
3138	2752
3139	2791
3140	2640
3141	2849
3142	2778
3143	2728
3144	2776
3145	2843
3146	2758
3147	2700
3148	2676
3149	2764
3150	2762
3151	2760
3152	2813
3153	2875
3154	2681
3155	2749
3156	2779
3157	2634
3158	2667
3159	2781
3160	2855
3161	2676
3162	2680
3163	2774
3164	2666
3165	2794
3166	2837
3167	2644
3168	2615
3169	2845
3170	2648
3171	2577
3172	2639
3173	2768
3174	2725
3175	2676
3176	2642
3177	2640
3178	2743
3179	2680
3180	2657
3181	2731
3182	2656
3183	2632
3184	2657
3185	2572
3186	2583
3187	2714
3188	2757
3189	2644
3190	2540
3191	2566
3192	2645
3193	2583
3194	2588
3195	2707
3196	2638
3197	2651
3198	2552
3199	2741
3200	2714
3201	2525
3202	2640
3203	2733
3204	2740
3205	2610
3206	2692
3207	2608
3208	2507
3209	2570
3210	2541
3211	2722
3212	2663
3213	2608
3214	2500
3215	2648
3216	2618
3217	2560
3218	2618
3219	2501
3220	2555
3221	2703
3222	2672
3223	2676
3224	2618
3225	2513
3226	2764
3227	2769
3228	2682
3229	2591
3230	2701
3231	2571
3232	2572
3233	2696
3234	2579
3235	2780
3236	2639
3237	2579
3238	2610
3239	2751
3240	2611
3241	2652
3242	2653
3243	2638
3244	2688
3245	2588
3246	2624
3247	2643
3248	2496
3249	2711
3250	2713
3251	2621
3252	2602
3253	2596
3254	2748
3255	2780
3256	2620
3257	2680
3258	2634
3259	2449
3260	2817
3261	2844
3262	2828
3263	2664
3264	2676
3265	2707
3266	2665
3267	2788
3268	2717
3269	2537
3270	2822
3271	2821
3272	2858
3273	2755
3274	2706
3275	2786
3276	2799
3277	2917
3278	2707
3279	2791
3280	2795
3281	2913
3282	2795
3283	2843
3284	2853
3285	2909
3286	2867
3287	2796
3288	2791
3289	2791
3290	2799
3291	2859
3292	2644
3293	2841
3294	2807
3295	2768
3296	2709
3297	2863
3298	2761
3299	2937
3300	2844
3301	2783
3302	2893
3303	2880
3304	2865
3305	2743
3306	2934
3307	2688
3308	2781
3309	2852
3310	2846
3311	2728
3312	2947
3313	2879
3314	2909
3315	2749
3316	2826
3317	2960
3318	2894
3319	2861
3320	2902
3321	2787
3322	2978
3323	2781
3324	2768
3325	2766
3326	2926
3327	2857
3328	2760
3329	2786
3330	2947
3331	2703
3332	3056
3333	2670
3334	2966
3335	2872
3336	2813
3337	2844
3338	2883
3339	2839
3340	2946
3341	2727
3342	2909
3343	2914
3344	2898
3345	2772
3346	2825
3347	2809
3348	2745
3349	2799
3350	2664
3351	2735
3352	2741
3353	2666
3354	2787
3355	2862
3356	2705
3357	2881
3358	2714
3359	2818
3360	2800
3361	2751
3362	2665
3363	2650
3364	2703
3365	2613
3366	2762
3367	2725
3368	2717
3369	2516
3370	2473
3371	2681
3372	2654
3373	2734
3374	2668
3375	2603
3376	2571
3377	2527
3378	2648
3379	2614
3380	2644
3381	2474
3382	2554
3383	2639
3384	2537
3385	2478
3386	2359
3387	2566
3388	2547
3389	2711
3390	2593
3391	2356
3392	2543
3393	2548
3394	2427
3395	2568
3396	2565
3397	2619
3398	2442
3399	2450
3400	2503
3401	2449
3402	2544
3403	2510
3404	2511
3405	2448
3406	2569
3407	2529
3408	2461
3409	2416
3410	2437
3411	2564
3412	2457
3413	2421
3414	2467
3415	2398
3416	2465
3417	2520
3418	2437
3419	2390
3420	2382
3421	2464
3422	2423
3423	2366
3424	2444
3425	2499
3426	2447
3427	2468
3428	2483
3429	2423
3430	2515
3431	2452
3432	2401
3433	2394
3434	2368
3435	2553
3436	2422
3437	2427
3438	2510
3439	2399
3440	2463
3441	2476
3442	2483
3443	2527
3444	2461
3445	2344
3446	2504
3447	2432
3448	2485
3449	2350
3450	2357
3451	2456
3452	2424
3453	2462
3454	2283
3455	2541
3456	2352
3457	2327
3458	2357
3459	2326
3460	2408
3461	2407
3462	2416
3463	2440
3464	2351
3465	2376
3466	2461
3467	2373
3468	2425
3469	2306
3470	2455
3471	2382
3472	2398
3473	2454
3474	2366
3475	2472
3476	2387
3477	2283
3478	2371
3479	2433
3480	2416
3481	2393
3482	2448
3483	2412
3484	2415
3485	2428
3486	2297
3487	2484
3488	2363
3489	2385
3490	2290
3491	2389
3492	2488
3493	2463
3494	2343
3495	2592
3496	2423
3497	2429
3498	2312
3499	2345
3500	2396
3501	2420
3502	2575
3503	2617
3504	2397
3505	2407
3506	2439
3507	2485
3508	2395
3509	2286
3510	2227
3511	2417
3512	2527
3513	2499
3514	2488
3515	2384
3516	2423
3517	2435
3518	2327
3519	2434
3520	2427
3521	2505
3522	2447
3523	2492
3524	2409
3525	2433
3526	2424
3527	2466
3528	2461
3529	2342
3530	2345
3531	2478
3532	2299
3533	2379
3534	2386
3535	2415
3536	2359
3537	2445
3538	2371
3539	2440
3540	2379
3541	2414
3542	2364
3543	2334
3544	2404
3545	2274
3546	2453
3547	2333
3548	2431
3549	2456
3550	2361
3551	2283
3552	2258
3553	2377
3554	2277
3555	2175
3556	2222
3557	2332
3558	2305
3559	2367
3560	2367
3561	2366
3562	2359
3563	2293
3564	2371
3565	2471
3566	2366
3567	2349
3568	2205
3569	2226
3570	2272
3571	2353
3572	2224
3573	2527
3574	2307
3575	2321
3576	2310
3577	2390
3578	2188
3579	2465
3580	2231
3581	2253
3582	2277
3583	2320
3584	2359
3585	2325
3586	2293
3587	2361
3588	2363
3589	2312
3590	2193
3591	2368
3592	2245
3593	2368
3594	2330
3595	2231
3596	2272
3597	2298
3598	2323
3599	2490
3600	2401
3601	2305
3602	2277
3603	2346
3604	2322
3605	2384
3606	2373
3607	2392
3608	2403
3609	2218
3610	2293
3611	2200
3612	2225
3613	2271
3614	2171
3615	2322
3616	2107
3617	2363
3618	2323
3619	2344
3620	2217
3621	2228
3622	2257
3623	2313
3624	2227
3625	2190
3626	2155
3627	2237
3628	2281
3629	2362
3630	2271
3631	2329
3632	2290
3633	2247
3634	2269
3635	2342
3636	2313
3637	2247
3638	2222
3639	2294
3640	2352
3641	2317
3642	2261
3643	2256
3644	2344
3645	2161
3646	2259
3647	2228
3648	2220
3649	2239
3650	2303
3651	2124
3652	2215
3653	2162
3654	2245
3655	2461
3656	2263
3657	2211
3658	2148
3659	2257
3660	2228
3661	2202
3662	2307
3663	2201
3664	2159
3665	2210
3666	2216
3667	2272
3668	2200
3669	2213
3670	2167
3671	2220
3672	2228
3673	2362
3674	2264
3675	2336
3676	2214
3677	2216
3678	2171
3679	2304
3680	2259
3681	2321
3682	2221
3683	2251
3684	2293
3685	2248
3686	2204
3687	2129
3688	2230
3689	2295
3690	2286
3691	2171
3692	2340
3693	2175
3694	2277
3695	2402
3696	2281
3697	2312
3698	2483
3699	2397
3700	2423
3701	2365
3702	2313
3703	2301
3704	2341
3705	2405
3706	2239
3707	2451
3708	2379
3709	2505
3710	2423
3711	2638
3712	2546
3713	2377
3714	2314
3715	2322
3716	2457
3717	2468
3718	2407
3719	2324
3720	2398
3721	2295
3722	2355
3723	2403
3724	2394
3725	2437
3726	2497
3727	2265
3728	2399
3729	2349
3730	2365
3731	2468
3732	2369
3733	2285
3734	2456
3735	2457
3736	2467
3737	2403
3738	2284
3739	2388
3740	2383
3741	2436
3742	2323
3743	2343
3744	2609
3745	2430
3746	2306
3747	2420
3748	2241
3749	2339
3750	2366
3751	2420
3752	2522
3753	2515
3754	2481
3755	2440
3756	2404
3757	2463
3758	2386
3759	2291
3760	2278
3761	2396
3762	2306
3763	2358
3764	2307
3765	2566
3766	2276
3767	2474
3768	2500
3769	2473
3770	2343
3771	2574
3772	2521
3773	2310
3774	2368
3775	2569
3776	2426
3777	2417
3778	2313
3779	2491
3780	2271
3781	2341
3782	2422
3783	2438
3784	2297
3785	2200
3786	2253
3787	2338
3788	2336
3789	2422
3790	2260
3791	2134
3792	2233
3793	2068
3794	2227
3795	2217
3796	2373
3797	2359
3798	2287
3799	2209
3800	2333
3801	2238
3802	2264
3803	2122
3804	2218
3805	2220
3806	2199
3807	2191
3808	2327
3809	2118
3810	2224
3811	2294
3812	2148
3813	2240
3814	2182
3815	2322
3816	2228
3817	2239
3818	2320
3819	2198
3820	2235
3821	2136
3822	2174
3823	2310
3824	2193
3825	2149
3826	2088
3827	2148
3828	2262
3829	2054
3830	2057
3831	2133
3832	2083
3833	2216
3834	2062
3835	2098
3836	2015
3837	1993
3838	2039
3839	2123
3840	2030
3841	2034
3842	2055
3843	2086
3844	2176
3845	2111
3846	2089
3847	1929
3848	2030
3849	2089
3850	1961
3851	1983
3852	2102
3853	2110
3854	2163
3855	2094
3856	2098
3857	2002
3858	1939
3859	2112
3860	2087
3861	2240
3862	2138
3863	2036
3864	2136
3865	1943
3866	1995
3867	2122
3868	2092
3869	2015
3870	2005
3871	1951
3872	1949
3873	2137
3874	2107
3875	2094
3876	2089
3877	2096
3878	2075
3879	2102
3880	2084
3881	2153
3882	2160
3883	2049
3884	2132
3885	2180
3886	2059
3887	2070
3888	2068
3889	2131
3890	2199
3891	2214
3892	2172
3893	2077
3894	2215
3895	2038
3896	2104
3897	2166
3898	2164
3899	2176
3900	2220
3901	2171
3902	2119
3903	2162
3904	2246
3905	2116
3906	2081
3907	2039
3908	2184
3909	2295
3910	2109
3911	2292
3912	2052
3913	2153
3914	2216
3915	2241
3916	2122
3917	2207
3918	2188
3919	2128
3920	2273
3921	2221
3922	2160
3923	2167
3924	2245
3925	2187
3926	2201
3927	2177
3928	2139
3929	2223
3930	2216
3931	2197
3932	2230
3933	2296
3934	2004
3935	2237
3936	2198
3937	2257
3938	2185
3939	2178
3940	2183
3941	2164
3942	2270
3943	2211
3944	2220
3945	2231
3946	2208
3947	2307
3948	2193
3949	2336
3950	2344
3951	2365
3952	2353
3953	2295
3954	2289
3955	2242
3956	2256
3957	2423
3958	2298
3959	2378
3960	2354
3961	2360
3962	2304
3963	2309
3964	2229
3965	2263
3966	2261
3967	2263
3968	2224
3969	2321
3970	2355
3971	2299
3972	2367
3973	2271
3974	2238
3975	2286
3976	2394
3977	2183
3978	2301
3979	2297
3980	2282
3981	2122
3982	2254
3983	2262
3984	2212
3985	2201
3986	2219
3987	2240
3988	2119
3989	2179
3990	2146
3991	2213
3992	2143
3993	2112
3994	2204
3995	2296
3996	2125
3997	2291
3998	2250
3999	2468
4000	2239
4001	2107
4002	2297
4003	2166
4004	2118
4005	2203
4006	2177
4007	2280
4008	2365
4009	2266
4010	2223
4011	2262
4012	2225
4013	2254
4014	2103
4015	2278
4016	2081
4017	2166
4018	2206
4019	2268
4020	2197
4021	2376
4022	2161
4023	2284
4024	2191
4025	2093
4026	2236
4027	2278
4028	2230
4029	2207
4030	2449
4031	2353
4032	2472
4033	2120
4034	2098
4035	2205
4036	2193
4037	2130
4038	2194
4039	2318
4040	2150
4041	2181
4042	2080
4043	2099
4044	2176
4045	2106
4046	2100
4047	2081
4048	2152
4049	2138
4050	2132
4051	2024
4052	2177
4053	2080
4054	2168
4055	2177
4056	2128
4057	2097
4058	2121
4059	2055
4060	2144
4061	2195
4062	2235
4063	2202
4064	2075
4065	2317
4066	2091
4067	2126
4068	2062
4069	2104
4070	2069
4071	2055
4072	2306
4073	2105
4074	2190
4075	2081
4076	2115
4077	2133
4078	2324
4079	2067
4080	2093
4081	2113
4082	2074
4083	2058
4084	2007
4085	2098
4086	2134
4087	2103
4088	2058
4089	2171
4090	2101
4091	2117
4092	2137
4093	2035
4094	2065
4095	1959
4096	2099
4097	2179
4098	2299
4099	2126
4100	2064
4101	2141
4102	1998
4103	1913
4104	2104
4105	2026
4106	2079
4107	2101
4108	2154
4109	2054
4110	2030
4111	2138
4112	2132
4113	2081
4114	2141
4115	2041
4116	2167
4117	2084
4118	2143
4119	2045
4120	2172
4121	2062
4122	2166
4123	1975
4124	2244
4125	2112
4126	2043
4127	2055
4128	1988
4129	2026
4130	2019
4131	2089
4132	2012
4133	1999
4134	2135
4135	1956
4136	2021
4137	2023
4138	1993
4139	2005
4140	1927
4141	1998
4142	2116
4143	1941
4144	2101
4145	2021
4146	2099
4147	1960
4148	2092
4149	2082
4150	1936
4151	2022
4152	2007
4153	2091
4154	2057
4155	2016
4156	2011
4157	1910
4158	1922
4159	1903
4160	2023
4161	1949
4162	1973
4163	1964
4164	2019
4165	1936
4166	1945
4167	1923
4168	1908
4169	1985
4170	1884
4171	1944
4172	1893
4173	2005
4174	1831
4175	1943
4176	1690
4177	1866
4178	1947
4179	1949
4180	1966
4181	1874
4182	1813
4183	1960
4184	1942
4185	1989
4186	1945
4187	1886
4188	1926
4189	1856
4190	1810
4191	1802
4192	1871
4193	1811
4194	1877
4195	1908
4196	1897
4197	1849
4198	1884
4199	1875
4200	1880
4201	1913
4202	1933
4203	1896
4204	1919
4205	1786
4206	1836
4207	1990
4208	1996
4209	1819
4210	1829
4211	1949
4212	1988
4213	1892
4214	1837
4215	1890
4216	1963
4217	1987
4218	2013
4219	1825
4220	1891
4221	1882
4222	1855
4223	1873
4224	1883
4225	1901
4226	1945
4227	1937
4228	1948
4229	1884
4230	1889
4231	1833
4232	1833
4233	1893
4234	1957
4235	1853
4236	1902
4237	1964
4238	1797
4239	1893
4240	1866
4241	1914
4242	1916
4243	1900
4244	1925
4245	1903
4246	1828
4247	1926
4248	1868
4249	1948
4250	1919
4251	1902
4252	1875
4253	1805
4254	1947
4255	1823
4256	1910
4257	1879
4258	1871
4259	1874
4260	1755
4261	1926
4262	1918
4263	1852
4264	1972
4265	1909
4266	1890
4267	1908
4268	1973
4269	2043
4270	1922
4271	1973
4272	1964
4273	2003
4274	1986
4275	2036
4276	2071
4277	1998
4278	1949
4279	1898
4280	1936
4281	1969
4282	1843
4283	1795
4284	2007
4285	1986
4286	1812
4287	2026
4288	1995
4289	1823
4290	1992
4291	2008
4292	1903
4293	1986
4294	1981
4295	2016
4296	1964
4297	1922
4298	2028
4299	1930
4300	1941
4301	1927
4302	2003
4303	2036
4304	1981
4305	1869
4306	1800
4307	1897
4308	1962
4309	1892
4310	1973
4311	1840
4312	1934
4313	1815
4314	2087
4315	1956
4316	1844
4317	1875
4318	1869
4319	1851
4320	1896
4321	1873
4322	1862
4323	1793
4324	1811
4325	1982
4326	1853
4327	1861
4328	1883
4329	1797
4330	1727
4331	1805
4332	1985
4333	1739
4334	1824
4335	1836
4336	1790
4337	1844
4338	1723
4339	1733
4340	1823
4341	1789
4342	1821
4343	1789
4344	1846
4345	1745
4346	1774
4347	1722
4348	1757
4349	1771
4350	1757
4351	1651
4352	1763
4353	1730
4354	1647
4355	1680
4356	1706
4357	1702
4358	1643
4359	1707
4360	1752
4361	1721
4362	1678
4363	1760
4364	1786
4365	1678
4366	1667
4367	1715
4368	1688
4369	1698
4370	1655
4371	1757
4372	1737
4373	1632
4374	1686
4375	1693
4376	1802
4377	1742
4378	1709
4379	1739
4380	1630
4381	1740
4382	1730
4383	1591
4384	1787
4385	1662
4386	1706
4387	1668
4388	1671
4389	1786
4390	1757
4391	1811
4392	1694
4393	1708
4394	1587
4395	1646
4396	1719
4397	1709
4398	1708
4399	1635
4400	1633
4401	1612
4402	1693
4403	1685
4404	1694
4405	1721
4406	1722
4407	1623
4408	1733
4409	1620
4410	1721
4411	1623
4412	1653
4413	1547
4414	1481
4415	1720
4416	1672
4417	1616
4418	1681
4419	1629
4420	1616
4421	1611
4422	1573
4423	1706
4424	1681
4425	1564
4426	1561
4427	1591
4428	1556
4429	1622
4430	1646
4431	1602
4432	1684
4433	1576
4434	1606
4435	1475
4436	1589
4437	1586
4438	1657
4439	1657
4440	1591
4441	1561
4442	1629
4443	1416
4444	1587
4445	1541
4446	1550
4447	1647
4448	1691
4449	1710
4450	1692
4451	1518
4452	1630
4453	1591
4454	1576
4455	1645
4456	1614
4457	1699
4458	1608
4459	1727
4460	1592
4461	1670
4462	1674
4463	1604
4464	1695
4465	1586
4466	1658
4467	1474
4468	1635
4469	1630
4470	1542
4471	1567
4472	1485
4473	1588
4474	1696
4475	1558
4476	1586
4477	1580
4478	1542
4479	1725
4480	1725
4481	1580
4482	1609
4483	1642
4484	1587
4485	1581
4486	1602
4487	1585
4488	1592
4489	1620
4490	1696
4491	1625
4492	1667
4493	1720
4494	1728
4495	1562
4496	1597
4497	1709
4498	1625
4499	1692
4500	1617
4501	1603
4502	1667
4503	1580
4504	1698
4505	1641
4506	1723
4507	1658
4508	1791
4509	1792
4510	1662
4511	1565
4512	1669
4513	1678
4514	1692
4515	1652
4516	1747
4517	1608
4518	1615
4519	1564
4520	1688
4521	1577
4522	1665
4523	1669
4524	1692
4525	1691
4526	1636
4527	1573
4528	1803
4529	1621
4530	1731
4531	1627
4532	1601
4533	1674
4534	1599
4535	1589
4536	1703
4537	1578
4538	1576
4539	1654
4540	1597
4541	1676
4542	1668
4543	1578
4544	1677
4545	1590
4546	1620
4547	1672
4548	1603
4549	1689
4550	1553
4551	1610
4552	1538
4553	1628
4554	1537
4555	1584
4556	1592
4557	1531
4558	1519
4559	1666
4560	1603
4561	1592
4562	1522
4563	1481
4564	1507
4565	1573
4566	1593
4567	1529
4568	1646
4569	1577
4570	1551
4571	1514
4572	1592
4573	1566
4574	1600
4575	1611
4576	1619
4577	1667
4578	1516
4579	1616
4580	1529
4581	1507
4582	1572
4583	1629
4584	1578
4585	1640
4586	1542
4587	1560
4588	1582
4589	1528
4590	1497
4591	1586
4592	1500
4593	1535
4594	1553
4595	1608
4596	1585
4597	1684
4598	1549
4599	1592
4600	1596
4601	1570
4602	1637
4603	1573
4604	1630
4605	1564
4606	1615
4607	1550
4608	1588
4609	1626
4610	1542
4611	1525
4612	1631
4613	1571
4614	1620
4615	1770
4616	1657
4617	1583
4618	1762
4619	1616
4620	1663
4621	1663
4622	1531
4623	1615
4624	1571
4625	1657
4626	1571
4627	1594
4628	1633
4629	1566
4630	1686
4631	1695
4632	1694
4633	1722
4634	1657
4635	1632
4636	1657
4637	1636
4638	1689
4639	1671
4640	1701
4641	1626
4642	1673
4643	1741
4644	1670
4645	1709
4646	1592
4647	1590
4648	1589
4649	1628
4650	1691
4651	1533
4652	1629
4653	1657
4654	1737
4655	1650
4656	1705
4657	1665
4658	1605
4659	1695
4660	1633
4661	1606
4662	1461
4663	1621
4664	1670
4665	1594
4666	1641
4667	1593
4668	1643
4669	1683
4670	1589
4671	1578
4672	1681
4673	1652
4674	1685
4675	1549
4676	1699
4677	1601
4678	1626
4679	1547
4680	1611
4681	1667
4682	1646
4683	1564
4684	1599
4685	1622
4686	1518
4687	1475
4688	1492
4689	1561
4690	1492
4691	1541
4692	1669
4693	1527
4694	1607
4695	1650
4696	1541
4697	1571
4698	1560
4699	1541
4700	1595
4701	1613
4702	1474
4703	1515
4704	1547
4705	1575
4706	1622
4707	1540
4708	1497
4709	1553
4710	1493
4711	1599
4712	1611
4713	1587
4714	1494
4715	1612
4716	1606
4717	1546
4718	1552
4719	1669
4720	1516
4721	1499
4722	1532
4723	1552
4724	1634
4725	1555
4726	1617
4727	1554
4728	1573
4729	1646
4730	1646
4731	1564
4732	1577
4733	1580
4734	1607
4735	1542
4736	1607
4737	1669
4738	1520
4739	1569
4740	1539
4741	1496
4742	1478
4743	1585
4744	1453
4745	1596
4746	1652
4747	1487
4748	1620
4749	1610
4750	1601
4751	1598
4752	1610
4753	1581
4754	1576
4755	1607
4756	1636
4757	1609
4758	1617
4759	1571
4760	1622
4761	1595
4762	1586
4763	1674
4764	1546
4765	1592
4766	1614
4767	1504
4768	1637
4769	1714
4770	1711
4771	1614
4772	1562
4773	1643
4774	1633
4775	1697
4776	1633
4777	1732
4778	1636
4779	1621
4780	1744
4781	1619
4782	1679
4783	1742
4784	1664
4785	1737
4786	1725
4787	1778
4788	1650
4789	1621
4790	1618
4791	1645
4792	1640
4793	1694
4794	1680
4795	1641
4796	1679
4797	1684
4798	1711
4799	1623
4800	1664
4801	1636
4802	1624
4803	1551
4804	1667
4805	1613
4806	1713
4807	1672
4808	1770
4809	1694
4810	1800
4811	1671
4812	1626
4813	1666
4814	1639
4815	1802
4816	1679
4817	1793
4818	1747
4819	1669
4820	1656
4821	1694
4822	1608
4823	1743
4824	1735
4825	1816
4826	1726
4827	1787
4828	1707
4829	1653
4830	1770
4831	1631
4832	1747
4833	1665
4834	1671
4835	1777
4836	1700
4837	1729
4838	1775
4839	1768
4840	1896
4841	1695
4842	1712
4843	1849
4844	1734
4845	1787
4846	1694
4847	1679
4848	1611
4849	1671
4850	1793
4851	1720
4852	1892
4853	1701
4854	1812
4855	1572
4856	1674
4857	1700
4858	1806
4859	1663
4860	1761
4861	1646
4862	1727
4863	1556
4864	1748
4865	1511
4866	1614
4867	1726
4868	1552
4869	1735
4870	1626
4871	1690
4872	1719
4873	1644
4874	1458
4875	1582
4876	1581
4877	1708
4878	1543
4879	1566
4880	1620
4881	1594
4882	1465
4883	1682
4884	1579
4885	1613
4886	1617
4887	1639
4888	1542
4889	1707
4890	1606
4891	1551
4892	1535
4893	1530
4894	1518
4895	1539
4896	1583
4897	1573
4898	1592
4899	1682
4900	1680
4901	1513
4902	1617
4903	1670
4904	1601
4905	1498
4906	1519
4907	1612
4908	1618
4909	1438
4910	1445
4911	1611
4912	1476
4913	1481
4914	1559
4915	1606
4916	1507
4917	1576
4918	1457
4919	1603
4920	1548
4921	1546
4922	1556
4923	1576
4924	1445
4925	1473
4926	1414
4927	1472
4928	1453
4929	1523
4930	1530
4931	1410
4932	1582
4933	1450
4934	1504
4935	1486
4936	1516
4937	1447
4938	1504
4939	1513
4940	1460
4941	1403
4942	1406
4943	1500
4944	1589
4945	1528
4946	1498
4947	1575
4948	1518
4949	1552
4950	1528
4951	1431
4952	1511
4953	1495
4954	1533
4955	1547
4956	1677
4957	1595
4958	1553
4959	1474
4960	1640
4961	1528
4962	1520
4963	1470
4964	1552
4965	1533
4966	1521
4967	1525
4968	1493
4969	1505
4970	1535
4971	1494
4972	1480
4973	1420
4974	1527
4975	1482
4976	1530
4977	1561
4978	1580
4979	1471
4980	1469
4981	1471
4982	1515
4983	1440
4984	1461
4985	1425
4986	1514
4987	1557
4988	1306
4989	1416
4990	1473
4991	1428
4992	1454
4993	1416
4994	1481
4995	1496
4996	1554
4997	1469
4998	1442
4999	1438
5000	1526
5001	1494
5002	1469
5003	1574
5004	1467
5005	1536
5006	1414
5007	1376
5008	1532
5009	1415
5010	1416
5011	1452
5012	1489
5013	1455
5014	1370
5015	1445
5016	1390
5017	1407
5018	1447
5019	1399
5020	1495
5021	1489
5022	1402
5023	1401
5024	1429
5025	1464
5026	1528
5027	1421
5028	1455
5029	1288
5030	1364
5031	1341
5032	1430
5033	1435
5034	1466
5035	1353
5036	1446
5037	1389
5038	1404
5039	1454
5040	1415
5041	1402
5042	1376
5043	1348
5044	1373
5045	1380
5046	1384
5047	1389
5048	1335
5049	1358
5050	1344
5051	1324
5052	1426
5053	1327
5054	1426
5055	1375
5056	1393
5057	1449
5058	1388
5059	1339
5060	1328
5061	1379
5062	1317
5063	1281
5064	1338
5065	1334
5066	1320
5067	1444
5068	1410
5069	1292
5070	1287
5071	1360
5072	1358
5073	1375
5074	1421
5075	1327
5076	1333
5077	1382
5078	1414
5079	1428
5080	1368
5081	1360
5082	1348
5083	1339
5084	1290
5085	1368
5086	1390
5087	1383
5088	1357
5089	1366
5090	1432
5091	1445
5092	1414
5093	1399
5094	1342
5095	1369
5096	1369
5097	1325
5098	1386
5099	1422
5100	1278
5101	1447
5102	1262
5103	1257
5104	1296
5105	1309
5106	1336
5107	1279
5108	1313
5109	1389
5110	1281
5111	1312
5112	1302
5113	1376
5114	1343
5115	1255
5116	1331
5117	1311
5118	1368
5119	1283
5120	1192
5121	1257
5122	1354
5123	1397
5124	1314
5125	1234
5126	1261
5127	1264
5128	1182
5129	1323
5130	1342
5131	1333
5132	1279
5133	1339
5134	1269
5135	1305
5136	1327
5137	1286
5138	1389
5139	1217
5140	1227
5141	1210
5142	1289
5143	1272
5144	1202
5145	1302
5146	1266
5147	1305
5148	1255
5149	1354
5150	1297
5151	1304
5152	1251
5153	1260
5154	1192
5155	1376
5156	1339
5157	1335
5158	1250
5159	1331
5160	1355
5161	1247
5162	1240
5163	1333
5164	1262
5165	1347
5166	1252
5167	1340
5168	1402
5169	1277
5170	1320
5171	1338
5172	1262
5173	1328
5174	1317
5175	1301
5176	1268
5177	1287
5178	1303
5179	1261
5180	1411
5181	1368
5182	1307
5183	1322
5184	1353
5185	1364
5186	1352
5187	1298
5188	1269
5189	1296
5190	1244
5191	1259
5192	1303
5193	1216
5194	1417
5195	1217
5196	1378
5197	1320
5198	1353
5199	1247
5200	1279
5201	1368
5202	1333
5203	1297
5204	1279
5205	1335
5206	1313
5207	1310
5208	1302
5209	1328
5210	1300
5211	1328
5212	1175
5213	1339
5214	1244
5215	1265
5216	1283
5217	1353
5218	1293
5219	1285
5220	1160
5221	1219
5222	1276
5223	1292
5224	1256
5225	1240
5226	1252
5227	1186
5228	1303
5229	1290
5230	1205
5231	1341
5232	1327
5233	1322
5234	1316
5235	1297
5236	1359
5237	1296
5238	1292
5239	1248
5240	1242
5241	1290
5242	1409
5243	1243
5244	1348
5245	1224
5246	1263
5247	1272
5248	1312
5249	1320
5250	1402
5251	1327
5252	1350
5253	1292
5254	1323
5255	1311
5256	1281
5257	1387
5258	1312
5259	1339
5260	1260
5261	1446
5262	1257
5263	1325
5264	1218
5265	1283
5266	1315
5267	1330
5268	1280
5269	1245
5270	1263
5271	1195
5272	1277
5273	1216
5274	1317
5275	1247
5276	1232
5277	1290
5278	1312
5279	1278
5280	1314
5281	1266
5282	1298
5283	1407
5284	1303
5285	1314
5286	1300
5287	1315
5288	1299
5289	1302
5290	1276
5291	1316
5292	1350
5293	1363
5294	1299
5295	1301
5296	1320
5297	1252
5298	1348
5299	1307
5300	1334
5301	1318
5302	1339
5303	1354
5304	1240
5305	1247
5306	1271
5307	1259
5308	1325
5309	1291
5310	1423
5311	1205
5312	1305
5313	1308
5314	1279
5315	1201
5316	1271
5317	1242
5318	1272
5319	1330
5320	1288
5321	1282
5322	1288
5323	1174
5324	1275
5325	1267
5326	1344
5327	1256
5328	1327
5329	1134
5330	1205
5331	1265
5332	1223
5333	1251
5334	1256
5335	1156
5336	1251
5337	1204
5338	1201
5339	1261
5340	1265
5341	1251
5342	1173
5343	1318
5344	1281
5345	1274
5346	1288
5347	1293
5348	1164
5349	1200
5350	1187
5351	1150
5352	1271
5353	1305
5354	1306
5355	1184
5356	1283
5357	1269
5358	1247
5359	1271
5360	1295
5361	1244
5362	1319
5363	1260
5364	1245
5365	1239
5366	1284
5367	1256
5368	1342
5369	1235
5370	1326
5371	1240
5372	1198
5373	1326
5374	1394
5375	1347
5376	1299
5377	1327
5378	1285
5379	1274
5380	1314
5381	1349
5382	1251
5383	1427
5384	1352
5385	1301
5386	1364
5387	1498
5388	1297
5389	1270
5390	1396
5391	1314
5392	1298
5393	1310
5394	1317
5395	1402
5396	1398
5397	1287
5398	1311
5399	1346
5400	1282
5401	1356
5402	1287
5403	1327
5404	1351
5405	1393
5406	1407
5407	1422
5408	1340
5409	1441
5410	1384
5411	1392
5412	1332
5413	1417
5414	1269
5415	1305
5416	1408
5417	1290
5418	1414
5419	1371
5420	1290
5421	1413
5422	1428
5423	1370
5424	1342
5425	1349
5426	1512
5427	1356
5428	1465
5429	1547
5430	1423
5431	1403
5432	1411
5433	1390
5434	1468
5435	1539
5436	1586
5437	1420
5438	1452
5439	1414
5440	1441
5441	1434
5442	1458
5443	1437
5444	1416
5445	1498
5446	1535
5447	1490
5448	1443
5449	1365
5450	1344
5451	1443
5452	1433
5453	1408
5454	1449
5455	1382
5456	1501
5457	1604
5458	1402
5459	1376
5460	1366
5461	1273
5462	1424
5463	1396
5464	1431
5465	1485
5466	1456
5467	1486
5468	1377
5469	1428
5470	1571
5471	1464
5472	1379
5473	1368
5474	1496
5475	1449
5476	1472
5477	1474
5478	1375
5479	1409
5480	1443
5481	1476
5482	1427
5483	1471
5484	1529
5485	1546
5486	1407
5487	1479
5488	1443
5489	1502
5490	1496
5491	1391
5492	1465
5493	1414
5494	1481
5495	1453
5496	1404
5497	1534
5498	1456
5499	1517
5500	1683
5501	1482
5502	1501
5503	1414
5504	1380
5505	1245
5506	1435
5507	1365
5508	1385
5509	1403
5510	1365
5511	1400
5512	1378
5513	1442
5514	1373
5515	1462
5516	1525
5517	1378
5518	1423
5519	1527
5520	1435
5521	1337
5522	1566
5523	1413
5524	1494
5525	1456
5526	1459
5527	1412
5528	1468
5529	1425
5530	1379
5531	1417
5532	1340
5533	1497
5534	1444
5535	1430
5536	1412
5537	1435
5538	1504
5539	1560
5540	1388
5541	1478
5542	1473
5543	1380
5544	1399
5545	1469
5546	1449
5547	1442
5548	1273
5549	1372
5550	1201
5551	1443
5552	1311
5553	1523
5554	1287
5555	1456
5556	1329
5557	1369
5558	1362
5559	1398
5560	1386
5561	1393
5562	1354
5563	1337
5564	1332
5565	1348
5566	1403
5567	1465
5568	1454
5569	1477
5570	1409
5571	1394
5572	1426
5573	1361
5574	1319
5575	1455
5576	1287
5577	1424
5578	1397
5579	1434
5580	1326
5581	1394
5582	1343
5583	1417
5584	1387
5585	1307
5586	1484
5587	1471
5588	1568
5589	1359
5590	1523
5591	1464
5592	1477
5593	1468
5594	1481
5595	1313
5596	1396
5597	1368
5598	1369
5599	1482
5600	1513
5601	1478
5602	1491
5603	1628
5604	1557
5605	1595
5606	1474
5607	1455
5608	1493
5609	1523
5610	1446
5611	1659
5612	1496
5613	1480
5614	1567
5615	1555
5616	1478
5617	1546
5618	1590
5619	1442
5620	1468
5621	1592
5622	1467
5623	1508
5624	1534
5625	1510
5626	1441
5627	1549
5628	1485
5629	1530
5630	1554
5631	1467
5632	1659
5633	1522
5634	1547
5635	1554
5636	1373
5637	1510
5638	1417
5639	1467
5640	1534
5641	1465
5642	1533
5643	1479
5644	1445
5645	1477
5646	1507
5647	1520
5648	1569
5649	1567
5650	1495
5651	1554
5652	1449
5653	1515
5654	1438
5655	1383
5656	1503
5657	1655
5658	1410
5659	1501
5660	1459
5661	1547
5662	1531
5663	1395
5664	1529
5665	1400
5666	1538
5667	1413
5668	1405
5669	1397
5670	1480
5671	1405
5672	1476
5673	1477
5674	1406
5675	1467
5676	1354
5677	1408
5678	1534
5679	1366
5680	1485
5681	1356
5682	1434
5683	1510
5684	1516
5685	1515
5686	1363
5687	1410
5688	1450
5689	1407
5690	1434
5691	1309
5692	1302
5693	1415
5694	1449
5695	1383
5696	1459
5697	1416
5698	1535
5699	1432
5700	1372
5701	1397
5702	1333
5703	1318
5704	1425
5705	1367
5706	1347
5707	1459
5708	1407
5709	1348
5710	1372
5711	1318
5712	1399
5713	1329
5714	1396
5715	1340
5716	1406
5717	1286
5718	1248
5719	1343
5720	1286
5721	1276
5722	1218
5723	1308
5724	1264
5725	1306
5726	1324
5727	1238
5728	1327
5729	1200
5730	1229
5731	1265
5732	1279
5733	1326
5734	1303
5735	1227
5736	1153
5737	1223
5738	1351
5739	1188
5740	1261
5741	1178
5742	1256
5743	1275
5744	1288
5745	1216
5746	1236
5747	1293
5748	1234
5749	1276
5750	1354
5751	1232
5752	1278
5753	1249
5754	1169
5755	1232
5756	1277
5757	1192
5758	1298
5759	1312
5760	1231
5761	1275
5762	1260
5763	1204
5764	1276
5765	1262
5766	1180
5767	1246
5768	1394
5769	1356
5770	1280
5771	1181
5772	1232
5773	1222
5774	1258
5775	1199
5776	1321
5777	1235
5778	1273
5779	1295
5780	1242
5781	1172
5782	1258
5783	1218
5784	1278
5785	1273
5786	1311
5787	1210
5788	1206
5789	1177
5790	1297
5791	1332
5792	1223
5793	1278
5794	1241
5795	1314
5796	1316
5797	1245
5798	1243
5799	1280
5800	1241
5801	1308
5802	1271
5803	1182
5804	1280
5805	1084
5806	1259
5807	1193
5808	1256
5809	1269
5810	1236
5811	1203
5812	1335
5813	1255
5814	1215
5815	1305
5816	1343
5817	1283
5818	1257
5819	1248
5820	1243
5821	1209
5822	1209
5823	1290
5824	1199
5825	1219
5826	1243
5827	1335
5828	1288
5829	1267
5830	1302
5831	1217
5832	1218
5833	1275
5834	1296
5835	1287
5836	1300
5837	1313
5838	1226
5839	1269
5840	1321
5841	1302
5842	1290
5843	1303
5844	1260
5845	1319
5846	1341
5847	1332
5848	1278
5849	1241
5850	1231
5851	1295
5852	1353
5853	1277
5854	1211
5855	1297
5856	1220
5857	1287
5858	1223
5859	1167
5860	1263
5861	1154
5862	1235
5863	1193
5864	1256
5865	1205
5866	1250
5867	1282
5868	1166
5869	1201
5870	1244
5871	1256
5872	1172
5873	1268
5874	1128
5875	1225
5876	1242
5877	1200
5878	1172
5879	1212
5880	1280
5881	1132
5882	1229
5883	1273
5884	1128
5885	1290
5886	1142
5887	1212
5888	1140
5889	1294
5890	1203
5891	1240
5892	1227
5893	1251
5894	1225
5895	1191
5896	1125
5897	1141
5898	1210
5899	1149
5900	1166
5901	1188
5902	1263
5903	1154
5904	1167
5905	1178
5906	1137
5907	1153
5908	1210
5909	1182
5910	1172
5911	1175
5912	1148
5913	1261
5914	1113
5915	1270
5916	1314
5917	1216
5918	1164
5919	1095
5920	1201
5921	1080
5922	1207
5923	1271
5924	1161
5925	1246
5926	1253
5927	1163
5928	1190
5929	1224
5930	1256
5931	1227
5932	1223
5933	1213
5934	1221
5935	1235
5936	1295
5937	1181
5938	1204
5939	1148
5940	1209
5941	1221
5942	1060
5943	1226
5944	1201
5945	1237
5946	1290
5947	1230
5948	1238
5949	1143
5950	1162
5951	1173
5952	1161
5953	1203
5954	1177
5955	1153
5956	1192
5957	1227
5958	1197
5959	1210
5960	1208
5961	1272
5962	1140
5963	1178
5964	1327
5965	1065
5966	1174
5967	1154
5968	1166
5969	1213
5970	1213
5971	1228
5972	1212
5973	1185
5974	1227
5975	1196
5976	1227
5977	1261
5978	1172
5979	1193
5980	1213
5981	1191
5982	1227
5983	1098
5984	1152
5985	1170
5986	1183
5987	1239
5988	1213
5989	1207
5990	1121
5991	1194
5992	1201
5993	1210
5994	1345
5995	1180
5996	1212
5997	1177
5998	1216
5999	1212
6000	1171
6001	1204
6002	1210
6003	1160
6004	1131
6005	1139
6006	1208
6007	1204
6008	1272
6009	1325
6010	1204
6011	1150
6012	1231
6013	1187
6014	1277
6015	1175
6016	1237
6017	1150
6018	1200
6019	1199
6020	1201
6021	1143
6022	1121
6023	1154
6024	1179
6025	1152
6026	1163
6027	1211
6028	1179
6029	1203
6030	1204
6031	1105
6032	1200
6033	1125
6034	1130
6035	1158
6036	1168
6037	1216
6038	1139
6039	1081
6040	1240
6041	1152
6042	1181
6043	1140
6044	1140
6045	1099
6046	1080
6047	1165
6048	1147
6049	1128
6050	1128
6051	1178
6052	1080
6053	1224
6054	1097
6055	1142
6056	1129
6057	1123
6058	1147
6059	1045
6060	1069
6061	1112
6062	1121
6063	1147
6064	1129
6065	1099
6066	1069
6067	1187
6068	1140
6069	1123
6070	1141
6071	1154
6072	1185
6073	1151
6074	1085
6075	1235
6076	1168
6077	1070
6078	1138
6079	1164
6080	1053
6081	1136
6082	1104
6083	1094
6084	1084
6085	1154
6086	1140
6087	1167
6088	1197
6089	1164
6090	1126
6091	1148
6092	1082
6093	1173
6094	1196
6095	1112
6096	1147
6097	1126
6098	1137
6099	1101
6100	1148
6101	1170
6102	1194
6103	1108
6104	1136
6105	1120
6106	1167
6107	1229
6108	1190
6109	1259
6110	1107
6111	1238
6112	1168
6113	1122
6114	1150
6115	1235
6116	1188
6117	1128
6118	1144
6119	1142
6120	1198
6121	1188
6122	1188
6123	1219
6124	1168
6125	1166
6126	1188
6127	1124
6128	1188
6129	1306
6130	1154
6131	1264
6132	1142
6133	1158
6134	1129
6135	1205
6136	1109
6137	1111
6138	1170
6139	1214
6140	1205
6141	1193
6142	1159
6143	1127
6144	1205
6145	1195
6146	1156
6147	1168
6148	1131
6149	1149
6150	1208
6151	1156
6152	1140
6153	1241
6154	1087
6155	1149
6156	1074
6157	1064
6158	1153
6159	1021
6160	981
6161	1113
6162	1106
6163	1101
6164	1057
6165	1207
6166	1015
6167	1047
6168	1139
6169	1032
6170	1078
6171	1051
6172	1037
6173	1016
6174	1014
6175	1089
6176	1024
6177	1098
6178	1087
6179	1006
6180	1034
6181	1025
6182	1155
6183	1037
6184	1002
6185	1048
6186	1073
6187	1065
6188	1101
6189	1093
6190	1022
6191	986
6192	1040
6193	956
6194	988
6195	989
6196	1097
6197	1026
6198	939
6199	992
6200	1015
6201	1031
6202	1026
6203	1013
6204	1005
6205	991
6206	979
6207	914
6208	971
6209	1082
6210	1028
6211	1058
6212	944
6213	986
6214	963
6215	1011
6216	1082
6217	1028
6218	1076
6219	963
6220	939
6221	948
6222	1016
6223	1005
6224	1048
6225	985
6226	971
6227	1006
6228	977
6229	1008
6230	1020
6231	992
6232	978
6233	1054
6234	1010
6235	953
6236	928
6237	917
6238	990
6239	974
6240	986
6241	1009
6242	975
6243	961
6244	897
6245	968
6246	977
6247	964
6248	936
6249	927
6250	969
6251	1006
6252	944
6253	1033
6254	944
6255	939
6256	947
6257	922
6258	993
6259	1042
6260	979
6261	1000
6262	963
6263	1005
6264	914
6265	1025
6266	995
6267	978
6268	998
6269	1021
6270	1012
6271	996
6272	1088
6273	1000
6274	975
6275	993
6276	1032
6277	946
6278	973
6279	925
6280	943
6281	994
6282	912
6283	990
6284	970
6285	1014
6286	1034
6287	1094
6288	999
6289	991
6290	972
6291	1028
6292	1004
6293	975
6294	1006
6295	954
6296	948
6297	962
6298	977
6299	1036
6300	1005
6301	943
6302	911
6303	987
6304	995
6305	1007
6306	997
6307	1041
6308	961
6309	913
6310	930
6311	929
6312	959
6313	1021
6314	1003
6315	969
6316	977
6317	991
6318	993
6319	1037
6320	1000
6321	1026
6322	1110
6323	993
6324	984
6325	942
6326	983
6327	1024
6328	1012
6329	973
6330	951
6331	1011
6332	972
6333	1029
6334	927
6335	1015
6336	960
6337	1047
6338	918
6339	1005
6340	980
6341	933
6342	1014
6343	1017
6344	1012
6345	959
6346	1031
6347	1020
6348	1044
6349	970
6350	956
6351	1064
6352	957
6353	1007
6354	1010
6355	943
6356	1003
6357	966
6358	930
6359	1034
6360	1093
6361	1018
6362	941
6363	1024
6364	1005
6365	962
6366	1059
6367	991
6368	986
6369	1019
6370	983
6371	1067
6372	999
6373	1057
6374	1076
6375	959
6376	1021
6377	1051
6378	985
6379	1039
6380	1027
6381	1010
6382	1042
6383	1119
6384	1094
6385	1003
6386	873
6387	942
6388	982
6389	1034
6390	1026
6391	1031
6392	1114
6393	1029
6394	1057
6395	1033
6396	1055
6397	1010
6398	1008
6399	1004
6400	1045
6401	1042
6402	1075
6403	1054
6404	1120
6405	1085
6406	1096
6407	1082
6408	1028
6409	986
6410	1044
6411	1124
6412	1037
6413	1054
6414	1018
6415	1067
6416	1157
6417	1127
6418	1057
6419	1132
6420	1051
6421	1096
6422	1037
6423	1127
6424	1084
6425	1076
6426	1045
6427	1030
6428	1048
6429	1118
6430	1083
6431	1073
6432	1118
6433	1087
6434	1101
6435	1095
6436	1080
6437	1120
6438	1064
6439	1139
6440	1109
6441	1080
6442	1118
6443	1086
6444	1108
6445	1094
6446	1034
6447	1131
6448	1051
6449	1105
6450	1076
6451	986
6452	1080
6453	1051
6454	1141
6455	1144
6456	1115
6457	1136
6458	1075
6459	1154
6460	1082
6461	1077
6462	1066
6463	1112
6464	1042
6465	1095
6466	1038
6467	1064
6468	1123
6469	1176
6470	1117
6471	1060
6472	1202
6473	1078
6474	1153
6475	1197
6476	1049
6477	1066
6478	1132
6479	1131
6480	1085
6481	1054
6482	1192
6483	1143
6484	1170
6485	1114
6486	1161
6487	1119
6488	1172
6489	1129
6490	1193
6491	1172
6492	1093
6493	1100
6494	1144
6495	1181
6496	1146
6497	1209
6498	1158
6499	1156
6500	1131
6501	1084
6502	1129
6503	1100
6504	1138
6505	1232
6506	1261
6507	1145
6508	1154
6509	1135
6510	1138
6511	1204
6512	1174
6513	1161
6514	1052
6515	1186
6516	1138
6517	1122
6518	1173
6519	1049
6520	1119
6521	1143
6522	1193
6523	1206
6524	1150
6525	1040
6526	1207
6527	1147
6528	1143
6529	1099
6530	1074
6531	1099
6532	1122
6533	1129
6534	1179
6535	1143
6536	1138
6537	1223
6538	1148
6539	1207
6540	1170
6541	1097
6542	1155
6543	1103
6544	1132
6545	1179
6546	1160
6547	1156
6548	1101
6549	1086
6550	1067
6551	1146
6552	1127
6553	1109
6554	1062
6555	1073
6556	1058
6557	1208
6558	1061
6559	1103
6560	1137
6561	1070
6562	1093
6563	1075
6564	1118
6565	1023
6566	1122
6567	1063
6568	1087
6569	1112
6570	1074
6571	1078
6572	1073
6573	1139
6574	1056
6575	1060
6576	1049
6577	1031
6578	1106
6579	1012
6580	994
6581	1102
6582	1076
6583	1148
6584	1083
6585	1112
6586	1097
6587	1118
6588	1179
6589	983
6590	1020
6591	1002
6592	1106
6593	1067
6594	989
6595	1051
6596	1040
6597	1045
6598	1126
6599	981
6600	1108
6601	1018
6602	1056
6603	1081
6604	977
6605	1012
6606	1081
6607	901
6608	1055
6609	1031
6610	1129
6611	966
6612	1112
6613	1023
6614	1032
6615	957
6616	1083
6617	1018
6618	984
6619	949
6620	1028
6621	1053
6622	1033
6623	1062
6624	936
6625	947
6626	993
6627	1001
6628	1036
6629	1002
6630	1007
6631	967
6632	1013
6633	992
6634	977
6635	949
6636	908
6637	938
6638	964
6639	938
6640	908
6641	930
6642	959
6643	976
6644	933
6645	979
6646	922
6647	958
6648	994
6649	925
6650	974
6651	903
6652	933
6653	1012
6654	957
6655	955
6656	925
6657	954
6658	899
6659	912
6660	908
6661	944
6662	967
6663	908
6664	982
6665	885
6666	1009
6667	884
6668	872
6669	861
6670	949
6671	915
6672	917
6673	963
6674	764
6675	933
6676	869
6677	935
6678	984
6679	855
6680	917
6681	817
6682	878
6683	895
6684	832
6685	979
6686	863
6687	880
6688	846
6689	925
6690	906
6691	914
6692	829
6693	940
6694	918
6695	885
6696	841
6697	894
6698	906
6699	935
6700	860
6701	869
6702	903
6703	928
6704	856
6705	855
6706	879
6707	847
6708	897
6709	938
6710	901
6711	809
6712	901
6713	914
6714	910
6715	870
6716	894
6717	865
6718	844
6719	878
6720	876
6721	840
6722	929
6723	871
6724	932
6725	872
6726	839
6727	778
6728	921
6729	880
6730	871
6731	944
6732	872
6733	844
6734	867
6735	884
6736	943
6737	852
6738	861
6739	858
6740	887
6741	880
6742	841
6743	945
6744	938
6745	851
6746	790
6747	893
6748	840
6749	761
6750	847
6751	841
6752	945
6753	828
6754	872
6755	872
6756	871
6757	860
6758	913
6759	943
6760	903
6761	956
6762	856
6763	902
6764	811
6765	896
6766	899
6767	819
6768	866
6769	869
6770	897
6771	878
6772	855
6773	906
6774	906
6775	928
6776	918
6777	839
6778	869
6779	898
6780	859
6781	847
6782	892
6783	906
6784	868
6785	876
6786	900
6787	894
6788	892
6789	915
6790	892
6791	872
6792	874
6793	925
6794	939
6795	872
6796	962
6797	890
6798	896
6799	972
6800	934
6801	899
6802	935
6803	1022
6804	913
6805	947
6806	928
6807	934
6808	868
6809	936
6810	928
6811	922
6812	871
6813	904
6814	964
6815	904
6816	921
6817	957
6818	914
6819	884
6820	884
6821	846
6822	921
6823	934
6824	833
6825	934
6826	886
6827	910
6828	965
6829	960
6830	858
6831	909
6832	863
6833	916
6834	936
6835	964
6836	874
6837	872
6838	952
6839	923
6840	941
6841	903
6842	902
6843	953
6844	938
6845	943
6846	971
6847	912
6848	904
6849	942
6850	942
6851	898
6852	1015
6853	882
6854	905
6855	829
6856	1093
6857	933
6858	922
6859	892
6860	903
6861	899
6862	913
6863	923
6864	965
6865	957
6866	962
6867	937
6868	907
6869	914
6870	938
6871	924
6872	938
6873	903
6874	930
6875	920
6876	956
6877	955
6878	916
6879	1004
6880	871
6881	915
6882	947
6883	899
6884	981
6885	939
6886	933
6887	959
6888	879
6889	1018
6890	924
6891	921
6892	915
6893	899
6894	924
6895	904
6896	916
6897	897
6898	908
6899	930
6900	894
6901	961
6902	906
6903	960
6904	920
6905	846
6906	1009
6907	967
6908	924
6909	882
6910	861
6911	961
6912	927
6913	938
6914	956
6915	909
6916	997
6917	931
6918	923
6919	881
6920	970
6921	1005
6922	899
6923	963
6924	942
6925	984
6926	895
6927	982
6928	960
6929	951
6930	935
6931	999
6932	980
6933	874
6934	936
6935	1001
6936	862
6937	974
6938	956
6939	953
6940	974
6941	963
6942	926
6943	940
6944	929
6945	932
6946	1008
6947	940
6948	984
6949	895
6950	980
6951	955
6952	961
6953	1006
6954	935
6955	976
6956	1017
6957	892
6958	873
6959	967
6960	959
6961	941
6962	890
6963	927
6964	950
6965	998
6966	993
6967	941
6968	875
6969	927
6970	897
6971	1029
6972	887
6973	948
6974	936
6975	901
6976	888
6977	900
6978	934
6979	1050
6980	969
6981	956
6982	980
6983	896
6984	971
6985	898
6986	1036
6987	878
6988	958
6989	888
6990	880
6991	951
6992	829
6993	841
6994	931
6995	959
6996	931
6997	936
6998	980
6999	915
7000	942
7001	940
7002	948
7003	918
7004	880
7005	935
7006	938
7007	943
7008	889
7009	952
7010	862
7011	880
7012	944
7013	979
7014	830
7015	925
7016	847
7017	839
7018	922
7019	924
7020	910
7021	893
7022	939
7023	792
7024	950
7025	893
7026	892
7027	893
7028	849
7029	863
7030	903
7031	841
7032	934
7033	862
7034	838
7035	879
7036	908
7037	873
7038	919
7039	824
7040	893
7041	902
7042	834
7043	835
7044	873
7045	971
7046	898
7047	840
7048	865
7049	901
7050	912
7051	878
7052	807
7053	852
7054	867
7055	851
7056	847
7057	853
7058	832
7059	876
7060	841
7061	852
7062	850
7063	879
7064	867
7065	823
7066	882
7067	882
7068	845
7069	865
7070	915
7071	887
7072	844
7073	817
7074	784
7075	892
7076	822
7077	933
7078	810
7079	907
7080	853
7081	865
7082	870
7083	922
7084	798
7085	841
7086	790
7087	875
7088	886
7089	801
7090	849
7091	848
7092	883
7093	748
7094	849
7095	856
7096	925
7097	872
7098	814
7099	872
7100	901
7101	805
7102	810
7103	834
7104	850
7105	792
7106	801
7107	836
7108	823
7109	793
7110	827
7111	839
7112	831
7113	840
7114	823
7115	843
7116	834
7117	814
7118	859
7119	824
7120	925
7121	861
7122	829
7123	781
7124	829
7125	827
7126	846
7127	852
7128	783
7129	867
7130	937
7131	880
7132	858
7133	806
7134	864
7135	841
7136	961
7137	876
7138	834
7139	867
7140	888
7141	807
7142	810
7143	883
7144	853
7145	856
7146	904
7147	895
7148	832
7149	893
7150	892
7151	835
7152	877
7153	810
7154	852
7155	835
7156	903
7157	835
7158	864
7159	863

