## htsjdk.samtools.metrics.StringHeader
# CollectInsertSizeMetrics HISTOGRAM_FILE=/work/ugbogu/pipeline/data/nbl/GSE189367/results/picard/SRR17010985_insert_size_histogram.pdf MINIMUM_PCT=0.5 INPUT=/work/ugbogu/pipeline/data/nbl/GSE189367/results/star/SRR17010985.Aligned.sortedByCoord.out.bam OUTPUT=/work/ugbogu/pipeline/data/nbl/GSE189367/results/picard/SRR17010985_insert_size_metrics.txt    DEVIATIONS=10.0 METRIC_ACCUMULATION_LEVEL=[ALL_READS] INCLUDE_DUPLICATES=false ASSUME_SORTED=true STOP_AFTER=0 VERBOSITY=INFO QUIET=false VALIDATION_STRINGENCY=STRICT COMPRESSION_LEVEL=5 MAX_RECORDS_IN_RAM=500000 CREATE_INDEX=false CREATE_MD5_FILE=false USE_JDK_DEFLATER=false USE_JDK_INFLATER=false
## htsjdk.samtools.metrics.StringHeader
# Started on: Fri Apr 10 15:57:36 UTC 2026

## METRICS CLASS	picard.analysis.InsertSizeMetrics
MEDIAN_INSERT_SIZE	MODE_INSERT_SIZE	MEDIAN_ABSOLUTE_DEVIATION	MIN_INSERT_SIZE	MAX_INSERT_SIZE	MEAN_INSERT_SIZE	STANDARD_DEVIATION	READ_PAIRS	PAIR_ORIENTATION	WIDTH_OF_10_PERCENT	WIDTH_OF_20_PERCENT	WIDTH_OF_30_PERCENT	WIDTH_OF_40_PERCENT	WIDTH_OF_50_PERCENT	WIDTH_OF_60_PERCENT	WIDTH_OF_70_PERCENT	WIDTH_OF_80_PERCENT	WIDTH_OF_90_PERCENT	WIDTH_OF_95_PERCENT	WIDTH_OF_99_PERCENT	SAMPLE	LIBRARY	READ_GROUP
999	77800	856	24	2589592	1640.205273	2140.676491	39295379	FR	739	1275	1497	1625	1713	1869	4875	11153	36347	153505	267667			

## HISTOGRAM	java.lang.Integer
insert_size	All_Reads.fr_count
24	7
25	7
26	5
27	10
28	6
29	13
30	15
31	14
32	18
33	31
34	79
35	468
36	565
37	543
38	625
39	618
40	695
41	679
42	683
43	714
44	720
45	790
46	821
47	724
48	832
49	874
50	965
51	1105
52	1081
53	1055
54	1030
55	1064
56	1194
57	1409
58	1555
59	1701
60	1788
61	1896
62	2016
63	2212
64	2013
65	2378
66	2718
67	3164
68	3831
69	3833
70	4353
71	5512
72	4689
73	6272
74	6676
75	18961
76	9943
77	7389
78	11173
79	8670
80	8005
81	10500
82	9488
83	11184
84	11077
85	10097
86	10290
87	11271
88	11958
89	13035
90	14375
91	16248
92	17707
93	19057
94	21006
95	22360
96	24065
97	26702
98	28188
99	31109
100	33355
101	35251
102	36915
103	40895
104	46938
105	55652
106	53793
107	53571
108	54266
109	56337
110	59040
111	58672
112	60809
113	65419
114	68322
115	68037
116	70551
117	72620
118	74263
119	73652
120	77960
121	82762
122	83315
123	89182
124	90923
125	86737
126	84411
127	85217
128	85921
129	86727
130	87741
131	88648
132	87253
133	89862
134	89544
135	90245
136	93804
137	92589
138	91917
139	92988
140	93214
141	93662
142	92041
143	92450
144	90806
145	90759
146	90060
147	91093
148	90762
149	91859
150	88244
151	92456
152	90204
153	92392
154	90257
155	90928
156	90289
157	89585
158	88166
159	86591
160	85670
161	86417
162	85990
163	86905
164	84696
165	82010
166	83881
167	84424
168	85672
169	86094
170	93068
171	84615
172	84439
173	83126
174	82186
175	81815
176	80103
177	79484
178	80088
179	81671
180	80381
181	79639
182	79233
183	77158
184	75019
185	72489
186	72989
187	74001
188	74918
189	71764
190	72970
191	71603
192	71365
193	70569
194	68945
195	67560
196	66062
197	66317
198	66330
199	65562
200	65068
201	65880
202	64889
203	64949
204	63220
205	64703
206	62029
207	61520
208	62185
209	60764
210	60609
211	60064
212	60732
213	59240
214	57820
215	57135
216	56930
217	57064
218	56807
219	55799
220	56065
221	56566
222	55768
223	55974
224	55539
225	54869
226	55901
227	58316
228	54599
229	55666
230	60309
231	55193
232	57339
233	61521
234	55452
235	53267
236	55453
237	51927
238	50372
239	49135
240	48959
241	48661
242	48030
243	46938
244	46950
245	46661
246	46900
247	45730
248	46038
249	45346
250	44394
251	45173
252	45131
253	45830
254	44814
255	43933
256	43942
257	43377
258	42964
259	42915
260	41436
261	42503
262	41725
263	43014
264	41221
265	42088
266	40085
267	39763
268	40628
269	39862
270	40527
271	38893
272	38279
273	39017
274	40375
275	40237
276	41252
277	36871
278	37361
279	37222
280	36020
281	36480
282	36241
283	36962
284	35995
285	35895
286	35298
287	35618
288	34516
289	34591
290	33630
291	33466
292	33494
293	33151
294	32907
295	32493
296	32111
297	32113
298	31905
299	31717
300	31513
301	31337
302	31765
303	32016
304	31270
305	31047
306	30329
307	30420
308	30081
309	29705
310	29347
311	28874
312	29154
313	28730
314	28368
315	28252
316	27655
317	28186
318	27819
319	26357
320	27089
321	27222
322	26615
323	26842
324	26748
325	26436
326	25858
327	25458
328	25731
329	26154
330	25349
331	25399
332	24345
333	24222
334	24146
335	24291
336	24605
337	24299
338	24016
339	23462
340	23539
341	24018
342	22910
343	22949
344	22784
345	22795
346	22462
347	22925
348	22474
349	22508
350	21707
351	21767
352	22219
353	21883
354	21214
355	21159
356	20802
357	21425
358	21004
359	20900
360	20717
361	20665
362	20588
363	20656
364	20809
365	20848
366	20607
367	19772
368	20411
369	19434
370	19297
371	19487
372	19469
373	19817
374	19562
375	19048
376	18084
377	17893
378	18111
379	18344
380	17842
381	17743
382	17541
383	17556
384	17905
385	17541
386	17603
387	17045
388	16878
389	17069
390	16952
391	16899
392	16874
393	16769
394	16768
395	16704
396	16837
397	17727
398	17223
399	17848
400	18098
401	17609
402	17401
403	15951
404	17982
405	15385
406	17995
407	15395
408	15160
409	14457
410	14634
411	14412
412	14085
413	13900
414	13690
415	13731
416	13685
417	13446
418	13725
419	13079
420	12939
421	12896
422	12865
423	12831
424	13046
425	12823
426	12616
427	12556
428	12936
429	12694
430	12617
431	12530
432	12269
433	11957
434	12458
435	12008
436	11740
437	11819
438	12148
439	11637
440	11997
441	11863
442	11491
443	11900
444	11413
445	11214
446	10921
447	11297
448	11210
449	11386
450	11246
451	11029
452	10861
453	11040
454	11160
455	11162
456	10749
457	10644
458	10376
459	10618
460	10416
461	10495
462	10158
463	10019
464	10067
465	10261
466	9954
467	9760
468	9976
469	9845
470	9916
471	9815
472	10044
473	9844
474	9554
475	9406
476	9602
477	9630
478	9713
479	9229
480	9543
481	9326
482	9240
483	9218
484	9577
485	9467
486	9244
487	9182
488	8923
489	9105
490	8985
491	9179
492	8962
493	8767
494	8909
495	8702
496	8824
497	8954
498	8944
499	8847
500	8636
501	8464
502	8509
503	8859
504	8461
505	8857
506	8550
507	8767
508	8709
509	8489
510	8631
511	8485
512	8363
513	8365
514	8095
515	8397
516	8179
517	8165
518	8323
519	8617
520	8181
521	8297
522	8098
523	7999
524	8245
525	7934
526	7826
527	8107
528	7946
529	8048
530	8030
531	7718
532	7840
533	8054
534	7877
535	8095
536	7917
537	7941
538	7952
539	7928
540	7812
541	7679
542	7702
543	8035
544	7593
545	7843
546	7403
547	7639
548	7369
549	7630
550	7618
551	7874
552	7540
553	7575
554	7824
555	7656
556	7760
557	7648
558	7598
559	7572
560	7526
561	7361
562	7557
563	7857
564	7437
565	7443
566	7463
567	7112
568	7336
569	7287
570	7262
571	7197
572	7224
573	7165
574	7288
575	7097
576	6874
577	7194
578	7198
579	7157
580	7180
581	6966
582	7084
583	7010
584	7100
585	7007
586	6933
587	7199
588	6930
589	7043
590	6871
591	6827
592	6993
593	7088
594	7045
595	7008
596	6844
597	7048
598	6834
599	6902
600	6667
601	6583
602	6762
603	6877
604	6743
605	6890
606	6862
607	6792
608	6833
609	6616
610	6598
611	6693
612	6818
613	6769
614	6720
615	6830
616	6641
617	6587
618	6626
619	6787
620	6989
621	6697
622	6623
623	6550
624	6731
625	7075
626	6820
627	6766
628	6536
629	6768
630	6434
631	6654
632	6562
633	6341
634	6335
635	6422
636	6370
637	6422
638	6783
639	6543
640	6449
641	6497
642	6194
643	6211
644	6415
645	6315
646	6439
647	6411
648	6204
649	6337
650	6092
651	6245
652	6440
653	6274
654	6374
655	6302
656	6271
657	6170
658	6498
659	6495
660	6231
661	6382
662	6202
663	6373
664	6285
665	6056
666	6097
667	6169
668	5922
669	6391
670	6333
671	6094
672	6139
673	6053
674	5996
675	6081
676	6038
677	5901
678	6255
679	6221
680	5969
681	6238
682	6119
683	5970
684	6515
685	6259
686	6065
687	6045
688	6167
689	6059
690	6336
691	6175
692	6454
693	6432
694	6500
695	6418
696	6351
697	6400
698	6419
699	6521
700	6447
701	6660
702	6339
703	6622
704	6115
705	6415
706	6254
707	6420
708	6330
709	6461
710	6564
711	6417
712	6191
713	6371
714	6361
715	6479
716	6361
717	6440
718	6435
719	6258
720	6124
721	6306
722	6134
723	6179
724	6142
725	6328
726	6202
727	6195
728	6213
729	5988
730	6289
731	6238
732	6329
733	6354
734	6388
735	6453
736	6264
737	6310
738	6182
739	5972
740	6195
741	6062
742	6256
743	6101
744	6154
745	6352
746	6062
747	5953
748	5985
749	6180
750	6096
751	6187
752	6078
753	6229
754	6106
755	6246
756	5967
757	5948
758	6176
759	6182
760	6033
761	6094
762	6215
763	6224
764	6220
765	5951
766	6191
767	6343
768	6019
769	6045
770	6103
771	6304
772	6099
773	6276
774	6044
775	6293
776	5960
777	6139
778	6294
779	6008
780	6222
781	6018
782	6120
783	5840
784	6125
785	6048
786	6165
787	6125
788	6134
789	6185
790	5857
791	5972
792	6351
793	6252
794	6281
795	6176
796	6147
797	5843
798	5987
799	5804
800	5930
801	5970
802	6440
803	6341
804	6535
805	6155
806	6048
807	6150
808	6153
809	5914
810	5781
811	5998
812	6101
813	5994
814	5877
815	5870
816	6071
817	5966
818	5931
819	5917
820	5974
821	6119
822	5815
823	6098
824	6001
825	6057
826	6260
827	6149
828	5867
829	5834
830	6192
831	5985
832	6034
833	6161
834	6154
835	6192
836	6420
837	6775
838	6359
839	6618
840	6080
841	6309
842	6263
843	6429
844	6672
845	6433
846	6416
847	6182
848	6319
849	6129
850	6149
851	6147
852	6154
853	6090
854	6165
855	6240
856	5968
857	6069
858	5890
859	5950
860	6104
861	6156
862	6226
863	6302
864	6226
865	6173
866	6328
867	6304
868	6221
869	6182
870	6248
871	6380
872	6407
873	6645
874	6148
875	6194
876	6348
877	6078
878	5891
879	6322
880	6125
881	5828
882	6460
883	6265
884	5945
885	6102
886	6143
887	5779
888	5785
889	5675
890	5779
891	5648
892	5924
893	5933
894	5801
895	5886
896	5757
897	5740
898	5910
899	5838
900	5994
901	5691
902	5820
903	6001
904	5621
905	5880
906	5590
907	5649
908	5568
909	5434
910	5678
911	5623
912	5668
913	5599
914	5736
915	5507
916	5644
917	5776
918	5762
919	5861
920	5740
921	5910
922	5875
923	5770
924	5555
925	5623
926	5505
927	5545
928	5679
929	5230
930	5368
931	5477
932	5644
933	5514
934	5745
935	5205
936	5338
937	5540
938	5320
939	5361
940	5625
941	5514
942	5518
943	5568
944	5567
945	5487
946	5475
947	5373
948	5470
949	5273
950	5471
951	5315
952	5351
953	5288
954	5315
955	5261
956	5207
957	5285
958	5159
959	5382
960	5042
961	5218
962	5331
963	5389
964	5179
965	5297
966	5233
967	5211
968	5189
969	5405
970	5353
971	5224
972	5356
973	5470
974	5375
975	5407
976	5382
977	5624
978	5610
979	5254
980	5534
981	5221
982	5142
983	5195
984	5191
985	5130
986	5192
987	5326
988	5093
989	5105
990	5241
991	5139
992	5382
993	5200
994	5266
995	5131
996	5148
997	5213
998	5382
999	5191
1000	5391
1001	5145
1002	5415
1003	5251
1004	5212
1005	5174
1006	5150
1007	5468
1008	5253
1009	5036
1010	5143
1011	5177
1012	5067
1013	5097
1014	5086
1015	5134
1016	5085
1017	5105
1018	5066
1019	5101
1020	5166
1021	5204
1022	5391
1023	5077
1024	5019
1025	4808
1026	5061
1027	5150
1028	4922
1029	5213
1030	5077
1031	4836
1032	5086
1033	4982
1034	5045
1035	5106
1036	5067
1037	5108
1038	5078
1039	4964
1040	4923
1041	5016
1042	4968
1043	4923
1044	5281
1045	5281
1046	5055
1047	5171
1048	5290
1049	4946
1050	5076
1051	4869
1052	5166
1053	4927
1054	5008
1055	4905
1056	4802
1057	4940
1058	4816
1059	4957
1060	4956
1061	4753
1062	4779
1063	4917
1064	4935
1065	4880
1066	4996
1067	5123
1068	4822
1069	4914
1070	4873
1071	4617
1072	4584
1073	4761
1074	4721
1075	4824
1076	4876
1077	4639
1078	4741
1079	4918
1080	4798
1081	4731
1082	4864
1083	4667
1084	4436
1085	4659
1086	4797
1087	4649
1088	4637
1089	4506
1090	4679
1091	4651
1092	4552
1093	4546
1094	4769
1095	4764
1096	4683
1097	4604
1098	4601
1099	4852
1100	4445
1101	4545
1102	4578
1103	4582
1104	4953
1105	4578
1106	4609
1107	4760
1108	4560
1109	4754
1110	4652
1111	4718
1112	4505
1113	4712
1114	4606
1115	4726
1116	4343
1117	4572
1118	4660
1119	4644
1120	4533
1121	4615
1122	4659
1123	4701
1124	4723
1125	4469
1126	4744
1127	4524
1128	4526
1129	4625
1130	4501
1131	4453
1132	4223
1133	4354
1134	4382
1135	4382
1136	4633
1137	4326
1138	4538
1139	4605
1140	4436
1141	4609
1142	4432
1143	4374
1144	4505
1145	4523
1146	4503
1147	4453
1148	4582
1149	4213
1150	4349
1151	4532
1152	4664
1153	4544
1154	4523
1155	4425
1156	4607
1157	4336
1158	4470
1159	4383
1160	4429
1161	4334
1162	4532
1163	4456
1164	4440
1165	4511
1166	4444
1167	4528
1168	4396
1169	4646
1170	4500
1171	4547
1172	4277
1173	4687
1174	4511
1175	4329
1176	4394
1177	4559
1178	4333
1179	4501
1180	4701
1181	4522
1182	4370
1183	4320
1184	4302
1185	4468
1186	4605
1187	4579
1188	4411
1189	4371
1190	4270
1191	4379
1192	4552
1193	4583
1194	4440
1195	4433
1196	4441
1197	4418
1198	4314
1199	4386
1200	4475
1201	4319
1202	4385
1203	4587
1204	4499
1205	4500
1206	4394
1207	4493
1208	4486
1209	4568
1210	4518
1211	4504
1212	4378
1213	4360
1214	4428
1215	4336
1216	4476
1217	4477
1218	4456
1219	4557
1220	4456
1221	4443
1222	4329
1223	4492
1224	4527
1225	4595
1226	4531
1227	4654
1228	4400
1229	4351
1230	4515
1231	4474
1232	4303
1233	4448
1234	4454
1235	4382
1236	4328
1237	4391
1238	4331
1239	4580
1240	4542
1241	4339
1242	4456
1243	4491
1244	4308
1245	4323
1246	4280
1247	4538
1248	4437
1249	4436
1250	4411
1251	4452
1252	4458
1253	4339
1254	4603
1255	5145
1256	4748
1257	4887
1258	4921
1259	4586
1260	4902
1261	4518
1262	4757
1263	4946
1264	5038
1265	5395
1266	4805
1267	5197
1268	4879
1269	4951
1270	4778
1271	4793
1272	4571
1273	4852
1274	4617
1275	4544
1276	4366
1277	4611
1278	4365
1279	4481
1280	4471
1281	4561
1282	4370
1283	4529
1284	4331
1285	4351
1286	4410
1287	4262
1288	4595
1289	4361
1290	4387
1291	4246
1292	4435
1293	4396
1294	4346
1295	4598
1296	4451
1297	4474
1298	4358
1299	4470
1300	4403
1301	4711
1302	4761
1303	4996
1304	4975
1305	4955
1306	4800
1307	4706
1308	4756
1309	4820
1310	4729
1311	5043
1312	4875
1313	4902
1314	5036
1315	5426
1316	4753
1317	5099
1318	4819
1319	4749
1320	4619
1321	4697
1322	4542
1323	4503
1324	4551
1325	4790
1326	4981
1327	4770
1328	4719
1329	4605
1330	4393
1331	4524
1332	4556
1333	4509
1334	4341
1335	4522
1336	4606
1337	4507
1338	4484
1339	4244
1340	4468
1341	4314
1342	4722
1343	4467
1344	4312
1345	4263
1346	4352
1347	4201
1348	4470
1349	4450
1350	4454
1351	4425
1352	4530
1353	4576
1354	4488
1355	4417
1356	4172
1357	4562
1358	4433
1359	4310
1360	4355
1361	4260
1362	4214
1363	4644
1364	4364
1365	4319
1366	4154
1367	4328
1368	4194
1369	4458
1370	4452
1371	4412
1372	4370
1373	4424
1374	4196
1375	4248
1376	4262
1377	4165
1378	4311
1379	4293
1380	4261
1381	4302
1382	4120
1383	4301
1384	4133
1385	4343
1386	4344
1387	4414
1388	4050
1389	4142
1390	4000
1391	3770
1392	4000
1393	4012
1394	4130
1395	4225
1396	4204
1397	4021
1398	4090
1399	4053
1400	4013
1401	3995
1402	4134
1403	3995
1404	4088
1405	4014
1406	4129
1407	3883
1408	4012
1409	3875
1410	4098
1411	4168
1412	4022
1413	3928
1414	4053
1415	3933
1416	4037
1417	3904
1418	3975
1419	4051
1420	3920
1421	4075
1422	4054
1423	3879
1424	3879
1425	3941
1426	4065
1427	4070
1428	4011
1429	4102
1430	3925
1431	4115
1432	4009
1433	3825
1434	3941
1435	3955
1436	4202
1437	4045
1438	4023
1439	3909
1440	3985
1441	3971
1442	4040
1443	4096
1444	3890
1445	3991
1446	4141
1447	4043
1448	4040
1449	4050
1450	3982
1451	3947
1452	4033
1453	3979
1454	3963
1455	3915
1456	3819
1457	4062
1458	4174
1459	4127
1460	4124
1461	4197
1462	4269
1463	4095
1464	3938
1465	3917
1466	4234
1467	3999
1468	4118
1469	4074
1470	4048
1471	4098
1472	4312
1473	4316
1474	4459
1475	4260
1476	4055
1477	4240
1478	4058
1479	3969
1480	3936
1481	4122
1482	4066
1483	4229
1484	4303
1485	4334
1486	4355
1487	4463
1488	4117
1489	4495
1490	4170
1491	4719
1492	5039
1493	5385
1494	5157
1495	4606
1496	4757
1497	4572
1498	4779
1499	4957
1500	4984
1501	4603
1502	4251
1503	4337
1504	4253
1505	4210
1506	4322
1507	4567
1508	4419
1509	4255
1510	4532
1511	4270
1512	4135
1513	4134
1514	4047
1515	4125
1516	4184
1517	4286
1518	4104
1519	4156
1520	4363
1521	4394
1522	4112
1523	4342
1524	4126
1525	4093
1526	4529
1527	4277
1528	4087
1529	4055
1530	4121
1531	4161
1532	4271
1533	4374
1534	4361
1535	4460
1536	4285
1537	4459
1538	4510
1539	4429
1540	4263
1541	4365
1542	4505
1543	4175
1544	4465
1545	4182
1546	4162
1547	4362
1548	4321
1549	4434
1550	4175
1551	4347
1552	4255
1553	4217
1554	4401
1555	4174
1556	4440
1557	4395
1558	4598
1559	4607
1560	4605
1561	4338
1562	4323
1563	4425
1564	4192
1565	4045
1566	4145
1567	4427
1568	4243
1569	4348
1570	4213
1571	4267
1572	4153
1573	4249
1574	4329
1575	4525
1576	4180
1577	4014
1578	4148
1579	4006
1580	4103
1581	4162
1582	3999
1583	4153
1584	4174
1585	4403
1586	4273
1587	4536
1588	4082
1589	4461
1590	4373
1591	4136
1592	4319
1593	4373
1594	4108
1595	4204
1596	4026
1597	4133
1598	4072
1599	4357
1600	4150
1601	4370
1602	4121
1603	4179
1604	4123
1605	4216
1606	4143
1607	4447
1608	4072
1609	4207
1610	4173
1611	3970
1612	4051
1613	4122
1614	4208
1615	4091
1616	4067
1617	3902
1618	4075
1619	4077
1620	4265
1621	4176
1622	4316
1623	4201
1624	4132
1625	4125
1626	4311
1627	4048
1628	4244
1629	4242
1630	4366
1631	4202
1632	4397
1633	4350
1634	4220
1635	4236
1636	4305
1637	4129
1638	4279
1639	4574
1640	4398
1641	4309
1642	4306
1643	4411
1644	4192
1645	4212
1646	4202
1647	4224
1648	4231
1649	4185
1650	4156
1651	4273
1652	4004
1653	3967
1654	3854
1655	4012
1656	3984
1657	3981
1658	4048
1659	3904
1660	4114
1661	4123
1662	3993
1663	4282
1664	4090
1665	4027
1666	3928
1667	4146
1668	4152
1669	4120
1670	4058
1671	4133
1672	4235
1673	4212
1674	4052
1675	3969
1676	3972
1677	4094
1678	3998
1679	4169
1680	3941
1681	4033
1682	4102
1683	4010
1684	4040
1685	4136
1686	3898
1687	4018
1688	3996
1689	3837
1690	3885
1691	4041
1692	3906
1693	4086
1694	4046
1695	4059
1696	3896
1697	3869
1698	3945
1699	3792
1700	3853
1701	4085
1702	3827
1703	4116
1704	3982
1705	4034
1706	4010
1707	3994
1708	3955
1709	4181
1710	4064
1711	4143
1712	4128
1713	4053
1714	3891
1715	4045
1716	4253
1717	4028
1718	4213
1719	3814
1720	3831
1721	3766
1722	3918
1723	4056
1724	3975
1725	3954
1726	3856
1727	4075
1728	4140
1729	4131
1730	4001
1731	4058
1732	4085
1733	4005
1734	4016
1735	3971
1736	3931
1737	3986
1738	3997
1739	3933
1740	3869
1741	4084
1742	3935
1743	3947
1744	3670
1745	3760
1746	3693
1747	3858
1748	3869
1749	3860
1750	3829
1751	3897
1752	3826
1753	4036
1754	3856
1755	3893
1756	3909
1757	3909
1758	3958
1759	3889
1760	4092
1761	3848
1762	3810
1763	3938
1764	3687
1765	3894
1766	3750
1767	3869
1768	3880
1769	4115
1770	4040
1771	4244
1772	4253
1773	4124
1774	3962
1775	3630
1776	3719
1777	3675
1778	3895
1779	3742
1780	3676
1781	3872
1782	3687
1783	3807
1784	3694
1785	3561
1786	3652
1787	3733
1788	3695
1789	3748
1790	3804
1791	3848
1792	3624
1793	3744
1794	3750
1795	3654
1796	3687
1797	3650
1798	3528
1799	3668
1800	3554
1801	3813
1802	3827
1803	3726
1804	3774
1805	3691
1806	3715
1807	3842
1808	3717
1809	3743
1810	4001
1811	3822
1812	3708
1813	3675
1814	3962
1815	3925
1816	3856
1817	3845
1818	3633
1819	3736
1820	3677
1821	3631
1822	3638
1823	3404
1824	3529
1825	3656
1826	3573
1827	3611
1828	3445
1829	3553
1830	3596
1831	3590
1832	3556
1833	3416
1834	3475
1835	3476
1836	3423
1837	3428
1838	3485
1839	3446
1840	3459
1841	3517
1842	3373
1843	3427
1844	3365
1845	3466
1846	3409
1847	3473
1848	3330
1849	3433
1850	3345
1851	3459
1852	3427
1853	3501
1854	3600
1855	3565
1856	3617
1857	3521
1858	3336
1859	3545
1860	3461
1861	3553
1862	3878
1863	3770
1864	3947
1865	4010
1866	3920
1867	4002
1868	3642
1869	3901
1870	3880
1871	3929
1872	4111
1873	3907
1874	3745
1875	3483
1876	3588
1877	3468
1878	3389
1879	3366
1880	3348
1881	3403
1882	3339
1883	3334
1884	3464
1885	3360
1886	3484
1887	3325
1888	3388
1889	3243
1890	3430
1891	3330
1892	3340
1893	3350
1894	3358
1895	3410
1896	3295
1897	3262
1898	3249
1899	3296
1900	3232
1901	3331
1902	3267
1903	3510
1904	3304
1905	3446
1906	3232
1907	3248
1908	3344
1909	3403
1910	3449
1911	3287
1912	3207
1913	3261
1914	3454
1915	3357
1916	3403
1917	3448
1918	3319
1919	3334
1920	3358
1921	3268
1922	3447
1923	3234
1924	3163
1925	3134
1926	3232
1927	3299
1928	3265
1929	3211
1930	3247
1931	3238
1932	3079
1933	3120
1934	3187
1935	3235
1936	3301
1937	3232
1938	3356
1939	3340
1940	3234
1941	3139
1942	3380
1943	3207
1944	3420
1945	3327
1946	3264
1947	3298
1948	3118
1949	3262
1950	3207
1951	3083
1952	3300
1953	3266
1954	3414
1955	3255
1956	3217
1957	3249
1958	3199
1959	3301
1960	3205
1961	3376
1962	3347
1963	3388
1964	3247
1965	3225
1966	3281
1967	3187
1968	3282
1969	3337
1970	3529
1971	3401
1972	3375
1973	3256
1974	3314
1975	3347
1976	3282
1977	3420
1978	3375
1979	3483
1980	3626
1981	3621
1982	3659
1983	3493
1984	3450
1985	3463
1986	3416
1987	3427
1988	3313
1989	3412
1990	3537
1991	3482
1992	3610
1993	3456
1994	3576
1995	3459
1996	3515
1997	3888
1998	3715
1999	3603
2000	3693
2001	3788
2002	3543
2003	3656
2004	3700
2005	3458
2006	3634
2007	3531
2008	3758
2009	3922
2010	3799
2011	3747
2012	3544
2013	3868
2014	3808
2015	3569
2016	3653
2017	3492
2018	3539
2019	3649
2020	3912
2021	4026
2022	3866
2023	3931
2024	3895
2025	3799
2026	3658
2027	3733
2028	3828
2029	3760
2030	3540
2031	3532
2032	3437
2033	3441
2034	3566
2035	3750
2036	3571
2037	3438
2038	3599
2039	3650
2040	3811
2041	3591
2042	3784
2043	3698
2044	3724
2045	3638
2046	3586
2047	3662
2048	3623
2049	3588
2050	3660
2051	3682
2052	3572
2053	3619
2054	3734
2055	3648
2056	3686
2057	3753
2058	3973
2059	3713
2060	3653
2061	3751
2062	3712
2063	3721
2064	3880
2065	3513
2066	3486
2067	3576
2068	3632
2069	3660
2070	3602
2071	3491
2072	3349
2073	3466
2074	3509
2075	3780
2076	3379
2077	3504
2078	3566
2079	3478
2080	3322
2081	3480
2082	3652
2083	3334
2084	3581
2085	3629
2086	3396
2087	3504
2088	3511
2089	3475
2090	3504
2091	3524
2092	3438
2093	3257
2094	3171
2095	3373
2096	3093
2097	3244
2098	3214
2099	3089
2100	3175
2101	3172
2102	3226
2103	3140
2104	3281
2105	3092
2106	3159
2107	3102
2108	3209
2109	3170
2110	3083
2111	3025
2112	3188
2113	3212
2114	3167
2115	3077
2116	3044
2117	3102
2118	3074
2119	3094
2120	3182
2121	3142
2122	3162
2123	3098
2124	3145
2125	2991
2126	3078
2127	3166
2128	3192
2129	3121
2130	3093
2131	3016
2132	3085
2133	3034
2134	2912
2135	3228
2136	3016
2137	3074
2138	2898
2139	3076
2140	2879
2141	2911
2142	2974
2143	3072
2144	3040
2145	2946
2146	2993
2147	3005
2148	3013
2149	3017
2150	3019
2151	3123
2152	3034
2153	2876
2154	2944
2155	2884
2156	2772
2157	2956
2158	2920
2159	2876
2160	2914
2161	2946
2162	2927
2163	3056
2164	2836
2165	2878
2166	3033
2167	3001
2168	3040
2169	3029
2170	3099
2171	3162
2172	3095
2173	2946
2174	2944
2175	3072
2176	2938
2177	2867
2178	3000
2179	3055
2180	2763
2181	2921
2182	2836
2183	2860
2184	2908
2185	2895
2186	2851
2187	2927
2188	2837
2189	2823
2190	2870
2191	2867
2192	2820
2193	2989
2194	2701
2195	2855
2196	2805
2197	2871
2198	2863
2199	2892
2200	2912
2201	2930
2202	3026
2203	3133
2204	3008
2205	3050
2206	2955
2207	2986
2208	3043
2209	2994
2210	2965
2211	2911
2212	2998
2213	3041
2214	2867
2215	2922
2216	2927
2217	2822
2218	2814
2219	2968
2220	2905
2221	2756
2222	2913
2223	2918
2224	3046
2225	2833
2226	3153
2227	2827
2228	2732
2229	2828
2230	2829
2231	2739
2232	2673
2233	2853
2234	2798
2235	2916
2236	2905
2237	2839
2238	2849
2239	2992
2240	2948
2241	2922
2242	2981
2243	2814
2244	2799
2245	2792
2246	3036
2247	2880
2248	2906
2249	2713
2250	2905
2251	3000
2252	3038
2253	2851
2254	2880
2255	2908
2256	2957
2257	2952
2258	3006
2259	3146
2260	2926
2261	2886
2262	2864
2263	2915
2264	3074
2265	2857
2266	2832
2267	2849
2268	2862
2269	2933
2270	2836
2271	2839
2272	2827
2273	2894
2274	2696
2275	2955
2276	3030
2277	2837
2278	3055
2279	3026
2280	2820
2281	2843
2282	2788
2283	2893
2284	2788
2285	2967
2286	2841
2287	2886
2288	2819
2289	2882
2290	2971
2291	2727
2292	2801
2293	2821
2294	2843
2295	2871
2296	2840
2297	2915
2298	2926
2299	2922
2300	2872
2301	3030
2302	2994
2303	2896
2304	3003
2305	2886
2306	2838
2307	3055
2308	2766
2309	2957
2310	2885
2311	3001
2312	2833
2313	2894
2314	2942
2315	2774
2316	2826
2317	2718
2318	2952
2319	2877
2320	2771
2321	2695
2322	2808
2323	2749
2324	2942
2325	3016
2326	2924
2327	3019
2328	2810
2329	2883
2330	2956
2331	2883
2332	2771
2333	2820
2334	2938
2335	2684
2336	2918
2337	2760
2338	2917
2339	2885
2340	2981
2341	2831
2342	2888
2343	2795
2344	2819
2345	2903
2346	2891
2347	2775
2348	2923
2349	2802
2350	2941
2351	2882
2352	2715
2353	2757
2354	2650
2355	2994
2356	2642
2357	2818
2358	2866
2359	2818
2360	2944
2361	2651
2362	2927
2363	2664
2364	2689
2365	2728
2366	2685
2367	2742
2368	2786
2369	2725
2370	2878
2371	2879
2372	2786
2373	2713
2374	2812
2375	2811
2376	2774
2377	2832
2378	2785
2379	2713
2380	2768
2381	2746
2382	2908
2383	2759
2384	2652
2385	2768
2386	2684
2387	2694
2388	2726
2389	2555
2390	2714
2391	2680
2392	2732
2393	2635
2394	2683
2395	2633
2396	2688
2397	2786
2398	2986
2399	3210
2400	2984
2401	3320
2402	2984
2403	2984
2404	2944
2405	3248
2406	2989
2407	2836
2408	2837
2409	2710
2410	2633
2411	2686
2412	2588
2413	2669
2414	2562
2415	2719
2416	2585
2417	2606
2418	2575
2419	2650
2420	2648
2421	2597
2422	2530
2423	2618
2424	2621
2425	2694
2426	2663
2427	2697
2428	2553
2429	2744
2430	2535
2431	2515
2432	2584
2433	2700
2434	2550
2435	2611
2436	2499
2437	2523
2438	2387
2439	2510
2440	2587
2441	2502
2442	2525
2443	2513
2444	2586
2445	2562
2446	2522
2447	2765
2448	2505
2449	2578
2450	2479
2451	2452
2452	2529
2453	2737
2454	2550
2455	2390
2456	2352
2457	2517
2458	2351
2459	2399
2460	2386
2461	2407
2462	2415
2463	2427
2464	2410
2465	2395
2466	2440
2467	2407
2468	2405
2469	2372
2470	2531
2471	2395
2472	2355
2473	2459
2474	2446
2475	2361
2476	2589
2477	2430
2478	2298
2479	2531
2480	2456
2481	2491
2482	2406
2483	2487
2484	2368
2485	2577
2486	2403
2487	2415
2488	2345
2489	2474
2490	2504
2491	2616
2492	2528
2493	2418
2494	2614
2495	2488
2496	2568
2497	2403
2498	2405
2499	2509
2500	2585
2501	2637
2502	2442
2503	2511
2504	2594
2505	2571
2506	2431
2507	2542
2508	2489
2509	2368
2510	2623
2511	2485
2512	2686
2513	2531
2514	2482
2515	2500
2516	2643
2517	2506
2518	2364
2519	2459
2520	2587
2521	2608
2522	2670
2523	2656
2524	2625
2525	2643
2526	2517
2527	2657
2528	2635
2529	2682
2530	2687
2531	2649
2532	2602
2533	2569
2534	2526
2535	2614
2536	2585
2537	2668
2538	2621
2539	2566
2540	2663
2541	2482
2542	2563
2543	2559
2544	2533
2545	2690
2546	2726
2547	2755
2548	2738
2549	2629
2550	2554
2551	2744
2552	2674
2553	2654
2554	2672
2555	2642
2556	2654
2557	2899
2558	2753
2559	2939
2560	2727
2561	2622
2562	2647
2563	2761
2564	2927
2565	2873
2566	2836
2567	2939
2568	2910
2569	2883
2570	2908
2571	2840
2572	2855
2573	2627
2574	2753
2575	2691
2576	2785
2577	2782
2578	2762
2579	2885
2580	2841
2581	2784
2582	2744
2583	2721
2584	2583
2585	2527
2586	2655
2587	2566
2588	2652
2589	2596
2590	2608
2591	2653
2592	2514
2593	2614
2594	2563
2595	2560
2596	2380
2597	2676
2598	2540
2599	2415
2600	2358
2601	2451
2602	2524
2603	2483
2604	2533
2605	2574
2606	2577
2607	2508
2608	2412
2609	2466
2610	2468
2611	2452
2612	2528
2613	2510
2614	2445
2615	2345
2616	2475
2617	2486
2618	2563
2619	2467
2620	2364
2621	2448
2622	2456
2623	2547
2624	2470
2625	2538
2626	2555
2627	2430
2628	2431
2629	2637
2630	2771
2631	2422
2632	2522
2633	2536
2634	2556
2635	2430
2636	2533
2637	2549
2638	2303
2639	2605
2640	2566
2641	2506
2642	2557
2643	2607
2644	2447
2645	2582
2646	2368
2647	2451
2648	2382
2649	2410
2650	2453
2651	2508
2652	2674
2653	2695
2654	2676
2655	2609
2656	2644
2657	2709
2658	2707
2659	2636
2660	2575
2661	2497
2662	2622
2663	2748
2664	2773
2665	2732
2666	2706
2667	2673
2668	2621
2669	2666
2670	2821
2671	2929
2672	3105
2673	2614
2674	2687
2675	3056
2676	2856
2677	2801
2678	3217
2679	4842
2680	3429
2681	2800
2682	2834
2683	2706
2684	2860
2685	2827
2686	2868
2687	2787
2688	2752
2689	2663
2690	2696
2691	2676
2692	2607
2693	2651
2694	2570
2695	2780
2696	2761
2697	2602
2698	2564
2699	2685
2700	2736
2701	2666
2702	2767
2703	2756
2704	2819
2705	2660
2706	2716
2707	2611
2708	2688
2709	2776
2710	2811
2711	2887
2712	2648
2713	2382
2714	2736
2715	2668
2716	2613
2717	2540
2718	2957
2719	2875
2720	2898
2721	2916
2722	2773
2723	2710
2724	2440
2725	2638
2726	2497
2727	2487
2728	2568
2729	2646
2730	2547
2731	2545
2732	2612
2733	2479
2734	2589
2735	2589
2736	2468
2737	2642
2738	2588
2739	2585
2740	2640
2741	2543
2742	2622
2743	2421
2744	2574
2745	2689
2746	2592
2747	2589
2748	2477
2749	2477
2750	2442
2751	2469
2752	2421
2753	2458
2754	2301
2755	2535
2756	2415
2757	2513
2758	2553
2759	2383
2760	2591
2761	2629
2762	2677
2763	2674
2764	2650
2765	2726
2766	2827
2767	2898
2768	2800
2769	2927
2770	2978
2771	2786
2772	2844
2773	2771
2774	2874
2775	2817
2776	2887
2777	2601
2778	2529
2779	2516
2780	2552
2781	2611
2782	2425
2783	2613
2784	2581
2785	2395
2786	2305
2787	2264
2788	2388
2789	2348
2790	2426
2791	2436
2792	2226
2793	2267
2794	2316
2795	2238
2796	2327
2797	2275
2798	2307
2799	2412
2800	2258
2801	2340
2802	2494
2803	2491
2804	2351
2805	2325
2806	2534
2807	2412
2808	2488
2809	2559
2810	2501
2811	2424
2812	2530
2813	2572
2814	2743
2815	2692
2816	2908
2817	3184
2818	2647
2819	2797
2820	2708
2821	3183
2822	3464
2823	3390
2824	3173
2825	3018
2826	3091
2827	2732
2828	2750
2829	2508
2830	2472
2831	2379
2832	2334
2833	2359
2834	2292
2835	2343
2836	2322
2837	2244
2838	2382
2839	2399
2840	2271
2841	2354
2842	2340
2843	2356
2844	2342
2845	2170
2846	2368
2847	2320
2848	2373
2849	2272
2850	2259
2851	2334
2852	2316
2853	2287
2854	2446
2855	2337
2856	2399
2857	2130
2858	2374
2859	2315
2860	2398
2861	2560
2862	2506
2863	3042
2864	2484
2865	2662
2866	2334
2867	2396
2868	2414
2869	2263
2870	2300
2871	2180
2872	2153
2873	2198
2874	2215
2875	2200
2876	2311
2877	2161
2878	2250
2879	2168
2880	2344
2881	2213
2882	2245
2883	2177
2884	2144
2885	2196
2886	2274
2887	2375
2888	2209
2889	2206
2890	2309
2891	2252
2892	2253
2893	2356
2894	2238
2895	2103
2896	2176
2897	2082
2898	2175
2899	2250
2900	2276
2901	2332
2902	2208
2903	2334
2904	2171
2905	2158
2906	2217
2907	2229
2908	2054
2909	2227
2910	2270
2911	2100
2912	2255
2913	2064
2914	2141
2915	2126
2916	2117
2917	2003
2918	2120
2919	2269
2920	2293
2921	2172
2922	2131
2923	2123
2924	2171
2925	2103
2926	2132
2927	2086
2928	2087
2929	2041
2930	2033
2931	2095
2932	2131
2933	2095
2934	2090
2935	2186
2936	2151
2937	2041
2938	2075
2939	2124
2940	2113
2941	2089
2942	2236
2943	2204
2944	2082
2945	2221
2946	2066
2947	1967
2948	2160
2949	2072
2950	2182
2951	1993
2952	2155
2953	2102
2954	2191
2955	2066
2956	2186
2957	2012
2958	2047
2959	2007
2960	2008
2961	2105
2962	2208
2963	2145
2964	2055
2965	2039
2966	2063
2967	2099
2968	2097
2969	2052
2970	2099
2971	2122
2972	2069
2973	2171
2974	2219
2975	2171
2976	2154
2977	2179
2978	2145
2979	2187
2980	2222
2981	2148
2982	2046
2983	2107
2984	2067
2985	2049
2986	2108
2987	2043
2988	2051
2989	2239
2990	2146
2991	2143
2992	2123
2993	2045
2994	2076
2995	2042
2996	2159
2997	2262
2998	2268
2999	2228
3000	2346
3001	2159
3002	2306
3003	2138
3004	2242
3005	2202
3006	2296
3007	2238
3008	2204
3009	2211
3010	2385
3011	2228
3012	2167
3013	2251
3014	2239
3015	2322
3016	2162
3017	2207
3018	2168
3019	2174
3020	2151
3021	2253
3022	2088
3023	2240
3024	2232
3025	2228
3026	2070
3027	2063
3028	2220
3029	2109
3030	2162
3031	2204
3032	2111
3033	2107
3034	2014
3035	2028
3036	2082
3037	2047
3038	2099
3039	2063
3040	2079
3041	2190
3042	2198
3043	2097
3044	2006
3045	2144
3046	2257
3047	2117
3048	2267
3049	2214
3050	2239
3051	2339
3052	2394
3053	2289
3054	2610
3055	2565
3056	2303
3057	2428
3058	2621
3059	2529
3060	2538
3061	2288
3062	2334
3063	2399
3064	2280
3065	2295
3066	2298
3067	2277
3068	2200
3069	2137
3070	2249
3071	2193
3072	2300
3073	2381
3074	2464
3075	2367
3076	2325
3077	2453
3078	2434
3079	2396
3080	2515
3081	2329
3082	2237
3083	2320
3084	2240
3085	2368
3086	2158
3087	2374
3088	2506
3089	2249
3090	2368
3091	2347
3092	2232
3093	2295
3094	2354
3095	2529
3096	2429
3097	2507
3098	2366
3099	2557
3100	2359
3101	2470
3102	2487
3103	2352
3104	2500
3105	2329
3106	2502
3107	2338
3108	2380
3109	2343
3110	2330
3111	2274
3112	2326
3113	2289
3114	2552
3115	2440
3116	2584
3117	2460
3118	2500
3119	2110
3120	2292
3121	2422
3122	2490
3123	2439
3124	2476
3125	2496
3126	2386
3127	2227
3128	2203
3129	2146
3130	2264
3131	2257
3132	2240
3133	2310
3134	2409
3135	2423
3136	2398
3137	2180
3138	2299
3139	2364
3140	2317
3141	2613
3142	2429
3143	2475
3144	2635
3145	2485
3146	2378
3147	2341
3148	2269
3149	2380
3150	2436
3151	2182
3152	2326
3153	2286
3154	2166
3155	2216
3156	2232
3157	2054
3158	2135
3159	2218
3160	2444
3161	2247
3162	2250
3163	2299
3164	2499
3165	2304
3166	2344
3167	2346
3168	2217
3169	2319
3170	2080
3171	2335
3172	2270
3173	2163
3174	2184
3175	2138
3176	2251
3177	2244
3178	2183
3179	2145
3180	2138
3181	2104
3182	2168
3183	2167
3184	2155
3185	1997
3186	2118
3187	2133
3188	2138
3189	2063
3190	2104
3191	2145
3192	2124
3193	2096
3194	2082
3195	2005
3196	2016
3197	2009
3198	2039
3199	2055
3200	2107
3201	2069
3202	2018
3203	2088
3204	2072
3205	2008
3206	1974
3207	2150
3208	1906
3209	2052
3210	2013
3211	2047
3212	2100
3213	1973
3214	1931
3215	2022
3216	2132
3217	2097
3218	1982
3219	1986
3220	2141
3221	2050
3222	2069
3223	2049
3224	2142
3225	2063
3226	2014
3227	2114
3228	1989
3229	2004
3230	2089
3231	2041
3232	2211
3233	2069
3234	1987
3235	2103
3236	2196
3237	2104
3238	1981
3239	2017
3240	2103
3241	2087
3242	2161
3243	2084
3244	2130
3245	2216
3246	2074
3247	2026
3248	1989
3249	2103
3250	2106
3251	2086
3252	1988
3253	1968
3254	1983
3255	2010
3256	2047
3257	1957
3258	1973
3259	1972
3260	2056
3261	2122
3262	2146
3263	2089
3264	2048
3265	2049
3266	1984
3267	2103
3268	1993
3269	2100
3270	2030
3271	2010
3272	2000
3273	2040
3274	2013
3275	2005
3276	2058
3277	2105
3278	2057
3279	2168
3280	2212
3281	2062
3282	2053
3283	2049
3284	2076
3285	2255
3286	2193
3287	2227
3288	2170
3289	2214
3290	2073
3291	2122
3292	2125
3293	2156
3294	2068
3295	2061
3296	2126
3297	2112
3298	2110
3299	2115
3300	2073
3301	2040
3302	2097
3303	2000
3304	2131
3305	2107
3306	2104
3307	2014
3308	2111
3309	2092
3310	2120
3311	2229
3312	2077
3313	2374
3314	2194
3315	2287
3316	2247
3317	2362
3318	2154
3319	2180
3320	2058
3321	2149
3322	2322
3323	2106
3324	2168
3325	2183
3326	2152
3327	2230
3328	2243
3329	2099
3330	2083
3331	2094
3332	2029
3333	2135
3334	2027
3335	2218
3336	2231
3337	1990
3338	2325
3339	2237
3340	2362
3341	2176
3342	2247
3343	2278
3344	2155
3345	2288
3346	2109
3347	2192
3348	2196
3349	2428
3350	2130
3351	2180
3352	2224
3353	2115
3354	2093
3355	2211
3356	2072
3357	2124
3358	2204
3359	2211
3360	2305
3361	2212
3362	2088
3363	2042
3364	2031
3365	2035
3366	2030
3367	2048
3368	2047
3369	1908
3370	2177
3371	1991
3372	2104
3373	2047
3374	1925
3375	2091
3376	2127
3377	1968
3378	1932
3379	2070
3380	2196
3381	1961
3382	2069
3383	2073
3384	2087
3385	2132
3386	2210
3387	2150
3388	1933
3389	1879
3390	2030
3391	2005
3392	1898
3393	1892
3394	1953
3395	1955
3396	1939
3397	2012
3398	1757
3399	1843
3400	1944
3401	1906
3402	1921
3403	1875
3404	1837
3405	1950
3406	1944
3407	1828
3408	1914
3409	1816
3410	1927
3411	1859
3412	1851
3413	1906
3414	1849
3415	1888
3416	1807
3417	1875
3418	1902
3419	1879
3420	1836
3421	1893
3422	1840
3423	1831
3424	1856
3425	1797
3426	1791
3427	1852
3428	1846
3429	1868
3430	1800
3431	1746
3432	1705
3433	1877
3434	1795
3435	1898
3436	1874
3437	1801
3438	1823
3439	1905
3440	1903
3441	1831
3442	1821
3443	1921
3444	1810
3445	1838
3446	1816
3447	1809
3448	1798
3449	1819
3450	1755
3451	1871
3452	1979
3453	1815
3454	1911
3455	1750
3456	1808
3457	1794
3458	1879
3459	1838
3460	1776
3461	1724
3462	1807
3463	1774
3464	1805
3465	1885
3466	1852
3467	1760
3468	1760
3469	1821
3470	1648
3471	1756
3472	1773
3473	1717
3474	1641
3475	1746
3476	1927
3477	1864
3478	1778
3479	1809
3480	1837
3481	1832
3482	1768
3483	1875
3484	1721
3485	1822
3486	1852
3487	1775
3488	1728
3489	1801
3490	1752
3491	1776
3492	1727
3493	1782
3494	1718
3495	1770
3496	1776
3497	1850
3498	1824
3499	1759
3500	1873
3501	1779
3502	1826
3503	1782
3504	1814
3505	1745
3506	1837
3507	1787
3508	1776
3509	1773
3510	1723
3511	1780
3512	1757
3513	1846
3514	1752
3515	1831
3516	1714
3517	1668
3518	1758
3519	1740
3520	1889
3521	1764
3522	1842
3523	1892
3524	1889
3525	1856
3526	1856
3527	1907
3528	1831
3529	1883
3530	1759
3531	1763
3532	1734
3533	1771
3534	1749
3535	1758
3536	1757
3537	1660
3538	1772
3539	1753
3540	1797
3541	1770
3542	1876
3543	1711
3544	1792
3545	1821
3546	1857
3547	1904
3548	1816
3549	1809
3550	1708
3551	1679
3552	1692
3553	1774
3554	1834
3555	1796
3556	1785
3557	1868
3558	1779
3559	1783
3560	1678
3561	1780
3562	1855
3563	1872
3564	1868
3565	1821
3566	1814
3567	1785
3568	1771
3569	1884
3570	1822
3571	1875
3572	1871
3573	1886
3574	1805
3575	1844
3576	1819
3577	1882
3578	1919
3579	1921
3580	2003
3581	1913
3582	2002
3583	1867
3584	1930
3585	1760
3586	1841
3587	1790
3588	1780
3589	1813
3590	1813
3591	1960
3592	1826
3593	1991
3594	1886
3595	1800
3596	1969
3597	1901
3598	1816
3599	1784
3600	1855
3601	1804
3602	1848
3603	1808
3604	1769
3605	1865
3606	1749
3607	1845
3608	1909
3609	1960
3610	1875
3611	1812
3612	1795
3613	1827
3614	1725
3615	1729
3616	1798
3617	1675
3618	1888
3619	1953
3620	1739
3621	1698
3622	1829
3623	1858
3624	1821
3625	1812
3626	1852
3627	1782
3628	1722
3629	1815
3630	1756
3631	1667
3632	1734
3633	1684
3634	1658
3635	1720
3636	1758
3637	1713
3638	1840
3639	1925
3640	1789
3641	1826
3642	1765
3643	1721
3644	1738
3645	1615
3646	1785
3647	1626
3648	1846
3649	1744
3650	1798
3651	1787
3652	1808
3653	1681
3654	1732
3655	1758
3656	1743
3657	1643
3658	1796
3659	1719
3660	1744
3661	1682
3662	1715
3663	1593
3664	1738
3665	1686
3666	1793
3667	1775
3668	1680
3669	1723
3670	1735
3671	1696
3672	1701
3673	1918
3674	1967
3675	2203
3676	1898
3677	1899
3678	1859
3679	1893
3680	2008
3681	1868
3682	1793
3683	1911
3684	1799
3685	1778
3686	1847
3687	1764
3688	1847
3689	1784
3690	1771
3691	1768
3692	1763
3693	1958
3694	1893
3695	1931
3696	2075
3697	1968
3698	1931
3699	2073
3700	2259
3701	2123
3702	2013
3703	1919
3704	1931
3705	1874
3706	1943
3707	1895
3708	1893
3709	1967
3710	1990
3711	1987
3712	2153
3713	2027
3714	1912
3715	1959
3716	2101
3717	2089
3718	1966
3719	1756
3720	1862
3721	1831
3722	1787
3723	1744
3724	1765
3725	1859
3726	2046
3727	1988
3728	1992
3729	1923
3730	1823
3731	1887
3732	1852
3733	1819
3734	1845
3735	1726
3736	1996
3737	1939
3738	1931
3739	1922
3740	1836
3741	1826
3742	1799
3743	1764
3744	1814
3745	1834
3746	1890
3747	1947
3748	2091
3749	1929
3750	1800
3751	1967
3752	1846
3753	2028
3754	1783
3755	2004
3756	1854
3757	1936
3758	1864
3759	2103
3760	1911
3761	1810
3762	1959
3763	1857
3764	1916
3765	1834
3766	1986
3767	2013
3768	2238
3769	2105
3770	2053
3771	2081
3772	2147
3773	2178
3774	2147
3775	1951
3776	1961
3777	1891
3778	1889
3779	1901
3780	1985
3781	1779
3782	1848
3783	1858
3784	1878
3785	1895
3786	1897
3787	2009
3788	1945
3789	1902
3790	1879
3791	1988
3792	1791
3793	1799
3794	1843
3795	1756
3796	1802
3797	1871
3798	1771
3799	1887
3800	1932
3801	1946
3802	2064
3803	1906
3804	1850
3805	1873
3806	1895
3807	1776
3808	1743
3809	1653
3810	1774
3811	1825
3812	1767
3813	1729
3814	1807
3815	1892
3816	1875
3817	1846
3818	1736
3819	1938
3820	1712
3821	1816
3822	1714
3823	1776
3824	1696
3825	1694
3826	1757
3827	1752
3828	1816
3829	1671
3830	1709
3831	1806
3832	1641
3833	1822
3834	1684
3835	1620
3836	1817
3837	1648
3838	1820
3839	1607
3840	1786
3841	1687
3842	1622
3843	1511
3844	1569
3845	1716
3846	1759
3847	1637
3848	1679
3849	1690
3850	1643
3851	1719
3852	1690
3853	1630
3854	1606
3855	1640
3856	1646
3857	1635
3858	1507
3859	1591
3860	1660
3861	1611
3862	1504
3863	1574
3864	1588
3865	1558
3866	1679
3867	1609
3868	1546
3869	1596
3870	1681
3871	1539
3872	1461
3873	1555
3874	1557
3875	1566
3876	1615
3877	1538
3878	1549
3879	1585
3880	1628
3881	1622
3882	1623
3883	1620
3884	1589
3885	1634
3886	1717
3887	1662
3888	1709
3889	1632
3890	1702
3891	1631
3892	1699
3893	1639
3894	1655
3895	1681
3896	1630
3897	1697
3898	1681
3899	1809
3900	1660
3901	1723
3902	1704
3903	1658
3904	1769
3905	1683
3906	1616
3907	1777
3908	1607
3909	1798
3910	1746
3911	1809
3912	1739
3913	1697
3914	1652
3915	1721
3916	1671
3917	1691
3918	1675
3919	1778
3920	1844
3921	1794
3922	1776
3923	1757
3924	1646
3925	1736
3926	1684
3927	1622
3928	1655
3929	1756
3930	1779
3931	1609
3932	1701
3933	1800
3934	1679
3935	1804
3936	1703
3937	1830
3938	1807
3939	1791
3940	1745
3941	1656
3942	1775
3943	1937
3944	1783
3945	1757
3946	1760
3947	1823
3948	1643
3949	1734
3950	1809
3951	1753
3952	1643
3953	1719
3954	1735
3955	1740
3956	1979
3957	1793
3958	1889
3959	1802
3960	1897
3961	1674
3962	1881
3963	1843
3964	1718
3965	1722
3966	1679
3967	1680
3968	1701
3969	1610
3970	1602
3971	1750
3972	1646
3973	1710
3974	1652
3975	1678
3976	1781
3977	1772
3978	1769
3979	1730
3980	1852
3981	1707
3982	1777
3983	1730
3984	1664
3985	1779
3986	1676
3987	1724
3988	1821
3989	1662
3990	1657
3991	1647
3992	1641
3993	1728
3994	1734
3995	1643
3996	1728
3997	1749
3998	1827
3999	1845
4000	1858
4001	1960
4002	1824
4003	1731
4004	1745
4005	1717
4006	1712
4007	1665
4008	1711
4009	1687
4010	1883
4011	1865
4012	1862
4013	2113
4014	2196
4015	2143
4016	2039
4017	2237
4018	2018
4019	2062
4020	2080
4021	2128
4022	2084
4023	2073
4024	2157
4025	2173
4026	2042
4027	2062
4028	2256
4029	2094
4030	2597
4031	2630
4032	4742
4033	3040
4034	3532
4035	4854
4036	2690
4037	2579
4038	2249
4039	2043
4040	2190
4041	2123
4042	1978
4043	1951
4044	1975
4045	1803
4046	1731
4047	1709
4048	1750
4049	1705
4050	1761
4051	1770
4052	1698
4053	1763
4054	1656
4055	1780
4056	1783
4057	1764
4058	1750
4059	1729
4060	1800
4061	1694
4062	1724
4063	1764
4064	1666
4065	1748
4066	1799
4067	1883
4068	1766
4069	1697
4070	1790
4071	1664
4072	1813
4073	1581
4074	1612
4075	1724
4076	1740
4077	1675
4078	1722
4079	1820
4080	1828
4081	1930
4082	1797
4083	1824
4084	1746
4085	1788
4086	1788
4087	1816
4088	1689
4089	1744
4090	1848
4091	1752
4092	1846
4093	1781
4094	1694
4095	1708
4096	1786
4097	2138
4098	2645
4099	1947
4100	1908
4101	1780
4102	1757
4103	1722
4104	1647
4105	1671
4106	1732
4107	1661
4108	1707
4109	1851
4110	1735
4111	1762
4112	1675
4113	1705
4114	1695
4115	1742
4116	1828
4117	1685
4118	1642
4119	1614
4120	1733
4121	1724
4122	1841
4123	1792
4124	1969
4125	1712
4126	1896
4127	1997
4128	1671
4129	1807
4130	1588
4131	1954
4132	1767
4133	1782
4134	1772
4135	1503
4136	1649
4137	1596
4138	1537
4139	1652
4140	1624
4141	1578
4142	1648
4143	1530
4144	1522
4145	1606
4146	1655
4147	1674
4148	1610
4149	1654
4150	1651
4151	1489
4152	1587
4153	1675
4154	1734
4155	1677
4156	1610
4157	1669
4158	1513
4159	1698
4160	1507
4161	1492
4162	1591
4163	1516
4164	1588
4165	1623
4166	1436
4167	1643
4168	1597
4169	1582
4170	1607
4171	1580
4172	1561
4173	1544
4174	1500
4175	1581
4176	1439
4177	1496
4178	1511
4179	1463
4180	1375
4181	1471
4182	1456
4183	1490
4184	1453
4185	1433
4186	1614
4187	1488
4188	1488
4189	1578
4190	1425
4191	1470
4192	1450
4193	1410
4194	1378
4195	1445
4196	1481
4197	1503
4198	1459
4199	1489
4200	1476
4201	1475
4202	1494
4203	1503
4204	1443
4205	1553
4206	1609
4207	1643
4208	1635
4209	1701
4210	1471
4211	1557
4212	1552
4213	1555
4214	1437
4215	1496
4216	1530
4217	1360
4218	1484
4219	1387
4220	1500
4221	1577
4222	1495
4223	1643
4224	1477
4225	1493
4226	1629
4227	1561
4228	1665
4229	1533
4230	1533
4231	1603
4232	1597
4233	1550
4234	1463
4235	1404
4236	1591
4237	1496
4238	1591
4239	1437
4240	1582
4241	1556
4242	1558
4243	1615
4244	1559
4245	1403
4246	1498
4247	1514
4248	1531
4249	1497
4250	1595
4251	1468
4252	1404
4253	1487
4254	1392
4255	1431
4256	1388
4257	1508
4258	1516
4259	1358
4260	1415
4261	1320
4262	1485
4263	1489
4264	1473
4265	1444
4266	1601
4267	1550
4268	1531
4269	1438
4270	1510
4271	1519
4272	1512
4273	1391
4274	1507
4275	1433
4276	1487
4277	1483
4278	1438
4279	1516
4280	1524
4281	1411
4282	1419
4283	1449
4284	1494
4285	1492
4286	1529
4287	1498
4288	1462
4289	1429
4290	1545
4291	1437
4292	1595
4293	1506
4294	1574
4295	1562
4296	1552
4297	1475
4298	1600
4299	1484
4300	1520
4301	1461
4302	1404
4303	1596
4304	1491
4305	1412
4306	1468
4307	1458
4308	1597
4309	1489
4310	1544
4311	1451
4312	1567
4313	1365
4314	1402
4315	1387
4316	1542
4317	1376
4318	1490
4319	1422
4320	1457
4321	1441
4322	1460
4323	1477
4324	1433
4325	1498
4326	1499
4327	1468
4328	1461
4329	1382
4330	1367
4331	1430
4332	1464
4333	1374
4334	1389
4335	1361
4336	1468
4337	1339
4338	1419
4339	1376
4340	1326
4341	1428
4342	1341
4343	1422
4344	1441
4345	1365
4346	1340
4347	1410
4348	1351
4349	1364
4350	1355
4351	1390
4352	1347
4353	1266
4354	1433
4355	1352
4356	1366
4357	1344
4358	1340
4359	1261
4360	1404
4361	1348
4362	1323
4363	1340
4364	1431
4365	1404
4366	1338
4367	1345
4368	1286
4369	1323
4370	1358
4371	1431
4372	1397
4373	1378
4374	1352
4375	1382
4376	1448
4377	1358
4378	1379
4379	1445
4380	1322
4381	1324
4382	1361
4383	1345
4384	1342
4385	1327
4386	1386
4387	1312
4388	1363
4389	1312
4390	1324
4391	1370
4392	1383
4393	1353
4394	1298
4395	1267
4396	1260
4397	1372
4398	1276
4399	1365
4400	1328
4401	1290
4402	1226
4403	1325
4404	1300
4405	1257
4406	1352
4407	1370
4408	1340
4409	1382
4410	1310
4411	1264
4412	1324
4413	1401
4414	1204
4415	1378
4416	1380
4417	1333
4418	1308
4419	1320
4420	1231
4421	1328
4422	1373
4423	1345
4424	1423
4425	1344
4426	1369
4427	1323
4428	1476
4429	1419
4430	1339
4431	1373
4432	1363
4433	1355
4434	1240
4435	1259
4436	1179
4437	1219
4438	1175
4439	1337
4440	1267
4441	1250
4442	1330
4443	1334
4444	1223
4445	1186
4446	1185
4447	1179
4448	1284
4449	1285
4450	1275
4451	1226
4452	1177
4453	1289
4454	1211
4455	1242
4456	1215
4457	1282
4458	1234
4459	1221
4460	1256
4461	1198
4462	1208
4463	1406
4464	1324
4465	1334
4466	1347
4467	1190
4468	1227
4469	1338
4470	1248
4471	1331
4472	1299
4473	1210
4474	1284
4475	1242
4476	1259
4477	1188
4478	1284
4479	1247
4480	1261
4481	1258
4482	1400
4483	1261
4484	1186
4485	1161
4486	1245
4487	1225
4488	1275
4489	1212
4490	1249
4491	1287
4492	1289
4493	1376
4494	1202
4495	1259
4496	1360
4497	1232
4498	1238
4499	1249
4500	1225
4501	1298
4502	1323
4503	1176
4504	1246
4505	1240
4506	1269
4507	1240
4508	1298
4509	1232
4510	1277
4511	1310
4512	1257
4513	1258
4514	1219
4515	1292
4516	1324
4517	1299
4518	1271
4519	1201
4520	1261
4521	1223
4522	1326
4523	1399
4524	1354
4525	1292
4526	1328
4527	1226
4528	1246
4529	1183
4530	1250
4531	1259
4532	1248
4533	1307
4534	1223
4535	1287
4536	1213
4537	1279
4538	1207
4539	1273
4540	1250
4541	1262
4542	1178
4543	1175
4544	1228
4545	1304
4546	1291
4547	1308
4548	1273
4549	1288
4550	1213
4551	1190
4552	1235
4553	1226
4554	1249
4555	1211
4556	1225
4557	1194
4558	1210
4559	1234
4560	1126
4561	1236
4562	1194
4563	1252
4564	1146
4565	1188
4566	1255
4567	1219
4568	1253
4569	1175
4570	1198
4571	1196
4572	1130
4573	1276
4574	1160
4575	1281
4576	1170
4577	1177
4578	1196
4579	1211
4580	1152
4581	1217
4582	1255
4583	1235
4584	1286
4585	1139
4586	1180
4587	1188
4588	1318
4589	1266
4590	1236
4591	1242
4592	1178
4593	1199
4594	1227
4595	1307
4596	1238
4597	1197
4598	1217
4599	1189
4600	1310
4601	1224
4602	1184
4603	1225
4604	1255
4605	1235
4606	1216
4607	1235
4608	1273
4609	1246
4610	1242
4611	1257
4612	1158
4613	1263
4614	1278
4615	1349
4616	1333
4617	1234
4618	1264
4619	1259
4620	1282
4621	1332
4622	1242
4623	1321
4624	1332
4625	1223
4626	1322
4627	1206
4628	1296
4629	1366
4630	1293
4631	1359
4632	1413
4633	1360
4634	1261
4635	1284
4636	1296
4637	1270
4638	1283
4639	1314
4640	1233
4641	1297
4642	1319
4643	1302
4644	1262
4645	1319
4646	1201
4647	1304
4648	1265
4649	1316
4650	1228
4651	1294
4652	1183
4653	1230
4654	1242
4655	1285
4656	1261
4657	1378
4658	1350
4659	1321
4660	1372
4661	1353
4662	1396
4663	1508
4664	1334
4665	1278
4666	1380
4667	1305
4668	1290
4669	1302
4670	1352
4671	1239
4672	1387
4673	1370
4674	1315
4675	1257
4676	1387
4677	1486
4678	1199
4679	1237
4680	1321
4681	1273
4682	1371
4683	1316
4684	1273
4685	1329
4686	1166
4687	1230
4688	1191
4689	1225
4690	1261
4691	1213
4692	1197
4693	1312
4694	1401
4695	1337
4696	1251
4697	1214
4698	1370
4699	1332
4700	1518
4701	1439
4702	1404
4703	1401
4704	1463
4705	1324
4706	1362
4707	1399
4708	1259
4709	1277
4710	1266
4711	1258
4712	1311
4713	1347
4714	1240
4715	1262
4716	1327
4717	1289
4718	1211
4719	1205
4720	1279
4721	1250
4722	1159
4723	1184
4724	1171
4725	1284
4726	1226
4727	1303
4728	1147
4729	1246
4730	1292
4731	1273
4732	1196
4733	1303
4734	1251
4735	1249
4736	1157
4737	1247
4738	1226
4739	1247
4740	1314
4741	1373
4742	1268
4743	1257
4744	1281
4745	1286
4746	1248
4747	1248
4748	1245
4749	1214
4750	1168
4751	1217
4752	1198
4753	1152
4754	1230
4755	1230
4756	1205
4757	1244
4758	1343
4759	1252
4760	1344
4761	1275
4762	1241
4763	1266
4764	1270
4765	1237
4766	1237
4767	1228
4768	1305
4769	1230
4770	1333
4771	1175
4772	1224
4773	1216
4774	1211
4775	1158
4776	1259
4777	1230
4778	1184
4779	1214
4780	1276
4781	1227
4782	1282
4783	1279
4784	1231
4785	1313
4786	1236
4787	1261
4788	1197
4789	1240
4790	1172
4791	1214
4792	1314
4793	1152
4794	1192
4795	1180
4796	1210
4797	1208
4798	1207
4799	1134
4800	1234
4801	1197
4802	1148
4803	1204
4804	1307
4805	1288
4806	1214
4807	1152
4808	1247
4809	1220
4810	1213
4811	1265
4812	1206
4813	1224
4814	1162
4815	1258
4816	1239
4817	1249
4818	1220
4819	1164
4820	1250
4821	1270
4822	1219
4823	1167
4824	1282
4825	1200
4826	1402
4827	1384
4828	1285
4829	1254
4830	1205
4831	1227
4832	1322
4833	1278
4834	1210
4835	1273
4836	1314
4837	1368
4838	1370
4839	1299
4840	1417
4841	1318
4842	1324
4843	1323
4844	1373
4845	1480
4846	1391
4847	1239
4848	1306
4849	1267
4850	1386
4851	1347
4852	1351
4853	1374
4854	1398
4855	1201
4856	1179
4857	1230
4858	1281
4859	1222
4860	1223
4861	1213
4862	1301
4863	1286
4864	1298
4865	1313
4866	1162
4867	1312
4868	1265
4869	1321
4870	1273
4871	1123
4872	1231
4873	1267
4874	1215
4875	1214
4876	1206
4877	1197
4878	1122
4879	1182
4880	1260
4881	1203
4882	1190
4883	1240
4884	1186
4885	1192
4886	1202
4887	1198
4888	1263
4889	1224
4890	1200
4891	1131
4892	1205
4893	1251
4894	1217
4895	1132
4896	1180
4897	1245
4898	1264
4899	1189
4900	1131
4901	1208
4902	1191
4903	1304
4904	1119
4905	1224
4906	1119
4907	1159
4908	1201
4909	1205
4910	1163
4911	1212
4912	1231
4913	1177
4914	1140
4915	1178
4916	1193
4917	1215
4918	1116
4919	1159
4920	1104
4921	1203
4922	1071
4923	1251
4924	1135
4925	1190
4926	1151
4927	1100
4928	1082
4929	1181
4930	1048
4931	1128
4932	1195
4933	1158
4934	1093
4935	1204
4936	1102
4937	1046
4938	1215
4939	1136
4940	1183
4941	1159
4942	1166
4943	1113
4944	1225
4945	1233
4946	1105
4947	1146
4948	1178
4949	1243
4950	1190
4951	1126
4952	1195
4953	1125
4954	1357
4955	1152
4956	1085
4957	1113
4958	1320
4959	1172
4960	1188
4961	1159
4962	1288
4963	1111
4964	1202
4965	1113
4966	1170
4967	1146
4968	1182
4969	1173
4970	1250
4971	1197
4972	1128
4973	1035
4974	1160
4975	1151
4976	1138
4977	1212
4978	1242
4979	1164
4980	1142
4981	1166
4982	1136
4983	1131
4984	1087
4985	1217
4986	1183
4987	1287
4988	1237
4989	1158
4990	1150
4991	1095
4992	1175
4993	1153
4994	1191
4995	1123
4996	1089
4997	1168
4998	1138
4999	1165
5000	1048
5001	1046
5002	1144
5003	1227
5004	1082
5005	1110
5006	1121
5007	1140
5008	1138
5009	1152
5010	1213
5011	1140
5012	1044
5013	1154
5014	1086
5015	1254
5016	1091
5017	1203
5018	1130
5019	1109
5020	1172
5021	1167
5022	1181
5023	1151
5024	1175
5025	1111
5026	1143
5027	1151
5028	1133
5029	1106
5030	1077
5031	1162
5032	1103
5033	1068
5034	1021
5035	1081
5036	1109
5037	1064
5038	1090
5039	1088
5040	1071
5041	1067
5042	1123
5043	1029
5044	1047
5045	1064
5046	1043
5047	1085
5048	1105
5049	1138
5050	1009
5051	1043
5052	1042
5053	1053
5054	1049
5055	961
5056	1101
5057	1099
5058	1042
5059	1006
5060	1006
5061	1008
5062	1003
5063	980
5064	1026
5065	1024
5066	1075
5067	1058
5068	1031
5069	1063
5070	1028
5071	1071
5072	1051
5073	952
5074	953
5075	1069
5076	1086
5077	1035
5078	1043
5079	1117
5080	1152
5081	1088
5082	1059
5083	1097
5084	1022
5085	970
5086	1027
5087	1084
5088	1050
5089	1088
5090	1107
5091	1062
5092	1160
5093	1124
5094	1057
5095	1131
5096	1066
5097	1002
5098	1054
5099	1079
5100	1064
5101	964
5102	1064
5103	1083
5104	1026
5105	1032
5106	953
5107	953
5108	987
5109	1008
5110	1046
5111	1006
5112	987
5113	1091
5114	943
5115	991
5116	1027
5117	1001
5118	1086
5119	1050
5120	1026
5121	1070
5122	1101
5123	1153
5124	1059
5125	1058
5126	1091
5127	1051
5128	1029
5129	1014
5130	963
5131	1047
5132	1000
5133	1072
5134	984
5135	1016
5136	1038
5137	1037
5138	1050
5139	990
5140	990
5141	954
5142	953
5143	979
5144	1008
5145	1051
5146	940
5147	1082
5148	979
5149	930
5150	959
5151	972
5152	973
5153	1053
5154	1011
5155	1031
5156	925
5157	1140
5158	1121
5159	1106
5160	1033
5161	1000
5162	926
5163	994
5164	1025
5165	1026
5166	1089
5167	1023
5168	1021
5169	1033
5170	919
5171	1021
5172	959
5173	1016
5174	975
5175	1048
5176	1011
5177	946
5178	1117
5179	984
5180	1070
5181	1066
5182	957
5183	1076
5184	1007
5185	1046
5186	1004
5187	1039
5188	1050
5189	968
5190	997
5191	1065
5192	950
5193	916
5194	1016
5195	879
5196	1034
5197	942
5198	982
5199	1047
5200	936
5201	933
5202	966
5203	934
5204	934
5205	1025
5206	969
5207	992
5208	911
5209	953
5210	907
5211	952
5212	968
5213	968
5214	913
5215	929
5216	978
5217	944
5218	944
5219	997
5220	998
5221	929
5222	947
5223	1008
5224	962
5225	978
5226	931
5227	962
5228	931
5229	958
5230	984
5231	976
5232	975
5233	932
5234	993
5235	1045
5236	992
5237	1055
5238	1060
5239	990
5240	953
5241	1012
5242	1011
5243	1016
5244	1022
5245	974
5246	1003
5247	1035
5248	1043
5249	1064
5250	980
5251	1006
5252	1035
5253	982
5254	953
5255	1006
5256	988
5257	952
5258	955
5259	998
5260	996
5261	962
5262	1058
5263	982
5264	1026
5265	944
5266	1024
5267	979
5268	940
5269	973
5270	933
5271	1008
5272	949
5273	995
5274	961
5275	957
5276	992
5277	964
5278	901
5279	939
5280	849
5281	1031
5282	904
5283	978
5284	1018
5285	931
5286	977
5287	946
5288	954
5289	944
5290	974
5291	953
5292	996
5293	919
5294	988
5295	959
5296	968
5297	939
5298	948
5299	1011
5300	983
5301	1003
5302	979
5303	987
5304	1043
5305	954
5306	932
5307	962
5308	1049
5309	1105
5310	1042
5311	1063
5312	1115
5313	968
5314	984
5315	945
5316	1013
5317	1055
5318	939
5319	1064
5320	1007
5321	1023
5322	964
5323	1008
5324	970
5325	1095
5326	1061
5327	1014
5328	1023
5329	1035
5330	1045
5331	1012
5332	989
5333	969
5334	970
5335	1045
5336	1038
5337	997
5338	978
5339	1044
5340	930
5341	1063
5342	1023
5343	972
5344	913
5345	1032
5346	1035
5347	1015
5348	1084
5349	967
5350	1039
5351	972
5352	1066
5353	987
5354	1011
5355	1004
5356	1035
5357	957
5358	958
5359	1023
5360	1058
5361	923
5362	973
5363	1038
5364	1059
5365	965
5366	1085
5367	1068
5368	1091
5369	1067
5370	968
5371	1010
5372	951
5373	937
5374	1094
5375	1001
5376	1076
5377	990
5378	1032
5379	1086
5380	1004
5381	1016
5382	1045
5383	1107
5384	988
5385	1003
5386	1097
5387	1088
5388	1072
5389	1095
5390	1082
5391	1154
5392	1116
5393	1199
5394	1117
5395	1045
5396	1113
5397	1193
5398	1044
5399	1087
5400	1123
5401	1012
5402	1043
5403	1013
5404	963
5405	1075
5406	1081
5407	1029
5408	1127
5409	997
5410	1042
5411	998
5412	1087
5413	1077
5414	1043
5415	1045
5416	1074
5417	1048
5418	1102
5419	1015
5420	1036
5421	1107
5422	1013
5423	1100
5424	1059
5425	991
5426	1127
5427	1069
5428	1078
5429	1071
5430	1094
5431	1071
5432	1104
5433	1159
5434	1027
5435	1047
5436	1056
5437	1112
5438	1097
5439	1168
5440	1043
5441	1018
5442	1151
5443	1007
5444	1133
5445	1076
5446	1046
5447	1104
5448	1079
5449	1074
5450	1108
5451	1153
5452	1023
5453	1043
5454	1070
5455	1071
5456	999
5457	1126
5458	1045
5459	1020
5460	1113
5461	1049
5462	1029
5463	1157
5464	1087
5465	1092
5466	1069
5467	1119
5468	1108
5469	1207
5470	1158
5471	1162
5472	1172
5473	1242
5474	1119
5475	1144
5476	1218
5477	1769
5478	1308
5479	1207
5480	1084
5481	1158
5482	1145
5483	1158
5484	1180
5485	1203
5486	1090
5487	1203
5488	1167
5489	1112
5490	1160
5491	1114
5492	1117
5493	1096
5494	1060
5495	1089
5496	1072
5497	1150
5498	1112
5499	1149
5500	1174
5501	1093
5502	1019
5503	1100
5504	1126
5505	1170
5506	1079
5507	1063
5508	1068
5509	1100
5510	1133
5511	1001
5512	1025
5513	1059
5514	1061
5515	1067
5516	1113
5517	1054
5518	1120
5519	1102
5520	1063
5521	1146
5522	1080
5523	1096
5524	1097
5525	1047
5526	1050
5527	1020
5528	1034
5529	1080
5530	1110
5531	1055
5532	993
5533	1067
5534	1061
5535	1199
5536	1183
5537	1017
5538	1131
5539	1165
5540	1115
5541	1086
5542	1098
5543	1161
5544	1209
5545	1092
5546	1188
5547	1084
5548	1108
5549	1070
5550	1092
5551	1132
5552	1165
5553	1148
5554	1000
5555	1109
5556	1170
5557	1065
5558	1097
5559	1064
5560	1069
5561	1064
5562	1064
5563	1086
5564	1013
5565	1139
5566	1053
5567	1008
5568	1070
5569	1202
5570	1090
5571	1120
5572	1076
5573	1172
5574	1206
5575	1134
5576	939
5577	970
5578	1030
5579	1058
5580	1010
5581	1075
5582	1060
5583	1036
5584	1078
5585	1084
5586	1013
5587	1044
5588	1093
5589	1299
5590	1059
5591	1077
5592	1029
5593	1124
5594	1132
5595	1039
5596	1126
5597	1096
5598	1102
5599	1065
5600	1132
5601	1123
5602	1237
5603	1237
5604	1207
5605	1265
5606	1222
5607	1173
5608	1164
5609	1265
5610	1267
5611	1162
5612	1144
5613	1037
5614	1062
5615	1181
5616	1151
5617	1157
5618	1087
5619	1129
5620	1088
5621	1183
5622	1060
5623	1131
5624	1106
5625	1036
5626	1101
5627	1021
5628	1040
5629	1094
5630	1057
5631	1121
5632	1131
5633	1137
5634	1181
5635	1085
5636	1135
5637	1131
5638	1105
5639	1072
5640	1050
5641	1028
5642	1101
5643	1137
5644	1034
5645	1043
5646	1038
5647	1095
5648	1097
5649	1085
5650	1128
5651	1109
5652	1093
5653	1082
5654	1041
5655	1052
5656	1098
5657	1142
5658	1126
5659	1151
5660	1132
5661	1122
5662	1162
5663	1098
5664	1047
5665	1129
5666	1144
5667	1144
5668	997
5669	1106
5670	1062
5671	1062
5672	1016
5673	1081
5674	1116
5675	1069
5676	1005
5677	991
5678	1124
5679	991
5680	1170
5681	1100
5682	1131
5683	1188
5684	1043
5685	1138
5686	1015
5687	1069
5688	1063
5689	1113
5690	1113
5691	1035
5692	1094
5693	992
5694	1030
5695	1048
5696	978
5697	1034
5698	1092
5699	1129
5700	1126
5701	1042
5702	991
5703	1031
5704	1018
5705	1004
5706	1042
5707	1092
5708	1015
5709	1057
5710	1033
5711	1083
5712	1055
5713	1034
5714	1073
5715	1098
5716	1127
5717	1061
5718	1028
5719	1011
5720	1056
5721	1011
5722	1140
5723	1088
5724	1076
5725	1010
5726	1010
5727	1081
5728	1001
5729	985
5730	1035
5731	946
5732	973
5733	968
5734	955
5735	989
5736	905
5737	1035
5738	988
5739	962
5740	985
5741	991
5742	945
5743	938
5744	964
5745	955
5746	904
5747	927
5748	1028
5749	919
5750	946
5751	961
5752	995
5753	990
5754	1012
5755	1114
5756	1020
5757	951
5758	979
5759	1067
5760	968
5761	986
5762	989
5763	965
5764	950
5765	995
5766	1136
5767	1088
5768	1046
5769	983
5770	1031
5771	1020
5772	1073
5773	1016
5774	988
5775	1043
5776	1026
5777	1029
5778	957
5779	1033
5780	1005
5781	998
5782	1022
5783	982
5784	1044
5785	1025
5786	1047
5787	973
5788	1051
5789	968
5790	995
5791	1014
5792	981
5793	925
5794	939
5795	988
5796	962
5797	977
5798	988
5799	1031
5800	1049
5801	899
5802	930
5803	960
5804	964
5805	979
5806	938
5807	871
5808	994
5809	999
5810	910
5811	895
5812	963
5813	1036
5814	993
5815	977
5816	1002
5817	1003
5818	1074
5819	958
5820	936
5821	910
5822	1008
5823	1053
5824	973
5825	994
5826	955
5827	915
5828	963
5829	941
5830	1012
5831	1041
5832	1029
5833	985
5834	1048
5835	967
5836	985
5837	932
5838	870
5839	961
5840	994
5841	1012
5842	945
5843	963
5844	1003
5845	941
5846	1014
5847	1017
5848	934
5849	1040
5850	990
5851	992
5852	1010
5853	952
5854	960
5855	963
5856	995
5857	965
5858	902
5859	992
5860	983
5861	929
5862	946
5863	950
5864	935
5865	939
5866	969
5867	980
5868	943
5869	869
5870	983
5871	967
5872	886
5873	977
5874	941
5875	970
5876	941
5877	954
5878	927
5879	823
5880	940
5881	890
5882	979
5883	938
5884	835
5885	1002
5886	911
5887	913
5888	965
5889	927
5890	910
5891	1033
5892	1026
5893	981
5894	930
5895	977
5896	916
5897	927
5898	899
5899	892
5900	879
5901	964
5902	935
5903	1030
5904	883
5905	911
5906	990
5907	871
5908	897
5909	921
5910	829
5911	889
5912	857
5913	919
5914	856
5915	924
5916	920
5917	896
5918	905
5919	903
5920	923
5921	936
5922	979
5923	868
5924	838
5925	913
5926	861
5927	907
5928	928
5929	953
5930	886
5931	935
5932	943
5933	909
5934	915
5935	1003
5936	919
5937	928
5938	944
5939	900
5940	925
5941	920
5942	867
5943	813
5944	910
5945	804
5946	845
5947	919
5948	939
5949	879
5950	886
5951	856
5952	928
5953	923
5954	974
5955	946
5956	847
5957	932
5958	965
5959	898
5960	924
5961	983
5962	904
5963	977
5964	921
5965	828
5966	989
5967	837
5968	877
5969	973
5970	936
5971	917
5972	875
5973	882
5974	899
5975	966
5976	871
5977	947
5978	898
5979	987
5980	874
5981	965
5982	885
5983	814
5984	897
5985	937
5986	910
5987	947
5988	925
5989	950
5990	910
5991	931
5992	956
5993	954
5994	943
5995	957
5996	897
5997	869
5998	892
5999	904
6000	891
6001	888
6002	959
6003	929
6004	929
6005	896
6006	979
6007	998
6008	946
6009	1010
6010	1004
6011	954
6012	1041
6013	937
6014	938
6015	970
6016	929
6017	942
6018	896
6019	949
6020	882
6021	952
6022	1010
6023	956
6024	913
6025	905
6026	903
6027	927
6028	932
6029	1006
6030	970
6031	942
6032	928
6033	863
6034	1014
6035	938
6036	914
6037	898
6038	1001
6039	907
6040	837
6041	895
6042	905
6043	918
6044	986
6045	929
6046	868
6047	936
6048	883
6049	893
6050	879
6051	844
6052	941
6053	881
6054	930
6055	930
6056	869
6057	941
6058	909
6059	879
6060	902
6061	869
6062	928
6063	887
6064	868
6065	910
6066	938
6067	861
6068	918
6069	939
6070	918
6071	912
6072	930
6073	914
6074	884
6075	965
6076	849
6077	821
6078	875
6079	964
6080	943
6081	908
6082	871
6083	902
6084	878
6085	901
6086	983
6087	880
6088	964
6089	936
6090	892
6091	959
6092	859
6093	875
6094	927
6095	951
6096	837
6097	897
6098	872
6099	883
6100	822
6101	836
6102	804
6103	908
6104	933
6105	892
6106	874
6107	839
6108	807
6109	834
6110	945
6111	871
6112	827
6113	906
6114	840
6115	883
6116	968
6117	921
6118	967
6119	890
6120	956
6121	909
6122	840
6123	869
6124	852
6125	844
6126	898
6127	920
6128	935
6129	920
6130	894
6131	961
6132	945
6133	1004
6134	894
6135	934
6136	827
6137	895
6138	837
6139	922
6140	885
6141	880
6142	900
6143	885
6144	874
6145	872
6146	919
6147	839
6148	922
6149	872
6150	821
6151	827
6152	917
6153	856
6154	887
6155	820
6156	856
6157	886
6158	768
6159	828
6160	830
6161	782
6162	866
6163	785
6164	852
6165	863
6166	864
6167	875
6168	865
6169	844
6170	782
6171	890
6172	783
6173	901
6174	798
6175	774
6176	832
6177	805
6178	806
6179	784
6180	837
6181	811
6182	822
6183	816
6184	768
6185	823
6186	794
6187	774
6188	801
6189	841
6190	793
6191	799
6192	875
6193	822
6194	820
6195	774
6196	891
6197	820
6198	860
6199	804
6200	746
6201	774
6202	766
6203	810
6204	736
6205	756
6206	850
6207	691
6208	802
6209	784
6210	720
6211	810
6212	747
6213	868
6214	835
6215	757
6216	773
6217	832
6218	782
6219	786
6220	837
6221	786
6222	739
6223	729
6224	791
6225	690
6226	775
6227	763
6228	756
6229	723
6230	806
6231	857
6232	737
6233	727
6234	778
6235	745
6236	790
6237	754
6238	723
6239	771
6240	752
6241	798
6242	717
6243	807
6244	812
6245	756
6246	827
6247	749
6248	719
6249	816
6250	781
6251	814
6252	790
6253	893
6254	786
6255	788
6256	795
6257	819
6258	838
6259	818
6260	812
6261	752
6262	742
6263	865
6264	790
6265	853
6266	744
6267	770
6268	776
6269	760
6270	832
6271	819
6272	765
6273	791
6274	871
6275	772
6276	778
6277	784
6278	731
6279	792
6280	799
6281	707
6282	836
6283	740
6284	811
6285	725
6286	692
6287	820
6288	757
6289	791
6290	811
6291	724
6292	755
6293	719
6294	813
6295	752
6296	789
6297	790
6298	796
6299	722
6300	782
6301	706
6302	793
6303	708
6304	801
6305	789
6306	809
6307	834
6308	811
6309	673
6310	798
6311	762
6312	821
6313	819
6314	757
6315	796
6316	843
6317	788
6318	733
6319	771
6320	744
6321	790
6322	805
6323	817
6324	832
6325	800
6326	788
6327	826
6328	920
6329	881
6330	820
6331	787
6332	812
6333	807
6334	765
6335	772
6336	866
6337	843
6338	855
6339	826
6340	814
6341	779
6342	797
6343	839
6344	854
6345	856
6346	797
6347	824
6348	771
6349	763
6350	932
6351	791
6352	818
6353	923
6354	839
6355	793
6356	844
6357	867
6358	766
6359	808
6360	808
6361	814
6362	861
6363	901
6364	783
6365	898
6366	835
6367	834
6368	849
6369	866
6370	738
6371	772
6372	778
6373	825
6374	880
6375	902
6376	781
6377	768
6378	844
6379	859
6380	827
6381	755
6382	737
6383	828
6384	802
6385	865
6386	954
6387	834
6388	850
6389	843
6390	851
6391	856
6392	871
6393	771
6394	872
6395	883
6396	860
6397	861
6398	848
6399	841
6400	883
6401	890
6402	812
6403	815
6404	839
6405	804
6406	769
6407	844
6408	861
6409	872
6410	798
6411	798
6412	915
6413	850
6414	965
6415	946
6416	857
6417	906
6418	896
6419	843
6420	901
6421	881
6422	813
6423	955
6424	953
6425	864
6426	967
6427	860
6428	914
6429	904
6430	891
6431	924
6432	971
6433	870
6434	842
6435	858
6436	952
6437	966
6438	971
6439	964
6440	888
6441	866
6442	904
6443	966
6444	958
6445	893
6446	891
6447	929
6448	836
6449	931
6450	856
6451	826
6452	829
6453	958
6454	886
6455	865
6456	846
6457	836
6458	865
6459	891
6460	877
6461	844
6462	899
6463	904
6464	853
6465	906
6466	935
6467	882
6468	847
6469	817
6470	847
6471	811
6472	852
6473	907
6474	820
6475	835
6476	940
6477	886
6478	826
6479	861
6480	884
6481	801
6482	921
6483	890
6484	936
6485	941
6486	870
6487	915
6488	788
6489	946
6490	870
6491	939
6492	849
6493	871
6494	835
6495	883
6496	880
6497	889
6498	864
6499	924
6500	841
6501	927
6502	889
6503	865
6504	868
6505	867
6506	809
6507	916
6508	883
6509	860
6510	894
6511	885
6512	921
6513	903
6514	834
6515	844
6516	908
6517	774
6518	815
6519	836
6520	888
6521	816
6522	888
6523	854
6524	832
6525	789
6526	829
6527	803
6528	830
6529	855
6530	887
6531	937
6532	829
6533	863
6534	859
6535	857
6536	909
6537	828
6538	867
6539	842
6540	799
6541	779
6542	880
6543	831
6544	866
6545	853
6546	838
6547	882
6548	842
6549	874
6550	891
6551	892
6552	833
6553	872
6554	799
6555	844
6556	831
6557	907
6558	885
6559	928
6560	861
6561	831
6562	890
6563	840
6564	840
6565	838
6566	922
6567	875
6568	815
6569	911
6570	839
6571	785
6572	835
6573	793
6574	834
6575	790
6576	842
6577	754
6578	851
6579	764
6580	806
6581	797
6582	804
6583	772
6584	836
6585	853
6586	829
6587	787
6588	799
6589	809
6590	776
6591	782
6592	830
6593	890
6594	829
6595	948
6596	814
6597	877
6598	867
6599	863
6600	915
6601	837
6602	887
6603	919
6604	886
6605	914
6606	819
6607	887
6608	794
6609	833
6610	811
6611	860
6612	883
6613	798
6614	864
6615	813
6616	879
6617	906
6618	839
6619	794
6620	784
6621	852
6622	793
6623	907
6624	844
6625	816
6626	842
6627	717
6628	832
6629	830
6630	864
6631	834
6632	828
6633	826
6634	780
6635	875
6636	795
6637	768
6638	752
6639	723
6640	746
6641	717
6642	781
6643	789
6644	840
6645	820
6646	803
6647	794
6648	787
6649	779
6650	724
6651	839
6652	706
6653	796
6654	661
6655	859
6656	701
6657	687
6658	756
6659	764
6660	724
6661	753
6662	804
6663	762
6664	744
6665	747
6666	768
6667	775
6668	815
6669	692
6670	779
6671	738
6672	715
6673	759
6674	794
6675	738
6676	710
6677	738
6678	807
6679	693
6680	759
6681	704
6682	686
6683	754
6684	708
6685	706
6686	777
6687	725
6688	748
6689	766
6690	686
6691	744
6692	677
6693	733
6694	746
6695	702
6696	689
6697	681
6698	741
6699	743
6700	752
6701	746
6702	734
6703	695
6704	721
6705	677
6706	670
6707	778
6708	691
6709	647
6710	700
6711	755
6712	737
6713	698
6714	738
6715	704
6716	738
6717	739
6718	784
6719	699
6720	775
6721	766
6722	732
6723	869
6724	787
6725	878
6726	917
6727	906
6728	820
6729	755
6730	791
6731	671
6732	723
6733	801
6734	739
6735	781
6736	801
6737	776
6738	771
6739	758
6740	807
6741	675
6742	743
6743	778
6744	766
6745	749
6746	803
6747	783
6748	772
6749	783
6750	724
6751	809
6752	744
6753	758
6754	728
6755	812
6756	683
6757	727
6758	742
6759	736
6760	792
6761	811
6762	796
6763	831
6764	808
6765	844
6766	891
6767	750
6768	817
6769	906
6770	877
6771	898
6772	824
6773	822
6774	680
6775	855
6776	836
6777	810
6778	761
6779	739
6780	701
6781	793
6782	713
6783	705
6784	797
6785	691
6786	724
6787	816
6788	785
6789	825
6790	737
6791	771
6792	805
6793	783
6794	760
6795	767
6796	734
6797	760
6798	742
6799	778
6800	738
6801	657
6802	732
6803	764
6804	707
6805	689
6806	742
6807	760
6808	766
6809	704
6810	764
6811	681
6812	727
6813	798
6814	759
6815	739
6816	706
6817	823
6818	706
6819	704
6820	764
6821	726
6822	721
6823	758
6824	720
6825	756
6826	762
6827	657
6828	743
6829	736
6830	728
6831	716
6832	751
6833	724
6834	735
6835	711
6836	780
6837	683
6838	759
6839	754
6840	805
6841	753
6842	709
6843	734
6844	738
6845	750
6846	712
6847	754
6848	773
6849	779
6850	684
6851	729
6852	723
6853	798
6854	833
6855	864
6856	809
6857	829
6858	727
6859	756
6860	767
6861	775
6862	753
6863	711
6864	720
6865	780
6866	698
6867	706
6868	687
6869	690
6870	742
6871	704
6872	750
6873	690
6874	763
6875	775
6876	741
6877	723
6878	773
6879	754
6880	719
6881	797
6882	775
6883	706
6884	735
6885	734
6886	824
6887	747
6888	684
6889	765
6890	738
6891	719
6892	717
6893	759
6894	723
6895	725
6896	656
6897	714
6898	698
6899	693
6900	759
6901	786
6902	696
6903	718
6904	721
6905	787
6906	706
6907	782
6908	719
6909	771
6910	705
6911	690
6912	700
6913	720
6914	734
6915	694
6916	744
6917	687
6918	693
6919	672
6920	810
6921	716
6922	718
6923	681
6924	712
6925	670
6926	700
6927	707
6928	782
6929	740
6930	705
6931	687
6932	728
6933	681
6934	733
6935	780
6936	726
6937	695
6938	732
6939	695
6940	772
6941	770
6942	764
6943	704
6944	693
6945	669
6946	725
6947	744
6948	702
6949	751
6950	759
6951	790
6952	750
6953	728
6954	706
6955	736
6956	782
6957	724
6958	711
6959	709
6960	682
6961	727
6962	703
6963	720
6964	703
6965	733
6966	738
6967	733
6968	782
6969	733
6970	703
6971	777
6972	723
6973	718
6974	745
6975	609
6976	789
6977	673
6978	707
6979	696
6980	741
6981	779
6982	723
6983	754
6984	652
6985	685
6986	703
6987	724
6988	780
6989	700
6990	713
6991	759
6992	705
6993	759
6994	787
6995	768
6996	684
6997	683
6998	849
6999	755
7000	679
7001	775
7002	714
7003	719
7004	742
7005	713
7006	758
7007	755
7008	770
7009	715
7010	695
7011	666
7012	748
7013	722
7014	664
7015	664
7016	705
7017	700
7018	737
7019	713
7020	784
7021	695
7022	727
7023	652
7024	771
7025	728
7026	733
7027	749
7028	731
7029	743
7030	790
7031	780
7032	763
7033	714
7034	798
7035	701
7036	721
7037	753
7038	702
7039	734
7040	752
7041	747
7042	830
7043	739
7044	726
7045	775
7046	688
7047	731
7048	750
7049	703
7050	716
7051	722
7052	794
7053	760
7054	748
7055	739
7056	781
7057	776
7058	727
7059	789
7060	769
7061	815
7062	743
7063	814
7064	861
7065	830
7066	837
7067	811
7068	816
7069	701
7070	770
7071	770
7072	793
7073	749
7074	747
7075	779
7076	764
7077	727
7078	807
7079	743
7080	793
7081	802
7082	780
7083	800
7084	690
7085	766
7086	721
7087	761
7088	737
7089	737
7090	733
7091	746
7092	742
7093	857
7094	816
7095	793
7096	750
7097	776
7098	764
7099	783
7100	744
7101	801
7102	772
7103	772
7104	759
7105	848
7106	726
7107	751
7108	779
7109	804
7110	778
7111	765
7112	705
7113	763
7114	737
7115	731
7116	753
7117	715
7118	776
7119	763
7120	743
7121	712
7122	721
7123	778
7124	647
7125	648
7126	722
7127	807
7128	678
7129	716
7130	716
7131	678
7132	645
7133	644
7134	742
7135	656
7136	680
7137	639
7138	799
7139	747
7140	690
7141	645
7142	708
7143	653
7144	677
7145	702
7146	657
7147	806
7148	763
7149	734
7150	697
7151	731
7152	752
7153	766
7154	734
7155	691
7156	717
7157	656
7158	668
7159	726
7160	726
7161	728
7162	749
7163	740
7164	677
7165	696
7166	737
7167	773
7168	736
7169	732
7170	700
7171	692
7172	768
7173	654
7174	702
7175	728
7176	727
7177	710
7178	734
7179	738
7180	779
7181	760
7182	682
7183	666
7184	713
7185	725
7186	824
7187	782
7188	741
7189	748
7190	716
7191	690
7192	744
7193	692
7194	735
7195	680
7196	702
7197	729
7198	729
7199	773
7200	811
7201	817
7202	732
7203	752
7204	724
7205	768
7206	814
7207	752
7208	748
7209	694
7210	698
7211	703
7212	659
7213	711
7214	736
7215	708
7216	780
7217	723
7218	678
7219	760
7220	722
7221	686
7222	717
7223	751
7224	788
7225	758
7226	756
7227	696
7228	695
7229	729
7230	782
7231	728
7232	627
7233	679
7234	737
7235	718
7236	732
7237	740
7238	780
7239	739
7240	745
7241	691
7242	700
7243	696
7244	733
7245	701
7246	625
7247	626
7248	670
7249	695
7250	695
7251	706
7252	663
7253	704
7254	705
7255	750
7256	673
7257	734
7258	751
7259	669
7260	720
7261	752
7262	659
7263	791
7264	739
7265	710
7266	730
7267	706
7268	694
7269	669
7270	726
7271	660
7272	749
7273	620
7274	681
7275	704
7276	714
7277	764
7278	659
7279	765
7280	764
7281	770
7282	750
7283	751
7284	723
7285	822
7286	730
7287	817
7288	776
7289	726
7290	716
7291	724
7292	738
7293	730
7294	724
7295	750
7296	680
7297	719
7298	738
7299	678
7300	583
7301	638
7302	682
7303	726
7304	710
7305	761
7306	628
7307	704
7308	648
7309	637
7310	728
7311	668
7312	655
7313	659
7314	682
7315	656
7316	710
7317	651
7318	672
7319	740
7320	659
7321	652
7322	628
7323	694
7324	686
7325	737
7326	607
7327	680
7328	729
7329	695
7330	636
7331	689
7332	699
7333	650
7334	676
7335	636
7336	635
7337	643
7338	646
7339	643
7340	694
7341	718
7342	648
7343	728
7344	623
7345	697
7346	646
7347	649
7348	681
7349	669
7350	620
7351	650
7352	711
7353	677
7354	690
7355	672
7356	681
7357	572
7358	637
7359	747
7360	639
7361	586
7362	671
7363	635
7364	676
7365	621
7366	625
7367	692
7368	683
7369	668
7370	639
7371	683
7372	699
7373	675
7374	649
7375	664
7376	707
7377	639
7378	673
7379	664
7380	632
7381	615
7382	686
7383	653
7384	652
7385	631
7386	637
7387	629
7388	605
7389	582
7390	634
7391	574
7392	613
7393	561
7394	630
7395	635
7396	685
7397	614
7398	548
7399	643
7400	582
7401	630
7402	615
7403	688
7404	644
7405	639
7406	608
7407	581
7408	587
7409	641
7410	658
7411	595
7412	629
7413	573
7414	595
7415	663
7416	634
7417	668
7418	656
7419	700
7420	678
7421	628
7422	618
7423	612
7424	626
7425	625
7426	578
7427	616
7428	622
7429	621
7430	575
7431	559
7432	586
7433	586
7434	597
7435	613
7436	622
7437	624
7438	532
7439	630
7440	616
7441	591
7442	639
7443	562
7444	647
7445	587
7446	627
7447	637
7448	539
7449	525
7450	588
7451	589
7452	620
7453	616
7454	595
7455	603
7456	565
7457	598
7458	600
7459	567
7460	622
7461	597
7462	639
7463	625
7464	605
7465	605
7466	537
7467	530
7468	575
7469	528
7470	568
7471	585
7472	582
7473	542
7474	587
7475	551
7476	597
7477	569
7478	617
7479	557
7480	603
7481	563
7482	564
7483	568
7484	602
7485	633
7486	619
7487	593
7488	620
7489	641
7490	554
7491	559
7492	577
7493	527
7494	592
7495	549
7496	570
7497	528
7498	568
7499	587
7500	555
7501	579
7502	597
7503	635
7504	632
7505	586
7506	600
7507	652
7508	655
7509	629
7510	700
7511	636
7512	626
7513	671
7514	603
7515	649
7516	634
7517	698
7518	632
7519	604
7520	642
7521	585
7522	627
7523	650
7524	613
7525	615
7526	646
7527	598
7528	663
7529	633
7530	627
7531	649
7532	604
7533	579
7534	641
7535	579
7536	625
7537	622
7538	529
7539	603
7540	544
7541	607
7542	560
7543	572
7544	577
7545	606
7546	632
7547	597
7548	668
7549	624
7550	598
7551	546
7552	558
7553	583
7554	567
7555	621
7556	601
7557	585
7558	560
7559	605
7560	604
7561	595
7562	588
7563	548
7564	607
7565	567
7566	579
7567	545
7568	567
7569	617
7570	639
7571	571
7572	595
7573	623
7574	587
7575	560
7576	561
7577	562
7578	604
7579	595
7580	559
7581	562
7582	675
7583	557
7584	584
7585	625
7586	568
7587	590
7588	582
7589	654
7590	558
7591	643
7592	564
7593	612
7594	543
7595	514
7596	558
7597	611
7598	618
7599	574
7600	591
7601	610
7602	642
7603	502
7604	584
7605	541
7606	518
7607	593
7608	571
7609	554
7610	601
7611	570
7612	593
7613	576
7614	590
7615	615
7616	628
7617	587
7618	515
7619	559
7620	546
7621	581
7622	585
7623	552
7624	522
7625	588
7626	634
7627	582
7628	517
7629	541
7630	566
7631	582
7632	549
7633	531
7634	510
7635	570
7636	563
7637	544
7638	530
7639	569
7640	527
7641	585
7642	549
7643	560
7644	559
7645	612
7646	599
7647	634
7648	610
7649	602
7650	617
7651	603
7652	578
7653	532
7654	612
7655	626
7656	590
7657	598
7658	595
7659	586
7660	542
7661	526
7662	621
7663	519
7664	617
7665	591
7666	505
7667	542
7668	563
7669	573
7670	605
7671	560
7672	528
7673	554
7674	627
7675	557
7676	595
7677	595
7678	545
7679	550
7680	587
7681	616
7682	598
7683	523
7684	580
7685	603
7686	577
7687	607
7688	616
7689	559
7690	547
7691	579
7692	567
7693	600
7694	611
7695	601
7696	546
7697	645
7698	541
7699	548
7700	555
7701	593
7702	570
7703	583
7704	587
7705	581
7706	596
7707	593
7708	650
7709	554
7710	621
7711	575
7712	561
7713	557
7714	537
7715	538
7716	576
7717	633
7718	578
7719	587
7720	627
7721	593
7722	612
7723	600
7724	560
7725	581
7726	613
7727	601
7728	615
7729	545
7730	579
7731	623
7732	586
7733	618
7734	587
7735	645
7736	615
7737	567
7738	566
7739	583
7740	628
7741	574
7742	591
7743	575
7744	557
7745	579
7746	541
7747	604
7748	564
7749	555
7750	571
7751	574
7752	614
7753	551
7754	589
7755	581
7756	539
7757	546
7758	579
7759	627
7760	574
7761	602
7762	548
7763	562
7764	568
7765	618
7766	547
7767	541
7768	603
7769	575
7770	523
7771	523
7772	591
7773	577
7774	603
7775	516
7776	527
7777	586
7778	595
7779	604
7780	556
7781	579
7782	567
7783	564
7784	610
7785	557
7786	659
7787	592
7788	636
7789	566
7790	614
7791	580
7792	600
7793	603
7794	592
7795	661
7796	618
7797	600
7798	620
7799	602
7800	587
7801	638
7802	566
7803	586
7804	606
7805	675
7806	616
7807	638
7808	661
7809	593
7810	587
7811	604
7812	602
7813	521
7814	655
7815	597
7816	621
7817	585
7818	600
7819	617
7820	602
7821	649
7822	614
7823	628
7824	637
7825	564
7826	618
7827	601
7828	584
7829	566
7830	522
7831	573
7832	640
7833	546
7834	576
7835	598
7836	541
7837	554
7838	610
7839	519
7840	584
7841	568
7842	548
7843	565
7844	559
7845	667
7846	585
7847	614
7848	569
7849	567
7850	565
7851	591
7852	612
7853	613
7854	566
7855	565
7856	583
7857	566
7858	615
7859	610
7860	546
7861	609
7862	610
7863	603
7864	589
7865	564
7866	625
7867	549
7868	571
7869	585
7870	651
7871	613
7872	572
7873	603
7874	597
7875	630
7876	602
7877	604
7878	620
7879	610
7880	582
7881	628
7882	580
7883	614
7884	582
7885	597
7886	604
7887	600
7888	605
7889	629
7890	641
7891	600
7892	589
7893	572
7894	625
7895	610
7896	622
7897	580
7898	617
7899	589
7900	621
7901	616
7902	637
7903	638
7904	582
7905	648
7906	645
7907	681
7908	596
7909	630
7910	633
7911	668
7912	626
7913	617
7914	644
7915	626
7916	638
7917	629
7918	619
7919	700
7920	629
7921	724
7922	679
7923	653
7924	684
7925	635
7926	668
7927	642
7928	661
7929	615
7930	624
7931	646
7932	647
7933	623
7934	632
7935	692
7936	604
7937	642
7938	590
7939	643
7940	633
7941	651
7942	622
7943	553
7944	637
7945	662
7946	616
7947	564
7948	622
7949	630
7950	622
7951	600
7952	579
7953	524
7954	574
7955	600
7956	629
7957	614
7958	572
7959	631
7960	613
7961	640
7962	559
7963	557
7964	624
7965	645
7966	625
7967	573
7968	595
7969	565
7970	621
7971	602
7972	619
7973	593
7974	606
7975	630
7976	627
7977	580
7978	635
7979	565
7980	583
7981	607
7982	607
7983	616
7984	568
7985	601
7986	634
7987	604
7988	635
7989	595
7990	639
7991	595
7992	569
7993	594
7994	591
7995	548
7996	573
7997	569
7998	575
7999	562
8000	565
8001	546
8002	529
8003	563
8004	598
8005	574
8006	558
8007	571
8008	588
8009	553
8010	576
8011	598
8012	535
8013	606
8014	572
8015	578
8016	594
8017	562
8018	578
8019	569
8020	604
8021	548
8022	597
8023	671
8024	524
8025	648
8026	617
8027	635
8028	661
8029	677
8030	620
8031	655
8032	585
8033	712
8034	674
8035	734
8036	641
8037	626
8038	622
8039	641
8040	610
8041	660
8042	671
8043	670
8044	688
8045	794
8046	741
8047	649
8048	618
8049	655
8050	684
8051	696
8052	704
8053	755
8054	586
8055	731
8056	684
8057	720
8058	694
8059	713
8060	746
8061	739
8062	687
8063	775
8064	857
8065	733
8066	837
8067	716
8068	730
8069	815
8070	682
8071	764
8072	655
8073	764
8074	655
8075	836
8076	801
8077	711
8078	731
8079	737
8080	764
8081	671
8082	749
8083	775
8084	699
8085	724
8086	714
8087	680
8088	684
8089	661
8090	594
8091	631
8092	699
8093	666
8094	671
8095	623
8096	677
8097	571
8098	669
8099	694
8100	628
8101	773
8102	646
8103	681
8104	661
8105	641
8106	607
8107	711
8108	644
8109	701
8110	676
8111	663
8112	676
8113	708
8114	689
8115	682
8116	700
8117	688
8118	685
8119	719
8120	693
8121	679
8122	651
8123	710
8124	704
8125	739
8126	669
8127	645
8128	682
8129	664
8130	703
8131	702
8132	744
8133	670
8134	640
8135	696
8136	677
8137	724
8138	698
8139	712
8140	708
8141	712
8142	729
8143	694
8144	712
8145	661
8146	688
8147	637
8148	670
8149	774
8150	727
8151	663
8152	643
8153	676
8154	653
8155	631
8156	655
8157	733
8158	781
8159	656
8160	622
8161	683
8162	560
8163	634
8164	639
8165	710
8166	617
8167	604
8168	662
8169	628
8170	606
8171	677
8172	661
8173	574
8174	640
8175	637
8176	627
8177	717
8178	544
8179	649
8180	668
8181	652
8182	572
8183	602
8184	558
8185	614
8186	584
8187	518
8188	582
8189	586
8190	617
8191	564
8192	590
8193	662
8194	596
8195	605
8196	554
8197	579
8198	517
8199	595
8200	615
8201	605
8202	573
8203	633
8204	593
8205	580
8206	559
8207	597
8208	605
8209	663
8210	654
8211	577
8212	652
8213	549
8214	610
8215	567
8216	529
8217	589
8218	595
8219	640
8220	561
8221	541
8222	657
8223	611
8224	593
8225	598
8226	583
8227	643
8228	633
8229	603
8230	624
8231	597
8232	575
8233	606
8234	628
8235	565
8236	578
8237	648
8238	600
8239	546
8240	504
8241	586
8242	579
8243	577
8244	541
8245	601
8246	519
8247	579
8248	567
8249	557
8250	633
8251	588
8252	585
8253	605
8254	584
8255	548
8256	572
8257	542
8258	494
8259	509
8260	604
8261	510
8262	586
8263	532
8264	522
8265	560
8266	566
8267	554
8268	615
8269	605
8270	530
8271	542
8272	589
8273	478
8274	488
8275	531
8276	545
8277	504
8278	543
8279	491
8280	549
8281	501
8282	577
8283	604
8284	563
8285	565
8286	589
8287	574
8288	594
8289	560
8290	509
8291	569
8292	525
8293	569
8294	556
8295	495
8296	532
8297	530
8298	552
8299	583
8300	582
8301	545
8302	561
8303	565
8304	552
8305	565
8306	562
8307	554
8308	542
8309	483
8310	546
8311	565
8312	567
8313	569
8314	549
8315	590
8316	555
8317	564
8318	576
8319	562
8320	570
8321	557
8322	545
8323	528
8324	564
8325	553
8326	548
8327	515
8328	521
8329	508
8330	550
8331	547
8332	532
8333	558
8334	517
8335	542
8336	515
8337	538
8338	551
8339	562
8340	529
8341	485
8342	597
8343	553
8344	586
8345	540
8346	525
8347	604
8348	506
8349	522
8350	520
8351	545
8352	553
8353	528
8354	541
8355	560
8356	540
8357	562
8358	550
8359	542
8360	537
8361	567
8362	571
8363	486
8364	544
8365	549
8366	520
8367	573
8368	527
8369	546
8370	482
8371	498
8372	548
8373	545
8374	523
8375	559
8376	558
8377	478
8378	552
8379	512
8380	514
8381	499
8382	491
8383	516
8384	542
8385	586
8386	528
8387	499
8388	563
8389	582
8390	566
8391	528
8392	579
8393	564
8394	616
8395	595
8396	598
8397	480
8398	518
8399	564
8400	526
8401	558
8402	522
8403	519
8404	569
8405	557
8406	585
8407	528
8408	582
8409	584
8410	614
8411	618
8412	597
8413	536
8414	551
8415	550
8416	507
8417	528
8418	564
8419	587
8420	545
8421	529
8422	585
8423	588
8424	556
8425	556
8426	521
8427	551
8428	518
8429	590
8430	530
8431	578
8432	459
8433	558
8434	533
8435	550
8436	524
8437	500
8438	583
8439	535
8440	572
8441	600
8442	613
8443	545
8444	569
8445	583
8446	530
8447	559
8448	544
8449	563
8450	504
8451	570
8452	572
8453	528
8454	538
8455	547
8456	450
8457	569
8458	534
8459	547
8460	541
8461	529
8462	491
8463	545
8464	540
8465	540
8466	549
8467	518
8468	556
8469	449
8470	472
8471	487
8472	521
8473	559
8474	512
8475	510
8476	547
8477	516
8478	534
8479	505
8480	523
8481	527
8482	506
8483	457
8484	495
8485	489
8486	524
8487	488
8488	490
8489	486
8490	458
8491	488
8492	508
8493	473
8494	567
8495	491
8496	516
8497	488
8498	497
8499	452
8500	504
8501	524
8502	515
8503	496
8504	504
8505	521
8506	486
8507	579
8508	521
8509	470
8510	536
8511	521
8512	533
8513	479
8514	499
8515	488
8516	488
8517	535
8518	555
8519	509
8520	457
8521	476
8522	489
8523	527
8524	528
8525	489
8526	523
8527	521
8528	540
8529	571
8530	513
8531	501
8532	514
8533	506
8534	560
8535	550
8536	567
8537	475
8538	562
8539	539
8540	501
8541	485
8542	552
8543	466
8544	545
8545	530
8546	523
8547	513
8548	556
8549	490
8550	548
8551	528
8552	568
8553	609
8554	503
8555	573
8556	566
8557	483
8558	554
8559	500
8560	572
8561	503
8562	426
8563	483
8564	464
8565	464
8566	501
8567	487
8568	491
8569	504
8570	499
8571	477
8572	508
8573	474
8574	515
8575	481
8576	450
8577	495
8578	522
8579	503
8580	455
8581	556
8582	579
8583	519
8584	590
8585	493
8586	501
8587	500
8588	500
8589	463
8590	500
8591	446
8592	475
8593	499
8594	450
8595	472
8596	473
8597	448
8598	427
8599	467
8600	467
8601	390
8602	439
8603	441
8604	429
8605	444
8606	454
8607	410
8608	442
8609	413
8610	478
8611	445
8612	430
8613	436
8614	429
8615	403
8616	461
8617	447
8618	426
8619	427
8620	410
8621	440
8622	467
8623	460
8624	424
8625	420
8626	430
8627	410
8628	477
8629	419
8630	443
8631	388
8632	457
8633	464
8634	444
8635	426
8636	469
8637	414
8638	432
8639	428
8640	420
8641	472
8642	422
8643	406
8644	437
8645	500
8646	420
8647	390
8648	413
8649	435
8650	450
8651	480
8652	455
8653	455
8654	435
8655	455
8656	451
8657	454
8658	438
8659	465
8660	441
8661	400
8662	443
8663	475
8664	429
8665	439
8666	424
8667	501
8668	444
8669	484
8670	406
8671	479
8672	476
8673	439
8674	455
8675	475
8676	455
8677	427
8678	480
8679	438
8680	428
8681	420
8682	427
8683	435
8684	431
8685	447
8686	485
8687	471
8688	453
8689	390
8690	423
8691	461
8692	405
8693	475
8694	449
8695	435
8696	435
8697	464
8698	512
8699	437
8700	462
8701	424
8702	459
8703	458
8704	495
8705	461
8706	465
8707	480
8708	491
8709	484
8710	441
8711	504
8712	446
8713	498
8714	487
8715	509
8716	460
8717	398
8718	417
8719	423
8720	453
8721	461
8722	510
8723	493
8724	518
8725	467
8726	449
8727	480
8728	463
8729	454
8730	498
8731	450
8732	438
8733	502
8734	455
8735	508
8736	502
8737	440
8738	532
8739	439
8740	469
8741	466
8742	490
8743	527
8744	451
8745	471
8746	439
8747	498
8748	435
8749	459
8750	492
8751	465
8752	506
8753	556
8754	458
8755	529
8756	512
8757	504
8758	556
8759	495
8760	550
8761	523
8762	504
8763	539
8764	495
8765	501
8766	502
8767	511
8768	566
8769	516
8770	545
8771	547
8772	476
8773	574
8774	506
8775	500
8776	493
8777	519
8778	543
8779	493
8780	509
8781	559
8782	511
8783	500
8784	514
8785	527
8786	517
8787	527
8788	498
8789	505
8790	519
8791	534
8792	544
8793	459
8794	478
8795	521
8796	535
8797	472
8798	545
8799	472
8800	534
8801	524
8802	492
8803	523
8804	456
8805	494
8806	469
8807	498
8808	546
8809	509
8810	527
8811	539
8812	511
8813	550
8814	531
8815	445
8816	557
8817	455
8818	507
8819	537
8820	535
8821	487
8822	517
8823	520
8824	531
8825	530
8826	534
8827	459
8828	521
8829	548
8830	518
8831	461
8832	498
8833	526
8834	545
8835	531
8836	539
8837	522
8838	475
8839	476
8840	516
8841	467
8842	477
8843	490
8844	516
8845	518
8846	488
8847	494
8848	504
8849	512
8850	538
8851	515
8852	524
8853	460
8854	552
8855	512
8856	506
8857	492
8858	536
8859	516
8860	512
8861	462
8862	468
8863	490
8864	501
8865	469
8866	500
8867	475
8868	482
8869	512
8870	518
8871	494
8872	519
8873	519
8874	521
8875	536
8876	535
8877	436
8878	469
8879	504
8880	490
8881	435
8882	468
8883	444
8884	451
8885	501
8886	481
8887	450
8888	474
8889	427
8890	476
8891	441
8892	473
8893	457
8894	411
8895	447
8896	420
8897	450
8898	406
8899	467
8900	452
8901	429
8902	428
8903	414
8904	464
8905	475
8906	376
8907	416
8908	496
8909	440
8910	445
8911	454
8912	407
8913	459
8914	480
8915	426
8916	481
8917	459
8918	420
8919	464
8920	420
8921	450
8922	489
8923	448
8924	453
8925	489
8926	474
8927	489
8928	482
8929	450
8930	541
8931	487
8932	481
8933	405
8934	429
8935	425
8936	433
8937	491
8938	480
8939	408
8940	423
8941	423
8942	421
8943	404
8944	454
8945	439
8946	409
8947	468
8948	399
8949	456
8950	433
8951	418
8952	399
8953	488
8954	417
8955	406
8956	458
8957	423
8958	466
8959	435
8960	461
8961	448
8962	465
8963	476
8964	415
8965	425
8966	422
8967	421
8968	462
8969	486
8970	455
8971	396
8972	389
8973	463
8974	461
8975	444
8976	483
8977	470
8978	448
8979	409
8980	445
8981	446
8982	445
8983	473
8984	406
8985	457
8986	470
8987	458
8988	429
8989	439
8990	501
8991	435
8992	449
8993	440
8994	457
8995	476
8996	478
8997	450
8998	449
8999	427
9000	419
9001	445
9002	460
9003	462
9004	453
9005	405
9006	473
9007	447
9008	430
9009	458
9010	405
9011	404
9012	446
9013	455
9014	491
9015	473
9016	473
9017	441
9018	468
9019	465
9020	416
9021	475
9022	437
9023	454
9024	491
9025	520
9026	478
9027	426
9028	470
9029	476
9030	484
9031	471
9032	437
9033	474
9034	451
9035	448
9036	413
9037	398
9038	393
9039	445
9040	453
9041	398
9042	442
9043	420
9044	444
9045	423
9046	469
9047	410
9048	427
9049	428
9050	429
9051	417
9052	443
9053	407
9054	398
9055	471
9056	427
9057	445
9058	427
9059	439
9060	468
9061	508
9062	488
9063	511
9064	442
9065	438
9066	449
9067	449
9068	462
9069	484
9070	478
9071	403
9072	427
9073	397
9074	460
9075	381
9076	475
9077	441
9078	421
9079	447
9080	406
9081	404
9082	462
9083	434
9084	386
9085	455
9086	411
9087	410
9088	442
9089	373
9090	415
9091	453
9092	459
9093	446
9094	403
9095	449
9096	426
9097	416
9098	448
9099	443
9100	467
9101	450
9102	406
9103	422
9104	447
9105	448
9106	459
9107	454
9108	479
9109	365
9110	454
9111	460
9112	439
9113	441
9114	419
9115	468
9116	467
9117	466
9118	430
9119	431
9120	397
9121	466
9122	476
9123	436
9124	391
9125	402
9126	389
9127	431
9128	435
9129	438
9130	475
9131	434
9132	422
9133	437
9134	402
9135	431
9136	449
9137	458
9138	419
9139	471
9140	414
9141	449
9142	422
9143	425
9144	363
9145	416
9146	428
9147	421
9148	424
9149	450
9150	417
9151	455
9152	426
9153	479
9154	447
9155	426
9156	486
9157	480
9158	411
9159	448
9160	404
9161	416
9162	452
9163	449
9164	478
9165	392
9166	427
9167	419
9168	506
9169	356
9170	410
9171	409
9172	429
9173	440
9174	387
9175	452
9176	401
9177	436
9178	424
9179	381
9180	376
9181	436
9182	426
9183	414
9184	405
9185	446
9186	421
9187	452
9188	362
9189	432
9190	390
9191	416
9192	487
9193	416
9194	424
9195	414
9196	446
9197	432
9198	451
9199	442
9200	371
9201	393
9202	375
9203	414
9204	428
9205	380
9206	469
9207	411
9208	381
9209	421
9210	399
9211	415
9212	358
9213	444
9214	428
9215	374
9216	380
9217	404
9218	363
9219	459
9220	468
9221	486
9222	469
9223	443
9224	409
9225	448
9226	465
9227	469
9228	428
9229	386
9230	435
9231	460
9232	405
9233	442
9234	408
9235	400
9236	423
9237	394
9238	404
9239	463
9240	378
9241	435
9242	390
9243	429
9244	446
9245	441
9246	450
9247	428
9248	447
9249	403
9250	434
9251	414
9252	449
9253	450
9254	427
9255	437
9256	408
9257	498
9258	453
9259	472
9260	469
9261	459
9262	438
9263	433
9264	433
9265	442
9266	478
9267	422
9268	487
9269	439
9270	471
9271	470
9272	467
9273	491
9274	465
9275	506
9276	525
9277	452
9278	448
9279	454
9280	469
9281	454
9282	433
9283	458
9284	397
9285	437
9286	459
9287	498
9288	475
9289	424
9290	462
9291	414
9292	495
9293	470
9294	492
9295	427
9296	481
9297	435
9298	425
9299	472
9300	418
9301	403
9302	513
9303	429
9304	474
9305	443
9306	440
9307	423
9308	407
9309	495
9310	442
9311	458
9312	353
9313	407
9314	469
9315	398
9316	460
9317	531
9318	451
9319	444
9320	410
9321	421
9322	513
9323	449
9324	419
9325	462
9326	376
9327	429
9328	380
9329	406
9330	385
9331	425
9332	407
9333	397
9334	455
9335	405
9336	410
9337	417
9338	438
9339	407
9340	473
9341	382
9342	415
9343	408
9344	399
9345	463
9346	383
9347	446
9348	437
9349	378
9350	415
9351	393
9352	381
9353	397
9354	481
9355	419
9356	425
9357	407
9358	438
9359	403
9360	414
9361	395
9362	350
9363	404
9364	443
9365	361
9366	430
9367	403
9368	374
9369	386
9370	416
9371	426
9372	412
9373	445
9374	420
9375	442
9376	407
9377	444
9378	408
9379	418
9380	415
9381	385
9382	424
9383	399
9384	382
9385	364
9386	420
9387	426
9388	427
9389	404
9390	380
9391	387
9392	379
9393	416
9394	338
9395	362
9396	417
9397	401
9398	414
9399	391
9400	434
9401	414
9402	443
9403	437
9404	380
9405	439
9406	388
9407	367
9408	420
9409	500
9410	408
9411	409
9412	452
9413	456
9414	440
9415	407
9416	383
9417	398
9418	438
9419	379
9420	426
9421	363
9422	444
9423	465
9424	433
9425	381
9426	446
9427	410
9428	427
9429	400
9430	415
9431	429
9432	430
9433	428
9434	388
9435	447
9436	402
9437	437
9438	377
9439	396
9440	481
9441	444
9442	382
9443	377
9444	481
9445	466
9446	491
9447	442
9448	476
9449	482
9450	456
9451	473
9452	435
9453	531
9454	518
9455	529
9456	483
9457	443
9458	439
9459	462
9460	493
9461	425
9462	452
9463	476
9464	473
9465	476
9466	512
9467	410
9468	484
9469	552
9470	524
9471	527
9472	499
9473	491
9474	452
9475	493
9476	434
9477	416
9478	463
9479	467
9480	438
9481	466
9482	459
9483	482
9484	438
9485	408
9486	474
9487	516
9488	485
9489	448
9490	510
9491	425
9492	516
9493	571
9494	468
9495	460
9496	439
9497	429
9498	453
9499	466
9500	472
9501	456
9502	439
9503	446
9504	436
9505	393
9506	413
9507	429
9508	449
9509	452
9510	428
9511	439
9512	397
9513	484
9514	433
9515	457
9516	472
9517	467
9518	481
9519	445
9520	449
9521	443
9522	433
9523	443
9524	394
9525	403
9526	429
9527	424
9528	406
9529	427
9530	447
9531	418
9532	447
9533	422
9534	426
9535	435
9536	479
9537	436
9538	482
9539	497
9540	422
9541	446
9542	495
9543	419
9544	447
9545	408
9546	409
9547	461
9548	465
9549	462
9550	470
9551	447
9552	454
9553	453
9554	403
9555	413
9556	465
9557	399
9558	454
9559	423

