## htsjdk.samtools.metrics.StringHeader
# CollectInsertSizeMetrics HISTOGRAM_FILE=/work/ugbogu/pipeline/data/nbl/GSE189367/results/picard/SRR17011019_insert_size_histogram.pdf MINIMUM_PCT=0.5 INPUT=/work/ugbogu/pipeline/data/nbl/GSE189367/results/star/SRR17011019.Aligned.sortedByCoord.out.bam OUTPUT=/work/ugbogu/pipeline/data/nbl/GSE189367/results/picard/SRR17011019_insert_size_metrics.txt    DEVIATIONS=10.0 METRIC_ACCUMULATION_LEVEL=[ALL_READS] INCLUDE_DUPLICATES=false ASSUME_SORTED=true STOP_AFTER=0 VERBOSITY=INFO QUIET=false VALIDATION_STRINGENCY=STRICT COMPRESSION_LEVEL=5 MAX_RECORDS_IN_RAM=500000 CREATE_INDEX=false CREATE_MD5_FILE=false USE_JDK_DEFLATER=false USE_JDK_INFLATER=false
## htsjdk.samtools.metrics.StringHeader
# Started on: Thu Apr 16 15:14:30 UTC 2026

## METRICS CLASS	picard.analysis.InsertSizeMetrics
MEDIAN_INSERT_SIZE	MODE_INSERT_SIZE	MEDIAN_ABSOLUTE_DEVIATION	MIN_INSERT_SIZE	MAX_INSERT_SIZE	MEAN_INSERT_SIZE	STANDARD_DEVIATION	READ_PAIRS	PAIR_ORIENTATION	WIDTH_OF_10_PERCENT	WIDTH_OF_20_PERCENT	WIDTH_OF_30_PERCENT	WIDTH_OF_40_PERCENT	WIDTH_OF_50_PERCENT	WIDTH_OF_60_PERCENT	WIDTH_OF_70_PERCENT	WIDTH_OF_80_PERCENT	WIDTH_OF_90_PERCENT	WIDTH_OF_95_PERCENT	WIDTH_OF_99_PERCENT	SAMPLE	LIBRARY	READ_GROUP
889	77800	755	26	2815055	1405.590961	1846.343931	27098176	FR	603	1101	1333	1443	1511	1615	4259	10323	52929	153771	267801			

## HISTOGRAM	java.lang.Integer
insert_size	All_Reads.fr_count
26	2
27	3
28	9
29	3
30	2
31	4
32	5
33	11
34	15
35	207
36	233
37	250
38	233
39	253
40	338
41	330
42	338
43	417
44	319
45	381
46	377
47	395
48	483
49	520
50	494
51	544
52	586
53	604
54	576
55	642
56	671
57	884
58	1061
59	1092
60	1158
61	1231
62	1332
63	1483
64	1501
65	1670
66	1860
67	1946
68	2324
69	2469
70	2744
71	3005
72	2935
73	3691
74	3851
75	6598
76	5127
77	5055
78	5796
79	5929
80	6128
81	7050
82	7541
83	8394
84	9272
85	9929
86	10949
87	11701
88	12344
89	13534
90	14591
91	15910
92	17916
93	20349
94	21488
95	23196
96	24450
97	28407
98	31390
99	33718
100	34138
101	35258
102	36536
103	39198
104	43878
105	48802
106	49563
107	50555
108	51275
109	54364
110	56181
111	55658
112	57477
113	59627
114	61454
115	63029
116	66190
117	68069
118	74539
119	72602
120	76139
121	82489
122	80605
123	88060
124	88873
125	83075
126	79727
127	80422
128	79214
129	78536
130	80551
131	81962
132	81542
133	87700
134	88672
135	83724
136	85835
137	83959
138	83199
139	82565
140	84097
141	84250
142	83187
143	84287
144	83049
145	83430
146	79548
147	80707
148	79015
149	79386
150	76515
151	79031
152	77445
153	77655
154	77225
155	75430
156	74551
157	73353
158	70939
159	69732
160	70018
161	67579
162	67703
163	66568
164	65030
165	62831
166	63510
167	63580
168	63657
169	64092
170	64806
171	61333
172	60461
173	60163
174	57938
175	58161
176	57020
177	55838
178	55625
179	56513
180	55263
181	53779
182	53269
183	52170
184	50203
185	49818
186	49116
187	49926
188	49728
189	47645
190	47395
191	47766
192	46451
193	46163
194	45138
195	43688
196	42848
197	43000
198	42741
199	41498
200	42127
201	41758
202	41789
203	40782
204	39576
205	39091
206	38395
207	37823
208	38205
209	37698
210	36647
211	36827
212	36923
213	35703
214	35618
215	35378
216	33921
217	33759
218	33670
219	33200
220	33757
221	33720
222	32751
223	32642
224	31828
225	31453
226	31651
227	32355
228	30858
229	31091
230	32393
231	30256
232	30274
233	31545
234	29908
235	28834
236	29735
237	28498
238	27773
239	27401
240	26575
241	26671
242	26362
243	26565
244	25405
245	25836
246	25625
247	25407
248	25398
249	24858
250	24268
251	24287
252	24219
253	24495
254	23524
255	23632
256	23375
257	23357
258	23102
259	23538
260	22535
261	23284
262	22674
263	23734
264	22263
265	22913
266	21614
267	21533
268	21727
269	21549
270	21960
271	21759
272	20258
273	20385
274	21627
275	21276
276	21918
277	19206
278	19650
279	19218
280	18800
281	18872
282	19369
283	19121
284	19442
285	18895
286	18376
287	18493
288	17633
289	18251
290	17355
291	17196
292	17347
293	16963
294	16934
295	16893
296	16642
297	16360
298	16233
299	16461
300	15972
301	16312
302	15879
303	15934
304	15962
305	15874
306	15598
307	15503
308	15339
309	15631
310	14767
311	15145
312	15048
313	14701
314	14973
315	14438
316	14377
317	14516
318	14317
319	13813
320	13955
321	14208
322	14114
323	13949
324	13777
325	13442
326	13247
327	13412
328	12867
329	13081
330	13246
331	13216
332	13333
333	12806
334	12890
335	12692
336	12948
337	12922
338	12672
339	12611
340	12556
341	12403
342	12328
343	12084
344	12346
345	11943
346	12409
347	12231
348	11919
349	11427
350	11744
351	11628
352	12100
353	11920
354	11451
355	11141
356	11149
357	11893
358	11264
359	11126
360	11449
361	11020
362	11284
363	11079
364	10783
365	10384
366	10746
367	10768
368	10853
369	10739
370	10429
371	10571
372	10263
373	10584
374	10149
375	10450
376	10037
377	10005
378	9790
379	9536
380	9514
381	9823
382	9404
383	9626
384	9396
385	9186
386	9604
387	9462
388	9186
389	9511
390	9533
391	9523
392	9058
393	9172
394	9258
395	8806
396	9198
397	9021
398	8858
399	8813
400	8707
401	9045
402	8904
403	8619
404	8377
405	8640
406	8301
407	8082
408	8617
409	8257
410	8544
411	8306
412	7933
413	8107
414	7947
415	7966
416	7960
417	8002
418	7769
419	7811
420	8003
421	7670
422	7664
423	7741
424	7965
425	7915
426	7784
427	7894
428	7852
429	8050
430	7969
431	7713
432	7491
433	7583
434	7485
435	7391
436	7472
437	7460
438	7219
439	7611
440	7732
441	7870
442	7865
443	7366
444	7561
445	7375
446	7413
447	7467
448	7411
449	7474
450	7256
451	7465
452	7699
453	7367
454	7922
455	7645
456	7301
457	7049
458	7052
459	7211
460	6943
461	7076
462	7115
463	6691
464	6885
465	6726
466	6940
467	6712
468	6805
469	6781
470	6691
471	6882
472	6676
473	6798
474	6390
475	6562
476	6386
477	6785
478	6619
479	6585
480	6347
481	6447
482	6445
483	6642
484	6273
485	6816
486	6375
487	6569
488	6285
489	6749
490	6394
491	6407
492	6412
493	6132
494	6228
495	6332
496	6062
497	6377
498	6166
499	6442
500	6121
501	6201
502	6420
503	6465
504	6376
505	6324
506	6370
507	6560
508	6486
509	6401
510	6260
511	6348
512	6159
513	6432
514	6005
515	6156
516	6292
517	6098
518	6150
519	6274
520	6299
521	6311
522	6067
523	6000
524	5965
525	5984
526	6003
527	6142
528	5860
529	5836
530	5864
531	5851
532	5766
533	6149
534	5955
535	6308
536	6117
537	6387
538	6224
539	6171
540	6462
541	6308
542	6232
543	5988
544	5841
545	6073
546	6085
547	5794
548	5578
549	5831
550	5748
551	5851
552	5620
553	5933
554	5731
555	5784
556	5863
557	5627
558	5526
559	5661
560	5519
561	5667
562	5701
563	5755
564	5665
565	5508
566	5602
567	5545
568	5449
569	5405
570	5538
571	5563
572	5317
573	5517
574	5346
575	5354
576	5525
577	5453
578	5646
579	5444
580	5581
581	5504
582	5516
583	5509
584	5543
585	5553
586	5618
587	5522
588	5709
589	5524
590	5278
591	5509
592	5702
593	5533
594	5397
595	5480
596	5405
597	5654
598	5601
599	5368
600	5330
601	5182
602	5395
603	5339
604	5177
605	5395
606	5054
607	5328
608	5274
609	5262
610	5288
611	5301
612	5248
613	5437
614	5295
615	5569
616	5185
617	5180
618	5413
619	5300
620	5511
621	5278
622	5109
623	5417
624	5551
625	5541
626	5443
627	5814
628	5631
629	5166
630	5298
631	5342
632	5351
633	5462
634	5723
635	5609
636	5738
637	5734
638	5651
639	5650
640	5393
641	5399
642	5379
643	5380
644	5612
645	5409
646	5471
647	5709
648	5489
649	6114
650	5385
651	5340
652	5566
653	5574
654	5618
655	5698
656	5439
657	5216
658	5480
659	5668
660	5522
661	5519
662	5329
663	5403
664	5424
665	5525
666	5423
667	5397
668	5740
669	5451
670	5641
671	5394
672	5424
673	5485
674	5417
675	5262
676	5200
677	5284
678	5830
679	5508
680	5477
681	5284
682	5630
683	5463
684	5493
685	5539
686	5086
687	5293
688	5382
689	5434
690	5628
691	5802
692	5833
693	5798
694	5858
695	5474
696	5606
697	5409
698	5756
699	5728
700	5654
701	5646
702	5625
703	5848
704	5550
705	5943
706	5739
707	5604
708	6036
709	5543
710	5581
711	5500
712	5797
713	5764
714	5670
715	5831
716	5605
717	5649
718	5524
719	5420
720	5695
721	5382
722	5535
723	5382
724	5527
725	5438
726	5427
727	5477
728	5162
729	5175
730	5450
731	5350
732	5592
733	5506
734	5674
735	5665
736	5403
737	5204
738	5156
739	4949
740	5050
741	5256
742	5265
743	5145
744	5184
745	5136
746	4900
747	4895
748	5108
749	5183
750	5201
751	5079
752	4990
753	5191
754	4675
755	4855
756	4863
757	4896
758	5101
759	5175
760	5025
761	5034
762	5272
763	4892
764	5096
765	4928
766	5031
767	5036
768	5005
769	4875
770	4909
771	4862
772	5064
773	5030
774	5058
775	4763
776	4834
777	4807
778	4862
779	4934
780	4907
781	4616
782	4797
783	4539
784	4875
785	4743
786	4603
787	4649
788	4635
789	4676
790	4726
791	4873
792	4776
793	4958
794	5179
795	4900
796	4987
797	4713
798	4894
799	4463
800	4497
801	4502
802	4951
803	4976
804	4901
805	4695
806	5008
807	4819
808	4806
809	4259
810	4780
811	4405
812	4376
813	4448
814	4552
815	4773
816	4528
817	4637
818	4582
819	4608
820	4601
821	4793
822	4307
823	4565
824	4575
825	4489
826	4649
827	4457
828	4404
829	4413
830	4685
831	4455
832	4492
833	4310
834	4496
835	4451
836	4619
837	4789
838	4653
839	4520
840	4351
841	4562
842	4619
843	4420
844	4493
845	4477
846	4375
847	4445
848	4620
849	4524
850	4451
851	4547
852	4386
853	4394
854	4494
855	4610
856	4410
857	4472
858	4309
859	4359
860	4455
861	4372
862	4283
863	4209
864	4501
865	4370
866	4434
867	4523
868	4457
869	4175
870	4397
871	4646
872	4322
873	4526
874	4451
875	4397
876	4718
877	4433
878	4355
879	4314
880	4391
881	4325
882	4447
883	4389
884	4504
885	4550
886	4262
887	4466
888	4563
889	4377
890	4562
891	4375
892	4236
893	4357
894	4308
895	4306
896	4391
897	4260
898	4046
899	4450
900	4202
901	4280
902	4170
903	4296
904	4154
905	4224
906	4199
907	4082
908	4446
909	4231
910	4336
911	4304
912	4271
913	4336
914	4245
915	4334
916	4352
917	4320
918	4174
919	4511
920	4358
921	4513
922	4400
923	4430
924	4587
925	4436
926	4460
927	4277
928	4184
929	4326
930	4406
931	4357
932	4672
933	4383
934	4420
935	4463
936	4338
937	4561
938	4355
939	4671
940	4309
941	4573
942	4266
943	4501
944	4480
945	4273
946	4417
947	4446
948	4551
949	4335
950	4310
951	4357
952	4448
953	4086
954	4106
955	4366
956	4420
957	4357
958	4242
959	4279
960	3966
961	4107
962	4394
963	4079
964	4033
965	4261
966	4315
967	4319
968	4313
969	4137
970	4218
971	4111
972	4287
973	4320
974	4284
975	4170
976	4278
977	4290
978	4091
979	4128
980	4123
981	4074
982	4080
983	4117
984	4160
985	4109
986	4093
987	4194
988	4252
989	4173
990	4179
991	4270
992	4437
993	4186
994	4216
995	4121
996	3944
997	4106
998	4303
999	4271
1000	4331
1001	4364
1002	4319
1003	4101
1004	4087
1005	4241
1006	4129
1007	4382
1008	4176
1009	3945
1010	4249
1011	4114
1012	3991
1013	3954
1014	4134
1015	4018
1016	3981
1017	4233
1018	4152
1019	4251
1020	4029
1021	3887
1022	4062
1023	3841
1024	3940
1025	3920
1026	4182
1027	4054
1028	3785
1029	3903
1030	3963
1031	3823
1032	3849
1033	4028
1034	3852
1035	4105
1036	3965
1037	3916
1038	3818
1039	3742
1040	3786
1041	3782
1042	3817
1043	3822
1044	3729
1045	3925
1046	3867
1047	3937
1048	4078
1049	3898
1050	3922
1051	3638
1052	3912
1053	3785
1054	3807
1055	3831
1056	3823
1057	3994
1058	3668
1059	3720
1060	3640
1061	3489
1062	3535
1063	3695
1064	3654
1065	3649
1066	3479
1067	3783
1068	3521
1069	3440
1070	3490
1071	3591
1072	3527
1073	3468
1074	3548
1075	3512
1076	3724
1077	3476
1078	3918
1079	3644
1080	3745
1081	3501
1082	3614
1083	3682
1084	3572
1085	3407
1086	3712
1087	3546
1088	3526
1089	3563
1090	3539
1091	3361
1092	3418
1093	3684
1094	3714
1095	3637
1096	3490
1097	3535
1098	3479
1099	3512
1100	3455
1101	3317
1102	3389
1103	3422
1104	3451
1105	3425
1106	3404
1107	3428
1108	3358
1109	3670
1110	3601
1111	3519
1112	3540
1113	3465
1114	3565
1115	3460
1116	3355
1117	3470
1118	3548
1119	3630
1120	3531
1121	3526
1122	3721
1123	3576
1124	3646
1125	3586
1126	3541
1127	3609
1128	3389
1129	3635
1130	3409
1131	3488
1132	3514
1133	3511
1134	3350
1135	3426
1136	3644
1137	3440
1138	3542
1139	3430
1140	3436
1141	3788
1142	3503
1143	3641
1144	3627
1145	3517
1146	3539
1147	3498
1148	3661
1149	3471
1150	3530
1151	3843
1152	3780
1153	3501
1154	3693
1155	3709
1156	3775
1157	3835
1158	3700
1159	3684
1160	3894
1161	3883
1162	3912
1163	3697
1164	3954
1165	3741
1166	3652
1167	3582
1168	3543
1169	3499
1170	3464
1171	3485
1172	3528
1173	3632
1174	3588
1175	3624
1176	3554
1177	3507
1178	3585
1179	3570
1180	3775
1181	3513
1182	3579
1183	3391
1184	3639
1185	3855
1186	3676
1187	3787
1188	3550
1189	3576
1190	3397
1191	3562
1192	3731
1193	3445
1194	3414
1195	3653
1196	3501
1197	3561
1198	3592
1199	3639
1200	3410
1201	3544
1202	3309
1203	3579
1204	3433
1205	3524
1206	3417
1207	3441
1208	3476
1209	3425
1210	3524
1211	3581
1212	3381
1213	3329
1214	3454
1215	3418
1216	3407
1217	3335
1218	3509
1219	3496
1220	3626
1221	3536
1222	3364
1223	3272
1224	3576
1225	3611
1226	3439
1227	3645
1228	3617
1229	3585
1230	3631
1231	3535
1232	3585
1233	3499
1234	3462
1235	3434
1236	3547
1237	3751
1238	3668
1239	3529
1240	3440
1241	3390
1242	3425
1243	3598
1244	3272
1245	3446
1246	3302
1247	3519
1248	3381
1249	3168
1250	3367
1251	3586
1252	3389
1253	3600
1254	3630
1255	4203
1256	3436
1257	3850
1258	3779
1259	3572
1260	3652
1261	3865
1262	3712
1263	3832
1264	4195
1265	4174
1266	3796
1267	4106
1268	3847
1269	3714
1270	3672
1271	3607
1272	3797
1273	3724
1274	3336
1275	3530
1276	3416
1277	3247
1278	3228
1279	3310
1280	3332
1281	3314
1282	3280
1283	3331
1284	3227
1285	3270
1286	3224
1287	3385
1288	3316
1289	3544
1290	3372
1291	3051
1292	3255
1293	3201
1294	3208
1295	3105
1296	3127
1297	3325
1298	3247
1299	3341
1300	3276
1301	3378
1302	3308
1303	3155
1304	3216
1305	3409
1306	3206
1307	3224
1308	3298
1309	3268
1310	3371
1311	3314
1312	3413
1313	3239
1314	3178
1315	3236
1316	3332
1317	3367
1318	3287
1319	3159
1320	3122
1321	3183
1322	3283
1323	3123
1324	3288
1325	3248
1326	3473
1327	3306
1328	3283
1329	3167
1330	3114
1331	3172
1332	3351
1333	3329
1334	3078
1335	3142
1336	3213
1337	3141
1338	3046
1339	3054
1340	3241
1341	3201
1342	3274
1343	3228
1344	3184
1345	3123
1346	3186
1347	3129
1348	3058
1349	3143
1350	3190
1351	3289
1352	3243
1353	3211
1354	3169
1355	3144
1356	3025
1357	3274
1358	3086
1359	3098
1360	3052
1361	3237
1362	3024
1363	3226
1364	3223
1365	2974
1366	2971
1367	2909
1368	3222
1369	3147
1370	3256
1371	2959
1372	2826
1373	3101
1374	3038
1375	3012
1376	2895
1377	2942
1378	3079
1379	2948
1380	3007
1381	2981
1382	3024
1383	2982
1384	3117
1385	3248
1386	2964
1387	3100
1388	3107
1389	2924
1390	2908
1391	2877
1392	3036
1393	2907
1394	2815
1395	2970
1396	2930
1397	3087
1398	2907
1399	2923
1400	2917
1401	2727
1402	2933
1403	2806
1404	2903
1405	2795
1406	2907
1407	2826
1408	2923
1409	2827
1410	2800
1411	2890
1412	2880
1413	2913
1414	2885
1415	2936
1416	2790
1417	2820
1418	2795
1419	2877
1420	2868
1421	2908
1422	2717
1423	2702
1424	2884
1425	2947
1426	2970
1427	2858
1428	2917
1429	2935
1430	2864
1431	2963
1432	2803
1433	2830
1434	2695
1435	2971
1436	2921
1437	2984
1438	2828
1439	2743
1440	2838
1441	2876
1442	2993
1443	2846
1444	2805
1445	2782
1446	2792
1447	2635
1448	2675
1449	2842
1450	2721
1451	2920
1452	2880
1453	2735
1454	2740
1455	2852
1456	2891
1457	2923
1458	2988
1459	3001
1460	2978
1461	2926
1462	2909
1463	2963
1464	2906
1465	2959
1466	2889
1467	2794
1468	2961
1469	2878
1470	2946
1471	2788
1472	2977
1473	2999
1474	2866
1475	2813
1476	2936
1477	2897
1478	2819
1479	2814
1480	2871
1481	2903
1482	2860
1483	3060
1484	3110
1485	3215
1486	3064
1487	3250
1488	3071
1489	3164
1490	3229
1491	3196
1492	3315
1493	3396
1494	3172
1495	3139
1496	3117
1497	2881
1498	3199
1499	3538
1500	3366
1501	3146
1502	2867
1503	2974
1504	2955
1505	2915
1506	2921
1507	3254
1508	3010
1509	2884
1510	3009
1511	3111
1512	2963
1513	2993
1514	2927
1515	2895
1516	2864
1517	3161
1518	3101
1519	2949
1520	3121
1521	2981
1522	3137
1523	3129
1524	3192
1525	3240
1526	3400
1527	3106
1528	3298
1529	3143
1530	2980
1531	3220
1532	3210
1533	3237
1534	3218
1535	3179
1536	3160
1537	3290
1538	3147
1539	3426
1540	3282
1541	3385
1542	3489
1543	3160
1544	3258
1545	3010
1546	3134
1547	3233
1548	3088
1549	3233
1550	3276
1551	3324
1552	3332
1553	3359
1554	3377
1555	3516
1556	3738
1557	3486
1558	3605
1559	3510
1560	3322
1561	3439
1562	3514
1563	3533
1564	3586
1565	3436
1566	3546
1567	3622
1568	3477
1569	3529
1570	3707
1571	3590
1572	3817
1573	3737
1574	3866
1575	3857
1576	3299
1577	3103
1578	3351
1579	3601
1580	3499
1581	3632
1582	3595
1583	3451
1584	3411
1585	3824
1586	3535
1587	3891
1588	3421
1589	3350
1590	3683
1591	3601
1592	3693
1593	3480
1594	3448
1595	3164
1596	3230
1597	3560
1598	3277
1599	3390
1600	3178
1601	3413
1602	3375
1603	3678
1604	3415
1605	3841
1606	3488
1607	4126
1608	3815
1609	3506
1610	3229
1611	3055
1612	2980
1613	3337
1614	3113
1615	3207
1616	3241
1617	3175
1618	3044
1619	3117
1620	3183
1621	2914
1622	3086
1623	2934
1624	3011
1625	3076
1626	3152
1627	3028
1628	3149
1629	3250
1630	2930
1631	3050
1632	2867
1633	2782
1634	2983
1635	2999
1636	3048
1637	2926
1638	2844
1639	3158
1640	3048
1641	3015
1642	3059
1643	2925
1644	3037
1645	3122
1646	2862
1647	2934
1648	2845
1649	2835
1650	2902
1651	3011
1652	2848
1653	2998
1654	2877
1655	2815
1656	2815
1657	2731
1658	2828
1659	2792
1660	2949
1661	2769
1662	2836
1663	3004
1664	2941
1665	2931
1666	2920
1667	2747
1668	3019
1669	2857
1670	3071
1671	2949
1672	3081
1673	2863
1674	2987
1675	2897
1676	2881
1677	3013
1678	2834
1679	2880
1680	2967
1681	3122
1682	3059
1683	3049
1684	2921
1685	2935
1686	2978
1687	3102
1688	3255
1689	2664
1690	2903
1691	3035
1692	3110
1693	3288
1694	3164
1695	2916
1696	3015
1697	3130
1698	3054
1699	2820
1700	2834
1701	2849
1702	2809
1703	2952
1704	3031
1705	3053
1706	3065
1707	2994
1708	3041
1709	3040
1710	3448
1711	2968
1712	3050
1713	3133
1714	2994
1715	3223
1716	3089
1717	2899
1718	3048
1719	2770
1720	2837
1721	2912
1722	2794
1723	2964
1724	2869
1725	2731
1726	2638
1727	2814
1728	2700
1729	2859
1730	2950
1731	2948
1732	2915
1733	2864
1734	2836
1735	2806
1736	2591
1737	2866
1738	2657
1739	2788
1740	2743
1741	2792
1742	2779
1743	2703
1744	2763
1745	2778
1746	2674
1747	2751
1748	2685
1749	2771
1750	2809
1751	2501
1752	2757
1753	2751
1754	2959
1755	2655
1756	2636
1757	2705
1758	2627
1759	2758
1760	2724
1761	2631
1762	2696
1763	2714
1764	2503
1765	2734
1766	2417
1767	2641
1768	2690
1769	2799
1770	2639
1771	2878
1772	2756
1773	2775
1774	2900
1775	2608
1776	2382
1777	2644
1778	2439
1779	2528
1780	2436
1781	2415
1782	2458
1783	2478
1784	2306
1785	2386
1786	2421
1787	2513
1788	2518
1789	2710
1790	2514
1791	2247
1792	2475
1793	2377
1794	2435
1795	2437
1796	2323
1797	2447
1798	2460
1799	2384
1800	2730
1801	2458
1802	2346
1803	2341
1804	2398
1805	2200
1806	2401
1807	2410
1808	2581
1809	2575
1810	2526
1811	2599
1812	2293
1813	2458
1814	2456
1815	2390
1816	2247
1817	2441
1818	2388
1819	2298
1820	2306
1821	2384
1822	2510
1823	2448
1824	2465
1825	2322
1826	2320
1827	2344
1828	2324
1829	2253
1830	2304
1831	2404
1832	2422
1833	2298
1834	2223
1835	2235
1836	2366
1837	2266
1838	2130
1839	2110
1840	2133
1841	2318
1842	2201
1843	2300
1844	2227
1845	2314
1846	2101
1847	2203
1848	2283
1849	2174
1850	2066
1851	2297
1852	2264
1853	2366
1854	2494
1855	2236
1856	2310
1857	2459
1858	2335
1859	2219
1860	2286
1861	2219
1862	2475
1863	2527
1864	2494
1865	2381
1866	2205
1867	2420
1868	2326
1869	2321
1870	2328
1871	2326
1872	2438
1873	2399
1874	2260
1875	2277
1876	2430
1877	2369
1878	2336
1879	2331
1880	2288
1881	2346
1882	2262
1883	2388
1884	2298
1885	2303
1886	2352
1887	2164
1888	2507
1889	2347
1890	2282
1891	2400
1892	2270
1893	2467
1894	2539
1895	2511
1896	2437
1897	2375
1898	2330
1899	2428
1900	2558
1901	2453
1902	2511
1903	2511
1904	2355
1905	2484
1906	2406
1907	2426
1908	2668
1909	2370
1910	2263
1911	2280
1912	2432
1913	2545
1914	2557
1915	2439
1916	2424
1917	2552
1918	2524
1919	2517
1920	2408
1921	2636
1922	2554
1923	2532
1924	2396
1925	2368
1926	2457
1927	2309
1928	2430
1929	2351
1930	2367
1931	2423
1932	2408
1933	2316
1934	2323
1935	2372
1936	2352
1937	2458
1938	2435
1939	2465
1940	2442
1941	2403
1942	2394
1943	2463
1944	2242
1945	2263
1946	2432
1947	2451
1948	2430
1949	2450
1950	2341
1951	2439
1952	2480
1953	2559
1954	2379
1955	2353
1956	2506
1957	2474
1958	2563
1959	2512
1960	2426
1961	2398
1962	2499
1963	2520
1964	2620
1965	2535
1966	2477
1967	2478
1968	2392
1969	2444
1970	2487
1971	2610
1972	2443
1973	2459
1974	2414
1975	2380
1976	2511
1977	2438
1978	2555
1979	2471
1980	2544
1981	2784
1982	2674
1983	2557
1984	2435
1985	2708
1986	2674
1987	2641
1988	2564
1989	2579
1990	2704
1991	2740
1992	2986
1993	2707
1994	2872
1995	2831
1996	2563
1997	2680
1998	2816
1999	2699
2000	2839
2001	2847
2002	2866
2003	2715
2004	2832
2005	2739
2006	2688
2007	2777
2008	3015
2009	2950
2010	2812
2011	2819
2012	2630
2013	2878
2014	2913
2015	2758
2016	2780
2017	2650
2018	2854
2019	2801
2020	2776
2021	2865
2022	3044
2023	2952
2024	2923
2025	2829
2026	2895
2027	2760
2028	2878
2029	2706
2030	2674
2031	2793
2032	2763
2033	2687
2034	2636
2035	2644
2036	2693
2037	2641
2038	2675
2039	2583
2040	2699
2041	2578
2042	2758
2043	2806
2044	2689
2045	2545
2046	2702
2047	2687
2048	2696
2049	2705
2050	2720
2051	2511
2052	2600
2053	2580
2054	2641
2055	2744
2056	2743
2057	2678
2058	2550
2059	2615
2060	2471
2061	2487
2062	2443
2063	2366
2064	2551
2065	2717
2066	2494
2067	2591
2068	2508
2069	2566
2070	2447
2071	2496
2072	2543
2073	2670
2074	2699
2075	2540
2076	2578
2077	2483
2078	2598
2079	2472
2080	2476
2081	2632
2082	2408
2083	2585
2084	2347
2085	2398
2086	2465
2087	2382
2088	2386
2089	2641
2090	2433
2091	2257
2092	2410
2093	2399
2094	2231
2095	2300
2096	2289
2097	2424
2098	2305
2099	2523
2100	2542
2101	2404
2102	2486
2103	2297
2104	2221
2105	2313
2106	2508
2107	2274
2108	2365
2109	2413
2110	2403
2111	2248
2112	2242
2113	2273
2114	2246
2115	2116
2116	2198
2117	2169
2118	2228
2119	2164
2120	2192
2121	2213
2122	2277
2123	2281
2124	2208
2125	2242
2126	2195
2127	2172
2128	2242
2129	2281
2130	2136
2131	2233
2132	2216
2133	2268
2134	2140
2135	2479
2136	2179
2137	2254
2138	2172
2139	2023
2140	2066
2141	2090
2142	1979
2143	2069
2144	1971
2145	2087
2146	2138
2147	2141
2148	2037
2149	2103
2150	2095
2151	1940
2152	2193
2153	2156
2154	2073
2155	2094
2156	2075
2157	2096
2158	2109
2159	2130
2160	1959
2161	1968
2162	2033
2163	2051
2164	1952
2165	2205
2166	2213
2167	2165
2168	2201
2169	2141
2170	2120
2171	2201
2172	2180
2173	2149
2174	2219
2175	2284
2176	2110
2177	2178
2178	2241
2179	2388
2180	2141
2181	2272
2182	2206
2183	2380
2184	2105
2185	2376
2186	2120
2187	2105
2188	2171
2189	2188
2190	2131
2191	2127
2192	2060
2193	2029
2194	2147
2195	2023
2196	2207
2197	2171
2198	2139
2199	2366
2200	2321
2201	2154
2202	2249
2203	2229
2204	2440
2205	2291
2206	2194
2207	2167
2208	2344
2209	2353
2210	2329
2211	2221
2212	2101
2213	2017
2214	2266
2215	2084
2216	2036
2217	2132
2218	2076
2219	2179
2220	2092
2221	1980
2222	2073
2223	2119
2224	2225
2225	2141
2226	2362
2227	1983
2228	2107
2229	1910
2230	1919
2231	1997
2232	2045
2233	2116
2234	2210
2235	2226
2236	2192
2237	2136
2238	2055
2239	2144
2240	2044
2241	2185
2242	2305
2243	2167
2244	2257
2245	2181
2246	2108
2247	2109
2248	2055
2249	2146
2250	2045
2251	1965
2252	2011
2253	2059
2254	2102
2255	2022
2256	2132
2257	2067
2258	2141
2259	2260
2260	2160
2261	2152
2262	2143
2263	2149
2264	2277
2265	2076
2266	2052
2267	2019
2268	2066
2269	2076
2270	1980
2271	1965
2272	2041
2273	2081
2274	2103
2275	2140
2276	2179
2277	2178
2278	2056
2279	2059
2280	2055
2281	2039
2282	2068
2283	1939
2284	1854
2285	2084
2286	1997
2287	1963
2288	1977
2289	2020
2290	2006
2291	1986
2292	1889
2293	2058
2294	2028
2295	2097
2296	1990
2297	2071
2298	1975
2299	2011
2300	1910
2301	1930
2302	1987
2303	1870
2304	1911
2305	1896
2306	1979
2307	2097
2308	1950
2309	1994
2310	1881
2311	1924
2312	1908
2313	1966
2314	1745
2315	1931
2316	2025
2317	1838
2318	1947
2319	2049
2320	1943
2321	1917
2322	1870
2323	1823
2324	1800
2325	1961
2326	1895
2327	1892
2328	1823
2329	1702
2330	1833
2331	1845
2332	1955
2333	1846
2334	1772
2335	1762
2336	1724
2337	1893
2338	1892
2339	1799
2340	1767
2341	1940
2342	1894
2343	1805
2344	1844
2345	1773
2346	1840
2347	1799
2348	1736
2349	1753
2350	1780
2351	1841
2352	1807
2353	1678
2354	1757
2355	1723
2356	1676
2357	1699
2358	1716
2359	1726
2360	1805
2361	1758
2362	1800
2363	1753
2364	1820
2365	1836
2366	1736
2367	1670
2368	1644
2369	1660
2370	1718
2371	1685
2372	1762
2373	1803
2374	1805
2375	1649
2376	1715
2377	1728
2378	1694
2379	1759
2380	1648
2381	1653
2382	1700
2383	1657
2384	1677
2385	1664
2386	1656
2387	1777
2388	1719
2389	1629
2390	1773
2391	1693
2392	1665
2393	1669
2394	1649
2395	1651
2396	1757
2397	1646
2398	1688
2399	1745
2400	1659
2401	1830
2402	1719
2403	1682
2404	1556
2405	1776
2406	1670
2407	1710
2408	1693
2409	1606
2410	1628
2411	1623
2412	1533
2413	1652
2414	1665
2415	1613
2416	1601
2417	1693
2418	1589
2419	1653
2420	1673
2421	1573
2422	1662
2423	1617
2424	1577
2425	1486
2426	1690
2427	1586
2428	1593
2429	1659
2430	1533
2431	1629
2432	1578
2433	1686
2434	1575
2435	1590
2436	1611
2437	1550
2438	1620
2439	1580
2440	1551
2441	1624
2442	1528
2443	1591
2444	1664
2445	1500
2446	1635
2447	1603
2448	1544
2449	1559
2450	1481
2451	1528
2452	1645
2453	1533
2454	1591
2455	1578
2456	1647
2457	1612
2458	1522
2459	1489
2460	1607
2461	1641
2462	1552
2463	1617
2464	1587
2465	1555
2466	1588
2467	1603
2468	1695
2469	1546
2470	1669
2471	1555
2472	1538
2473	1632
2474	1644
2475	1661
2476	1540
2477	1613
2478	1587
2479	1705
2480	1486
2481	1698
2482	1609
2483	1560
2484	1675
2485	1681
2486	1592
2487	1613
2488	1667
2489	1637
2490	1657
2491	1780
2492	1673
2493	1707
2494	1576
2495	1663
2496	1544
2497	1688
2498	1590
2499	1598
2500	1657
2501	1528
2502	1570
2503	1726
2504	1702
2505	1617
2506	1659
2507	1729
2508	1704
2509	1661
2510	1688
2511	1555
2512	1747
2513	1771
2514	1670
2515	1732
2516	1726
2517	1690
2518	1682
2519	1658
2520	1769
2521	1752
2522	1713
2523	1709
2524	1667
2525	1668
2526	1750
2527	1684
2528	1751
2529	1727
2530	1712
2531	1719
2532	1672
2533	1614
2534	1617
2535	1642
2536	1656
2537	1666
2538	1635
2539	1561
2540	1674
2541	1590
2542	1827
2543	1678
2544	1752
2545	1643
2546	1570
2547	1666
2548	1497
2549	1583
2550	1570
2551	1459
2552	1680
2553	1577
2554	1638
2555	1603
2556	1488
2557	1700
2558	1646
2559	1521
2560	1611
2561	1568
2562	1696
2563	1682
2564	1613
2565	1652
2566	1622
2567	1675
2568	1618
2569	1587
2570	1573
2571	1577
2572	1658
2573	1623
2574	1511
2575	1687
2576	1677
2577	1577
2578	1514
2579	1666
2580	1588
2581	1613
2582	1595
2583	1718
2584	1660
2585	1640
2586	1542
2587	1509
2588	1643
2589	1570
2590	1553
2591	1537
2592	1541
2593	1617
2594	1519
2595	1571
2596	1585
2597	1560
2598	1555
2599	1582
2600	1472
2601	1576
2602	1502
2603	1703
2604	1446
2605	1477
2606	1500
2607	1486
2608	1594
2609	1500
2610	1419
2611	1564
2612	1472
2613	1628
2614	1489
2615	1536
2616	1622
2617	1551
2618	1519
2619	1559
2620	1527
2621	1513
2622	1666
2623	1584
2624	1549
2625	1460
2626	1529
2627	1538
2628	1506
2629	1640
2630	1514
2631	1476
2632	1610
2633	1632
2634	1545
2635	1644
2636	1650
2637	1683
2638	1779
2639	1653
2640	1668
2641	1756
2642	1670
2643	1781
2644	1721
2645	1940
2646	1805
2647	1684
2648	1599
2649	1631
2650	1490
2651	1634
2652	2117
2653	2109
2654	2259
2655	1625
2656	1821
2657	1651
2658	1523
2659	1563
2660	1524
2661	1544
2662	1585
2663	1673
2664	1767
2665	1712
2666	1679
2667	1758
2668	1714
2669	1759
2670	1710
2671	1536
2672	1588
2673	1713
2674	1604
2675	1708
2676	1873
2677	1670
2678	1747
2679	1808
2680	1680
2681	1692
2682	1780
2683	1889
2684	1783
2685	1836
2686	1854
2687	1700
2688	1937
2689	1673
2690	1970
2691	1896
2692	1781
2693	2089
2694	1814
2695	1880
2696	1721
2697	1688
2698	1618
2699	1881
2700	2109
2701	2011
2702	2159
2703	1979
2704	2075
2705	1986
2706	1896
2707	1877
2708	1943
2709	2058
2710	2233
2711	2231
2712	1905
2713	1709
2714	1950
2715	1878
2716	1893
2717	1873
2718	1908
2719	1983
2720	1768
2721	2002
2722	1977
2723	2040
2724	1998
2725	1755
2726	1896
2727	1638
2728	1654
2729	1585
2730	1856
2731	1730
2732	1730
2733	1792
2734	1707
2735	1785
2736	1678
2737	1575
2738	1748
2739	1713
2740	1707
2741	1636
2742	1659
2743	1665
2744	1725
2745	1767
2746	1726
2747	1725
2748	1542
2749	1716
2750	1560
2751	1630
2752	1618
2753	1618
2754	1585
2755	1575
2756	1632
2757	1648
2758	1529
2759	1648
2760	1740
2761	1754
2762	1688
2763	1765
2764	1768
2765	1749
2766	1590
2767	1832
2768	1672
2769	1803
2770	1830
2771	1696
2772	1721
2773	1715
2774	1703
2775	1658
2776	1712
2777	1740
2778	1707
2779	1590
2780	1591
2781	1665
2782	1719
2783	1726
2784	1518
2785	1446
2786	1588
2787	1640
2788	1539
2789	1748
2790	1599
2791	1674
2792	1710
2793	1466
2794	1619
2795	1590
2796	1535
2797	1489
2798	1524
2799	1483
2800	1646
2801	1546
2802	1637
2803	1591
2804	1616
2805	1578
2806	1600
2807	1659
2808	1485
2809	1571
2810	1614
2811	1549
2812	1596
2813	1542
2814	1628
2815	1675
2816	1646
2817	1766
2818	1511
2819	1706
2820	1547
2821	1655
2822	1641
2823	1629
2824	1572
2825	1727
2826	1604
2827	1583
2828	1562
2829	1492
2830	1600
2831	1445
2832	1450
2833	1493
2834	1579
2835	1585
2836	1546
2837	1581
2838	1507
2839	1420
2840	1509
2841	1607
2842	1498
2843	1426
2844	1481
2845	1495
2846	1545
2847	1514
2848	1712
2849	1515
2850	1483
2851	1547
2852	1474
2853	1586
2854	1695
2855	1598
2856	1772
2857	1536
2858	1526
2859	1591
2860	1515
2861	1840
2862	1818
2863	1980
2864	1772
2865	1667
2866	1502
2867	1427
2868	1519
2869	1450
2870	1577
2871	1417
2872	1477
2873	1514
2874	1388
2875	1420
2876	1420
2877	1485
2878	1400
2879	1484
2880	1340
2881	1405
2882	1396
2883	1323
2884	1528
2885	1527
2886	1541
2887	1447
2888	1497
2889	1365
2890	1355
2891	1445
2892	1438
2893	1358
2894	1363
2895	1364
2896	1336
2897	1456
2898	1416
2899	1373
2900	1413
2901	1513
2902	1442
2903	1579
2904	1377
2905	1299
2906	1405
2907	1318
2908	1340
2909	1349
2910	1432
2911	1421
2912	1405
2913	1410
2914	1302
2915	1344
2916	1288
2917	1312
2918	1361
2919	1405
2920	1360
2921	1343
2922	1323
2923	1251
2924	1261
2925	1384
2926	1314
2927	1342
2928	1277
2929	1282
2930	1267
2931	1246
2932	1258
2933	1325
2934	1267
2935	1315
2936	1350
2937	1336
2938	1363
2939	1370
2940	1285
2941	1328
2942	1293
2943	1312
2944	1310
2945	1215
2946	1283
2947	1370
2948	1390
2949	1263
2950	1260
2951	1282
2952	1341
2953	1392
2954	1247
2955	1295
2956	1205
2957	1189
2958	1364
2959	1271
2960	1307
2961	1447
2962	1400
2963	1405
2964	1379
2965	1225
2966	1386
2967	1425
2968	1358
2969	1473
2970	1413
2971	1324
2972	1439
2973	1431
2974	1383
2975	1450
2976	1270
2977	1271
2978	1309
2979	1387
2980	1270
2981	1354
2982	1399
2983	1383
2984	1458
2985	1362
2986	1376
2987	1442
2988	1420
2989	1508
2990	1514
2991	1425
2992	1366
2993	1451
2994	1425
2995	1467
2996	1474
2997	1472
2998	1463
2999	1394
3000	1436
3001	1367
3002	1387
3003	1499
3004	1462
3005	1533
3006	1540
3007	1541
3008	1436
3009	1382
3010	1464
3011	1464
3012	1403
3013	1481
3014	1431
3015	1400
3016	1401
3017	1347
3018	1392
3019	1518
3020	1479
3021	1467
3022	1451
3023	1444
3024	1347
3025	1381
3026	1364
3027	1284
3028	1365
3029	1341
3030	1438
3031	1379
3032	1381
3033	1392
3034	1344
3035	1446
3036	1252
3037	1352
3038	1310
3039	1423
3040	1285
3041	1524
3042	1459
3043	1508
3044	1268
3045	1355
3046	1471
3047	1506
3048	1451
3049	1514
3050	1377
3051	1594
3052	1493
3053	1550
3054	1519
3055	1631
3056	1509
3057	1670
3058	1548
3059	1712
3060	1536
3061	1483
3062	1621
3063	1533
3064	1450
3065	1615
3066	1558
3067	1562
3068	1536
3069	1485
3070	1481
3071	1480
3072	1509
3073	1556
3074	1442
3075	1382
3076	1529
3077	1591
3078	1459
3079	1677
3080	1549
3081	1548
3082	1542
3083	1516
3084	1466
3085	1376
3086	1487
3087	1444
3088	1465
3089	1384
3090	1465
3091	1462
3092	1443
3093	1483
3094	1502
3095	1428
3096	1582
3097	1476
3098	1454
3099	1463
3100	1450
3101	1356
3102	1564
3103	1493
3104	1401
3105	1462
3106	1464
3107	1440
3108	1430
3109	1473
3110	1370
3111	1381
3112	1406
3113	1340
3114	1457
3115	1591
3116	1411
3117	1406
3118	1373
3119	1383
3120	1374
3121	1303
3122	1339
3123	1337
3124	1470
3125	1316
3126	1492
3127	1382
3128	1316
3129	1353
3130	1359
3131	1264
3132	1253
3133	1327
3134	1422
3135	1401
3136	1355
3137	1244
3138	1336
3139	1256
3140	1315
3141	1424
3142	1355
3143	1280
3144	1316
3145	1345
3146	1356
3147	1358
3148	1275
3149	1341
3150	1336
3151	1369
3152	1447
3153	1359
3154	1318
3155	1306
3156	1346
3157	1423
3158	1324
3159	1499
3160	1445
3161	1372
3162	1419
3163	1444
3164	1370
3165	1642
3166	1710
3167	1533
3168	1577
3169	1297
3170	1268
3171	1308
3172	1310
3173	1247
3174	1294
3175	1279
3176	1322
3177	1258
3178	1227
3179	1408
3180	1391
3181	1327
3182	1272
3183	1339
3184	1261
3185	1384
3186	1245
3187	1374
3188	1360
3189	1460
3190	1341
3191	1428
3192	1381
3193	1316
3194	1457
3195	1325
3196	1342
3197	1275
3198	1421
3199	1361
3200	1449
3201	1366
3202	1355
3203	1346
3204	1468
3205	1314
3206	1443
3207	1416
3208	1381
3209	1375
3210	1344
3211	1462
3212	1536
3213	1455
3214	1381
3215	1269
3216	1313
3217	1342
3218	1388
3219	1465
3220	1388
3221	1392
3222	1438
3223	1416
3224	1463
3225	1405
3226	1391
3227	1305
3228	1322
3229	1322
3230	1379
3231	1500
3232	1502
3233	1506
3234	1348
3235	1555
3236	1392
3237	1445
3238	1495
3239	1435
3240	1475
3241	1424
3242	1408
3243	1433
3244	1516
3245	1528
3246	1364
3247	1417
3248	1470
3249	1382
3250	1511
3251	1304
3252	1351
3253	1389
3254	1427
3255	1433
3256	1419
3257	1391
3258	1416
3259	1347
3260	1496
3261	1429
3262	1547
3263	1523
3264	1360
3265	1409
3266	1406
3267	1427
3268	1434
3269	1559
3270	1380
3271	1509
3272	1488
3273	1411
3274	1506
3275	1479
3276	1528
3277	1493
3278	1469
3279	1436
3280	1469
3281	1467
3282	1398
3283	1486
3284	1520
3285	1627
3286	1545
3287	1512
3288	1524
3289	1486
3290	1373
3291	1526
3292	1510
3293	1403
3294	1474
3295	1407
3296	1460
3297	1402
3298	1495
3299	1516
3300	1450
3301	1408
3302	1384
3303	1512
3304	1586
3305	1617
3306	1485
3307	1428
3308	1486
3309	1460
3310	1490
3311	1439
3312	1352
3313	1411
3314	1410
3315	1540
3316	1405
3317	1507
3318	1434
3319	1469
3320	1548
3321	1521
3322	1575
3323	1528
3324	1511
3325	1478
3326	1545
3327	1514
3328	1331
3329	1494
3330	1401
3331	1388
3332	1456
3333	1503
3334	1477
3335	1534
3336	1495
3337	1453
3338	1465
3339	1437
3340	1452
3341	1518
3342	1482
3343	1528
3344	1453
3345	1362
3346	1426
3347	1514
3348	1486
3349	1428
3350	1390
3351	1516
3352	1405
3353	1416
3354	1543
3355	1481
3356	1646
3357	1376
3358	1720
3359	1618
3360	1598
3361	1623
3362	1417
3363	1478
3364	1473
3365	1441
3366	1833
3367	1507
3368	1686
3369	1406
3370	1477
3371	1398
3372	1399
3373	1390
3374	1289
3375	1376
3376	1316
3377	1370
3378	1331
3379	1367
3380	1302
3381	1322
3382	1580
3383	1357
3384	1389
3385	1309
3386	1344
3387	1425
3388	1263
3389	1380
3390	1310
3391	1399
3392	1302
3393	1182
3394	1328
3395	1246
3396	1358
3397	1334
3398	1292
3399	1217
3400	1211
3401	1274
3402	1394
3403	1281
3404	1345
3405	1271
3406	1427
3407	1357
3408	1388
3409	1347
3410	1328
3411	1377
3412	1338
3413	1271
3414	1317
3415	1260
3416	1307
3417	1259
3418	1360
3419	1327
3420	1302
3421	1402
3422	1282
3423	1308
3424	1244
3425	1325
3426	1237
3427	1322
3428	1178
3429	1399
3430	1299
3431	1351
3432	1228
3433	1230
3434	1225
3435	1278
3436	1248
3437	1238
3438	1296
3439	1294
3440	1186
3441	1289
3442	1294
3443	1430
3444	1321
3445	1288
3446	1195
3447	1205
3448	1218
3449	1134
3450	1247
3451	1322
3452	1321
3453	1293
3454	1170
3455	1300
3456	1288
3457	1287
3458	1254
3459	1245
3460	1181
3461	1241
3462	1251
3463	1298
3464	1251
3465	1238
3466	1283
3467	1107
3468	1124
3469	1178
3470	1150
3471	1288
3472	1211
3473	1300
3474	1227
3475	1180
3476	1204
3477	1228
3478	1237
3479	1203
3480	1267
3481	1186
3482	1077
3483	1165
3484	1098
3485	1128
3486	1140
3487	1233
3488	1219
3489	1180
3490	1092
3491	1201
3492	1064
3493	1141
3494	1160
3495	1110
3496	1128
3497	1105
3498	1217
3499	1219
3500	1188
3501	1202
3502	1117
3503	1110
3504	1053
3505	1094
3506	1104
3507	1066
3508	1118
3509	1163
3510	1066
3511	1049
3512	1032
3513	1059
3514	1047
3515	1097
3516	1080
3517	1087
3518	1062
3519	1155
3520	1131
3521	1049
3522	1129
3523	1221
3524	1043
3525	1118
3526	1107
3527	1205
3528	1045
3529	1104
3530	1038
3531	1031
3532	1103
3533	1141
3534	1048
3535	1097
3536	1106
3537	1030
3538	1260
3539	1142
3540	1079
3541	1109
3542	1048
3543	1110
3544	1026
3545	1132
3546	1133
3547	1127
3548	1087
3549	1048
3550	1074
3551	1210
3552	1054
3553	1087
3554	1050
3555	1132
3556	921
3557	1167
3558	1133
3559	1125
3560	1064
3561	1106
3562	1152
3563	1142
3564	1077
3565	1164
3566	1146
3567	1089
3568	1121
3569	1127
3570	1053
3571	1105
3572	1069
3573	1115
3574	1099
3575	1122
3576	1178
3577	1182
3578	1113
3579	1148
3580	1180
3581	1081
3582	1103
3583	1149
3584	1136
3585	1138
3586	1182
3587	1078
3588	1155
3589	1081
3590	1116
3591	1147
3592	1082
3593	1181
3594	1222
3595	1185
3596	1209
3597	1179
3598	1189
3599	1085
3600	1060
3601	1090
3602	1197
3603	1240
3604	1129
3605	1171
3606	1122
3607	1168
3608	1217
3609	1228
3610	1327
3611	1113
3612	1182
3613	1120
3614	1146
3615	1260
3616	1176
3617	1179
3618	1269
3619	1277
3620	1200
3621	1195
3622	1278
3623	1240
3624	1090
3625	1198
3626	1131
3627	1323
3628	1219
3629	1181
3630	1196
3631	1299
3632	1297
3633	1289
3634	1144
3635	1129
3636	1124
3637	1145
3638	1144
3639	1331
3640	1271
3641	1165
3642	1248
3643	1161
3644	1333
3645	1232
3646	1217
3647	1173
3648	1235
3649	1103
3650	1149
3651	1350
3652	1176
3653	1078
3654	1237
3655	1265
3656	1133
3657	1179
3658	1133
3659	1178
3660	1117
3661	1225
3662	1056
3663	1090
3664	1144
3665	1110
3666	1099
3667	1096
3668	1127
3669	1022
3670	1151
3671	1036
3672	1137
3673	1143
3674	1193
3675	1189
3676	1121
3677	1288
3678	1158
3679	1200
3680	1212
3681	1180
3682	1141
3683	1224
3684	1143
3685	1115
3686	1098
3687	1044
3688	1048
3689	1111
3690	1156
3691	1152
3692	1098
3693	1071
3694	1029
3695	1103
3696	1172
3697	1108
3698	1231
3699	1360
3700	1333
3701	1300
3702	1266
3703	1238
3704	1210
3705	1198
3706	1161
3707	1109
3708	1173
3709	1200
3710	1153
3711	1161
3712	1263
3713	1200
3714	1219
3715	1229
3716	1280
3717	1214
3718	1354
3719	1053
3720	1220
3721	1202
3722	1096
3723	1108
3724	1140
3725	1182
3726	1211
3727	1126
3728	1280
3729	1164
3730	1159
3731	1114
3732	1050
3733	1090
3734	1052
3735	1099
3736	1230
3737	1128
3738	1207
3739	1171
3740	1130
3741	1116
3742	1085
3743	1042
3744	1129
3745	1136
3746	1082
3747	1071
3748	1122
3749	1150
3750	1080
3751	1014
3752	1142
3753	1110
3754	1114
3755	1156
3756	1111
3757	1131
3758	1068
3759	1132
3760	1166
3761	1172
3762	1097
3763	993
3764	1087
3765	1070
3766	1100
3767	1171
3768	1208
3769	1058
3770	1074
3771	1148
3772	1206
3773	1097
3774	1195
3775	1073
3776	1122
3777	1015
3778	1031
3779	987
3780	1134
3781	990
3782	1045
3783	1024
3784	1153
3785	936
3786	1066
3787	1042
3788	1003
3789	939
3790	1016
3791	1032
3792	1005
3793	982
3794	965
3795	937
3796	1034
3797	900
3798	939
3799	1066
3800	992
3801	1016
3802	996
3803	1095
3804	1018
3805	982
3806	960
3807	1007
3808	1058
3809	1010
3810	1032
3811	929
3812	937
3813	969
3814	1025
3815	931
3816	1097
3817	1043
3818	955
3819	1022
3820	1022
3821	953
3822	889
3823	990
3824	962
3825	890
3826	978
3827	997
3828	978
3829	910
3830	885
3831	890
3832	924
3833	924
3834	950
3835	976
3836	970
3837	905
3838	934
3839	864
3840	910
3841	977
3842	907
3843	928
3844	849
3845	906
3846	948
3847	923
3848	904
3849	957
3850	982
3851	917
3852	1006
3853	951
3854	916
3855	1003
3856	871
3857	955
3858	915
3859	923
3860	900
3861	992
3862	958
3863	959
3864	1028
3865	901
3866	992
3867	1010
3868	956
3869	864
3870	907
3871	890
3872	931
3873	926
3874	935
3875	858
3876	981
3877	964
3878	998
3879	1007
3880	984
3881	1034
3882	963
3883	1068
3884	997
3885	949
3886	1014
3887	1032
3888	953
3889	959
3890	1009
3891	1041
3892	940
3893	1002
3894	1096
3895	1018
3896	1022
3897	1031
3898	1156
3899	1077
3900	1037
3901	954
3902	906
3903	943
3904	994
3905	958
3906	1043
3907	1071
3908	1017
3909	1068
3910	1074
3911	1169
3912	1051
3913	1088
3914	1060
3915	1095
3916	1089
3917	1047
3918	1090
3919	1021
3920	1144
3921	1116
3922	1094
3923	1017
3924	1018
3925	1084
3926	1115
3927	1131
3928	1016
3929	1109
3930	1036
3931	1092
3932	1092
3933	1038
3934	1100
3935	1103
3936	1127
3937	996
3938	1091
3939	1101
3940	993
3941	1007
3942	1022
3943	1095
3944	1059
3945	1047
3946	1076
3947	1108
3948	989
3949	1005
3950	1104
3951	1041
3952	1130
3953	1139
3954	1157
3955	1189
3956	1101
3957	1083
3958	1036
3959	1070
3960	1055
3961	1170
3962	1050
3963	1087
3964	1015
3965	1053
3966	1085
3967	1002
3968	1074
3969	1095
3970	1043
3971	1050
3972	1121
3973	1027
3974	1085
3975	990
3976	1049
3977	1091
3978	1182
3979	1075
3980	1052
3981	1050
3982	1042
3983	1032
3984	1133
3985	1090
3986	1045
3987	986
3988	1074
3989	938
3990	1080
3991	1039
3992	969
3993	1042
3994	1014
3995	1022
3996	929
3997	982
3998	999
3999	1088
4000	1034
4001	1075
4002	1036
4003	993
4004	1013
4005	1111
4006	1082
4007	962
4008	1015
4009	1051
4010	1078
4011	1010
4012	961
4013	1137
4014	1006
4015	1084
4016	1098
4017	1099
4018	1082
4019	1061
4020	1028
4021	1128
4022	1128
4023	1026
4024	1013
4025	1082
4026	1078
4027	1137
4028	1069
4029	1032
4030	1172
4031	1103
4032	1288
4033	1120
4034	1185
4035	1343
4036	1138
4037	1041
4038	1092
4039	1020
4040	963
4041	977
4042	954
4043	1038
4044	1042
4045	998
4046	946
4047	1092
4048	1036
4049	1036
4050	985
4051	987
4052	1010
4053	1081
4054	943
4055	1167
4056	1065
4057	1078
4058	991
4059	987
4060	993
4061	954
4062	1060
4063	1122
4064	1058
4065	1098
4066	1107
4067	987
4068	1099
4069	1024
4070	1049
4071	1009
4072	1000
4073	1019
4074	993
4075	932
4076	1027
4077	1020
4078	1053
4079	1102
4080	1028
4081	1096
4082	1015
4083	1054
4084	974
4085	1034
4086	1096
4087	997
4088	1060
4089	1037
4090	929
4091	1043
4092	994
4093	1055
4094	969
4095	991
4096	995
4097	970
4098	1105
4099	1028
4100	964
4101	961
4102	926
4103	1010
4104	952
4105	1028
4106	999
4107	1001
4108	911
4109	1125
4110	1006
4111	928
4112	968
4113	974
4114	975
4115	1058
4116	989
4117	970
4118	999
4119	969
4120	1025
4121	1003
4122	1002
4123	1034
4124	954
4125	932
4126	1088
4127	1093
4128	886
4129	946
4130	919
4131	1005
4132	1084
4133	924
4134	891
4135	810
4136	868
4137	870
4138	983
4139	1025
4140	971
4141	938
4142	1000
4143	977
4144	883
4145	935
4146	908
4147	952
4148	879
4149	922
4150	854
4151	924
4152	947
4153	782
4154	906
4155	939
4156	834
4157	908
4158	856
4159	899
4160	871
4161	854
4162	833
4163	878
4164	857
4165	901
4166	820
4167	945
4168	896
4169	862
4170	871
4171	877
4172	860
4173	780
4174	815
4175	923
4176	847
4177	839
4178	781
4179	919
4180	755
4181	845
4182	943
4183	793
4184	863
4185	889
4186	927
4187	876
4188	806
4189	854
4190	820
4191	870
4192	819
4193	823
4194	774
4195	768
4196	813
4197	859
4198	777
4199	842
4200	815
4201	928
4202	906
4203	854
4204	871
4205	896
4206	852
4207	942
4208	851
4209	827
4210	832
4211	750
4212	788
4213	779
4214	819
4215	831
4216	796
4217	852
4218	916
4219	831
4220	848
4221	838
4222	894
4223	823
4224	890
4225	871
4226	908
4227	872
4228	937
4229	932
4230	864
4231	813
4232	856
4233	857
4234	878
4235	837
4236	832
4237	846
4238	899
4239	834
4240	919
4241	856
4242	896
4243	790
4244	932
4245	838
4246	820
4247	812
4248	874
4249	871
4250	867
4251	830
4252	829
4253	873
4254	920
4255	866
4256	835
4257	800
4258	847
4259	816
4260	804
4261	900
4262	844
4263	950
4264	926
4265	965
4266	966
4267	970
4268	1062
4269	889
4270	1017
4271	979
4272	1035
4273	957
4274	871
4275	927
4276	950
4277	849
4278	848
4279	1013
4280	916
4281	977
4282	911
4283	906
4284	893
4285	884
4286	874
4287	912
4288	912
4289	894
4290	814
4291	900
4292	958
4293	881
4294	944
4295	1010
4296	948
4297	962
4298	989
4299	867
4300	901
4301	885
4302	899
4303	929
4304	996
4305	907
4306	872
4307	921
4308	1043
4309	864
4310	917
4311	911
4312	926
4313	849
4314	869
4315	964
4316	919
4317	834
4318	826
4319	840
4320	880
4321	820
4322	867
4323	818
4324	824
4325	842
4326	796
4327	795
4328	839
4329	817
4330	753
4331	812
4332	837
4333	835
4334	874
4335	789
4336	823
4337	769
4338	839
4339	843
4340	766
4341	796
4342	835
4343	839
4344	703
4345	771
4346	786
4347	896
4348	727
4349	814
4350	793
4351	707
4352	827
4353	775
4354	864
4355	833
4356	708
4357	798
4358	810
4359	723
4360	790
4361	684
4362	729
4363	746
4364	799
4365	770
4366	745
4367	799
4368	730
4369	779
4370	727
4371	779
4372	766
4373	725
4374	755
4375	766
4376	793
4377	761
4378	784
4379	822
4380	733
4381	738
4382	830
4383	728
4384	758
4385	770
4386	716
4387	811
4388	801
4389	716
4390	745
4391	851
4392	733
4393	757
4394	698
4395	718
4396	749
4397	676
4398	668
4399	777
4400	753
4401	785
4402	722
4403	732
4404	706
4405	676
4406	747
4407	724
4408	692
4409	692
4410	717
4411	811
4412	744
4413	748
4414	748
4415	757
4416	806
4417	724
4418	760
4419	692
4420	720
4421	680
4422	841
4423	764
4424	729
4425	715
4426	717
4427	831
4428	751
4429	662
4430	717
4431	816
4432	678
4433	764
4434	682
4435	733
4436	755
4437	696
4438	666
4439	702
4440	745
4441	730
4442	755
4443	750
4444	772
4445	696
4446	730
4447	694
4448	786
4449	694
4450	677
4451	702
4452	777
4453	671
4454	727
4455	708
4456	695
4457	750
4458	704
4459	726
4460	706
4461	809
4462	724
4463	778
4464	843
4465	715
4466	783
4467	711
4468	704
4469	737
4470	761
4471	718
4472	733
4473	746
4474	758
4475	724
4476	721
4477	745
4478	805
4479	825
4480	836
4481	770
4482	780
4483	749
4484	822
4485	712
4486	786
4487	791
4488	804
4489	729
4490	764
4491	794
4492	771
4493	738
4494	819
4495	832
4496	773
4497	828
4498	895
4499	900
4500	838
4501	918
4502	906
4503	872
4504	748
4505	749
4506	849
4507	795
4508	946
4509	933
4510	793
4511	954
4512	975
4513	912
4514	928
4515	901
4516	890
4517	825
4518	874
4519	835
4520	1067
4521	958
4522	858
4523	894
4524	955
4525	820
4526	878
4527	821
4528	862
4529	834
4530	967
4531	789
4532	801
4533	938
4534	800
4535	834
4536	1032
4537	806
4538	750
4539	853
4540	756
4541	776
4542	842
4543	835
4544	811
4545	1013
4546	875
4547	794
4548	753
4549	790
4550	825
4551	935
4552	739
4553	892
4554	757
4555	807
4556	779
4557	760
4558	759
4559	798
4560	764
4561	805
4562	880
4563	779
4564	743
4565	766
4566	669
4567	705
4568	900
4569	690
4570	706
4571	707
4572	699
4573	639
4574	708
4575	800
4576	738
4577	707
4578	668
4579	793
4580	637
4581	634
4582	710
4583	747
4584	754
4585	685
4586	709
4587	676
4588	779
4589	742
4590	813
4591	663
4592	636
4593	634
4594	618
4595	678
4596	703
4597	743
4598	644
4599	730
4600	723
4601	757
4602	698
4603	751
4604	696
4605	731
4606	697
4607	709
4608	736
4609	687
4610	720
4611	660
4612	702
4613	694
4614	737
4615	774
4616	745
4617	771
4618	741
4619	798
4620	792
4621	697
4622	715
4623	749
4624	703
4625	712
4626	751
4627	754
4628	758
4629	716
4630	787
4631	827
4632	853
4633	789
4634	815
4635	711
4636	727
4637	820
4638	806
4639	783
4640	750
4641	754
4642	794
4643	789
4644	792
4645	810
4646	731
4647	793
4648	778
4649	761
4650	740
4651	797
4652	712
4653	760
4654	690
4655	787
4656	778
4657	740
4658	760
4659	788
4660	787
4661	735
4662	832
4663	871
4664	754
4665	694
4666	780
4667	649
4668	742
4669	711
4670	751
4671	761
4672	752
4673	816
4674	790
4675	813
4676	827
4677	768
4678	752
4679	729
4680	772
4681	689
4682	734
4683	850
4684	716
4685	710
4686	714
4687	776
4688	728
4689	700
4690	684
4691	802
4692	766
4693	745
4694	718
4695	737
4696	720
4697	750
4698	801
4699	816
4700	831
4701	772
4702	782
4703	753
4704	765
4705	796
4706	707
4707	711
4708	758
4709	691
4710	671
4711	705
4712	757
4713	715
4714	717
4715	676
4716	785
4717	721
4718	678
4719	771
4720	697
4721	688
4722	678
4723	744
4724	701
4725	738
4726	608
4727	676
4728	705
4729	654
4730	719
4731	667
4732	741
4733	720
4734	684
4735	720
4736	747
4737	747
4738	753
4739	760
4740	647
4741	711
4742	718
4743	693
4744	617
4745	638
4746	690
4747	652
4748	701
4749	709
4750	781
4751	746
4752	704
4753	737
4754	769
4755	688
4756	697
4757	724
4758	693
4759	663
4760	694
4761	671
4762	733
4763	692
4764	671
4765	666
4766	713
4767	773
4768	691
4769	693
4770	713
4771	727
4772	764
4773	629
4774	681
4775	748
4776	720
4777	656
4778	684
4779	770
4780	690
4781	724
4782	743
4783	738
4784	747
4785	677
4786	725
4787	694
4788	719
4789	714
4790	690
4791	723
4792	796
4793	754
4794	807
4795	821
4796	790
4797	746
4798	802
4799	743
4800	799
4801	813
4802	868
4803	926
4804	857
4805	803
4806	807
4807	771
4808	886
4809	792
4810	1056
4811	992
4812	1031
4813	1012
4814	960
4815	1067
4816	909
4817	1098
4818	1106
4819	1339
4820	1048
4821	1165
4822	972
4823	901
4824	1062
4825	1161
4826	1188
4827	1258
4828	1148
4829	1229
4830	1292
4831	1283
4832	1138
4833	1211
4834	1237
4835	1173
4836	1166
4837	1070
4838	1027
4839	1122
4840	1015
4841	1089
4842	1049
4843	1074
4844	1171
4845	1119
4846	1130
4847	939
4848	1061
4849	883
4850	875
4851	921
4852	1057
4853	919
4854	846
4855	929
4856	918
4857	986
4858	1027
4859	1034
4860	999
4861	927
4862	1015
4863	1127
4864	832
4865	978
4866	803
4867	787
4868	844
4869	882
4870	947
4871	917
4872	884
4873	823
4874	862
4875	897
4876	868
4877	816
4878	777
4879	845
4880	830
4881	868
4882	855
4883	865
4884	831
4885	809
4886	750
4887	812
4888	756
4889	787
4890	779
4891	779
4892	760
4893	732
4894	797
4895	778
4896	762
4897	718
4898	730
4899	748
4900	711
4901	761
4902	829
4903	844
4904	785
4905	896
4906	861
4907	814
4908	950
4909	760
4910	846
4911	788
4912	793
4913	818
4914	792
4915	755
4916	856
4917	786
4918	777
4919	792
4920	816
4921	875
4922	791
4923	950
4924	765
4925	772
4926	696
4927	748
4928	706
4929	651
4930	783
4931	707
4932	866
4933	765
4934	723
4935	800
4936	755
4937	777
4938	767
4939	804
4940	806
4941	749
4942	737
4943	690
4944	790
4945	732
4946	821
4947	724
4948	845
4949	703
4950	815
4951	741
4952	872
4953	761
4954	736
4955	749
4956	728
4957	763
4958	831
4959	878
4960	793
4961	798
4962	893
4963	864
4964	823
4965	928
4966	778
4967	804
4968	774
4969	805
4970	704
4971	798
4972	719
4973	829
4974	821
4975	741
4976	768
4977	829
4978	819
4979	774
4980	694
4981	801
4982	741
4983	737
4984	780
4985	717
4986	669
4987	775
4988	805
4989	762
4990	830
4991	700
4992	734
4993	709
4994	771
4995	746
4996	820
4997	755
4998	800
4999	747
5000	710
5001	723
5002	699
5003	745
5004	765
5005	807
5006	737
5007	733
5008	861
5009	799
5010	778
5011	815
5012	731
5013	814
5014	745
5015	855
5016	734
5017	789
5018	718
5019	739
5020	803
5021	778
5022	701
5023	765
5024	687
5025	700
5026	770
5027	771
5028	892
5029	706
5030	812
5031	728
5032	752
5033	768
5034	741
5035	743
5036	766
5037	815
5038	742
5039	715
5040	678
5041	717
5042	712
5043	705
5044	710
5045	749
5046	792
5047	719
5048	772
5049	694
5050	642
5051	700
5052	723
5053	679
5054	664
5055	676
5056	808
5057	735
5058	786
5059	683
5060	718
5061	751
5062	701
5063	750
5064	676
5065	664
5066	660
5067	664
5068	684
5069	696
5070	708
5071	694
5072	702
5073	688
5074	744
5075	714
5076	733
5077	735
5078	636
5079	724
5080	794
5081	742
5082	763
5083	738
5084	699
5085	689
5086	750
5087	787
5088	702
5089	660
5090	738
5091	814
5092	707
5093	762
5094	725
5095	672
5096	714
5097	725
5098	729
5099	768
5100	744
5101	707
5102	944
5103	655
5104	657
5105	686
5106	618
5107	716
5108	667
5109	627
5110	612
5111	651
5112	603
5113	735
5114	591
5115	661
5116	565
5117	684
5118	697
5119	663
5120	712
5121	668
5122	686
5123	735
5124	657
5125	699
5126	693
5127	645
5128	587
5129	616
5130	600
5131	734
5132	681
5133	693
5134	650
5135	648
5136	728
5137	680
5138	755
5139	693
5140	697
5141	572
5142	616
5143	661
5144	654
5145	659
5146	622
5147	662
5148	710
5149	657
5150	751
5151	699
5152	672
5153	793
5154	671
5155	703
5156	773
5157	763
5158	713
5159	844
5160	752
5161	827
5162	641
5163	665
5164	660
5165	767
5166	711
5167	697
5168	707
5169	727
5170	662
5171	756
5172	741
5173	656
5174	696
5175	623
5176	685
5177	686
5178	679
5179	710
5180	803
5181	742
5182	703
5183	684
5184	652
5185	733
5186	692
5187	686
5188	698
5189	665
5190	712
5191	660
5192	693
5193	607
5194	660
5195	670
5196	685
5197	754
5198	790
5199	622
5200	697
5201	656
5202	655
5203	668
5204	635
5205	677
5206	611
5207	587
5208	661
5209	661
5210	654
5211	570
5212	577
5213	568
5214	623
5215	654
5216	577
5217	630
5218	640
5219	678
5220	589
5221	662
5222	581
5223	569
5224	558
5225	578
5226	635
5227	568
5228	598
5229	646
5230	574
5231	606
5232	591
5233	529
5234	627
5235	622
5236	623
5237	632
5238	606
5239	579
5240	619
5241	602
5242	627
5243	600
5244	638
5245	623
5246	611
5247	578
5248	626
5249	619
5250	612
5251	596
5252	613
5253	565
5254	586
5255	597
5256	514
5257	553
5258	585
5259	620
5260	649
5261	607
5262	574
5263	615
5264	600
5265	583
5266	626
5267	540
5268	634
5269	670
5270	600
5271	554
5272	600
5273	644
5274	614
5275	616
5276	573
5277	591
5278	567
5279	510
5280	590
5281	578
5282	679
5283	582
5284	574
5285	587
5286	646
5287	641
5288	643
5289	633
5290	597
5291	554
5292	611
5293	528
5294	637
5295	563
5296	606
5297	612
5298	636
5299	618
5300	635
5301	585
5302	560
5303	618
5304	614
5305	562
5306	751
5307	601
5308	690
5309	606
5310	615
5311	616
5312	616
5313	578
5314	644
5315	628
5316	504
5317	639
5318	635
5319	524
5320	591
5321	596
5322	657
5323	522
5324	551
5325	519
5326	578
5327	552
5328	585
5329	576
5330	549
5331	512
5332	600
5333	515
5334	541
5335	543
5336	557
5337	562
5338	529
5339	556
5340	537
5341	569
5342	531
5343	555
5344	509
5345	522
5346	477
5347	578
5348	559
5349	474
5350	614
5351	515
5352	521
5353	539
5354	561
5355	579
5356	570
5357	566
5358	511
5359	505
5360	585
5361	485
5362	519
5363	482
5364	584
5365	510
5366	528
5367	597
5368	532
5369	537
5370	525
5371	502
5372	532
5373	595
5374	529
5375	546
5376	484
5377	569
5378	486
5379	530
5380	631
5381	555
5382	548
5383	606
5384	551
5385	563
5386	636
5387	901
5388	646
5389	559
5390	598
5391	587
5392	550
5393	541
5394	564
5395	599
5396	564
5397	547
5398	533
5399	655
5400	662
5401	564
5402	512
5403	481
5404	527
5405	532
5406	652
5407	552
5408	553
5409	526
5410	571
5411	626
5412	570
5413	509
5414	534
5415	585
5416	618
5417	585
5418	596
5419	601
5420	602
5421	572
5422	560
5423	575
5424	601
5425	584
5426	631
5427	540
5428	536
5429	610
5430	541
5431	550
5432	562
5433	553
5434	594
5435	544
5436	611
5437	563
5438	553
5439	648
5440	647
5441	600
5442	631
5443	610
5444	660
5445	583
5446	610
5447	686
5448	672
5449	654
5450	569
5451	653
5452	634
5453	635
5454	646
5455	562
5456	686
5457	612
5458	658
5459	609
5460	602
5461	635
5462	645
5463	583
5464	622
5465	658
5466	592
5467	673
5468	661
5469	619
5470	687
5471	674
5472	600
5473	751
5474	698
5475	680
5476	777
5477	699
5478	782
5479	741
5480	669
5481	666
5482	627
5483	690
5484	656
5485	678
5486	710
5487	616
5488	658
5489	720
5490	632
5491	709
5492	724
5493	710
5494	698
5495	712
5496	752
5497	631
5498	733
5499	676
5500	732
5501	642
5502	670
5503	802
5504	809
5505	726
5506	741
5507	749
5508	615
5509	659
5510	621
5511	620
5512	644
5513	674
5514	747
5515	727
5516	707
5517	682
5518	741
5519	705
5520	624
5521	650
5522	617
5523	729
5524	730
5525	648
5526	690
5527	617
5528	778
5529	658
5530	703
5531	776
5532	657
5533	705
5534	728
5535	652
5536	698
5537	741
5538	702
5539	617
5540	688
5541	684
5542	686
5543	662
5544	726
5545	679
5546	645
5547	719
5548	678
5549	725
5550	732
5551	696
5552	732
5553	662
5554	685
5555	664
5556	658
5557	667
5558	735
5559	677
5560	617
5561	699
5562	662
5563	657
5564	639
5565	675
5566	702
5567	610
5568	707
5569	638
5570	635
5571	669
5572	664
5573	703
5574	721
5575	662
5576	657
5577	637
5578	741
5579	660
5580	615
5581	641
5582	643
5583	670
5584	638
5585	647
5586	635
5587	701
5588	663
5589	580
5590	654
5591	690
5592	664
5593	735
5594	762
5595	680
5596	647
5597	633
5598	692
5599	643
5600	659
5601	763
5602	717
5603	726
5604	681
5605	657
5606	679
5607	650
5608	640
5609	727
5610	704
5611	781
5612	685
5613	673
5614	641
5615	705
5616	596
5617	700
5618	669
5619	748
5620	644
5621	727
5622	669
5623	695
5624	674
5625	696
5626	618
5627	762
5628	653
5629	713
5630	651
5631	711
5632	701
5633	724
5634	718
5635	679
5636	601
5637	656
5638	702
5639	658
5640	764
5641	733
5642	723
5643	668
5644	770
5645	642
5646	568
5647	595
5648	650
5649	772
5650	759
5651	816
5652	762
5653	725
5654	661
5655	719
5656	711
5657	656
5658	634
5659	715
5660	722
5661	703
5662	770
5663	697
5664	778
5665	721
5666	800
5667	755
5668	728
5669	724
5670	663
5671	702
5672	732
5673	657
5674	687
5675	671
5676	727
5677	742
5678	643
5679	776
5680	675
5681	714
5682	697
5683	724
5684	750
5685	670
5686	748
5687	643
5688	686
5689	660
5690	672
5691	686
5692	674
5693	810
5694	694
5695	662
5696	661
5697	722
5698	681
5699	685
5700	687
5701	676
5702	594
5703	694
5704	663
5705	695
5706	615
5707	706
5708	647
5709	660
5710	652
5711	726
5712	666
5713	636
5714	662
5715	772
5716	636
5717	594
5718	574
5719	692
5720	615
5721	592
5722	650
5723	599
5724	627
5725	626
5726	545
5727	623
5728	639
5729	633
5730	597
5731	616
5732	541
5733	611
5734	576
5735	683
5736	525
5737	571
5738	517
5739	498
5740	622
5741	573
5742	575
5743	580
5744	587
5745	614
5746	518
5747	608
5748	570
5749	574
5750	508
5751	593
5752	540
5753	494
5754	481
5755	624
5756	503
5757	457
5758	552
5759	521
5760	583
5761	523
5762	564
5763	575
5764	563
5765	544
5766	523
5767	578
5768	594
5769	538
5770	546
5771	489
5772	561
5773	551
5774	534
5775	599
5776	553
5777	557
5778	530
5779	567
5780	565
5781	545
5782	569
5783	541
5784	481
5785	554
5786	566
5787	502
5788	512
5789	533
5790	485
5791	490
5792	531
5793	551
5794	580
5795	544
5796	513
5797	504
5798	512
5799	526
5800	567
5801	469
5802	569
5803	543
5804	569
5805	485
5806	560
5807	518
5808	547
5809	574
5810	506
5811	495
5812	492
5813	580
5814	510
5815	549
5816	555
5817	562
5818	610
5819	453
5820	503
5821	560
5822	569
5823	578
5824	596
5825	551
5826	537
5827	570
5828	602
5829	517
5830	587
5831	561
5832	519
5833	590
5834	617
5835	609
5836	619
5837	627
5838	535
5839	558
5840	633
5841	595
5842	562
5843	609
5844	643
5845	606
5846	629
5847	492
5848	561
5849	538
5850	504
5851	528
5852	570
5853	531
5854	579
5855	461
5856	527
5857	535
5858	545
5859	533
5860	543
5861	578
5862	560
5863	518
5864	449
5865	555
5866	542
5867	514
5868	568
5869	562
5870	529
5871	524
5872	595
5873	532
5874	559
5875	520
5876	534
5877	517
5878	602
5879	483
5880	581
5881	548
5882	560
5883	543
5884	462
5885	566
5886	505
5887	555
5888	527
5889	507
5890	483
5891	507
5892	544
5893	520
5894	547
5895	559
5896	562
5897	566
5898	504
5899	575
5900	573
5901	607
5902	612
5903	506
5904	552
5905	497
5906	534
5907	549
5908	538
5909	507
5910	479
5911	573
5912	576
5913	563
5914	551
5915	606
5916	568
5917	553
5918	484
5919	554
5920	583
5921	566
5922	554
5923	561
5924	546
5925	542
5926	599
5927	563
5928	565
5929	554
5930	609
5931	619
5932	606
5933	564
5934	524
5935	613
5936	545
5937	515
5938	576
5939	553
5940	569
5941	553
5942	527
5943	505
5944	549
5945	524
5946	538
5947	630
5948	543
5949	537
5950	528
5951	564
5952	551
5953	564
5954	597
5955	503
5956	560
5957	554
5958	530
5959	522
5960	532
5961	598
5962	569
5963	533
5964	584
5965	553
5966	574
5967	533
5968	525
5969	484
5970	595
5971	553
5972	554
5973	529
5974	545
5975	605
5976	520
5977	637
5978	526
5979	554
5980	562
5981	485
5982	547
5983	506
5984	504
5985	538
5986	563
5987	563
5988	555
5989	561
5990	560
5991	555
5992	507
5993	585
5994	535
5995	558
5996	549
5997	515
5998	490
5999	573
6000	536
6001	601
6002	547
6003	589
6004	562
6005	531
6006	607
6007	559
6008	555
6009	538
6010	547
6011	551
6012	525
6013	537
6014	472
6015	475
6016	631
6017	519
6018	564
6019	557
6020	603
6021	647
6022	603
6023	538
6024	602
6025	522
6026	569
6027	515
6028	540
6029	548
6030	540
6031	516
6032	591
6033	548
6034	506
6035	583
6036	510
6037	506
6038	510
6039	490
6040	503
6041	480
6042	557
6043	532
6044	516
6045	518
6046	496
6047	527
6048	582
6049	545
6050	563
6051	558
6052	500
6053	590
6054	508
6055	546
6056	489
6057	516
6058	496
6059	524
6060	557
6061	522
6062	589
6063	500
6064	520
6065	536
6066	543
6067	552
6068	604
6069	542
6070	576
6071	549
6072	536
6073	544
6074	452
6075	527
6076	554
6077	501
6078	550
6079	671
6080	539
6081	644
6082	536
6083	516
6084	541
6085	615
6086	560
6087	456
6088	539
6089	466
6090	503
6091	459
6092	463
6093	525
6094	523
6095	500
6096	560
6097	560
6098	522
6099	551
6100	524
6101	543
6102	521
6103	536
6104	585
6105	478
6106	520
6107	571
6108	473
6109	564
6110	513
6111	539
6112	508
6113	527
6114	543
6115	618
6116	571
6117	504
6118	547
6119	536
6120	507
6121	526
6122	518
6123	519
6124	499
6125	518
6126	553
6127	508
6128	521
6129	511
6130	523
6131	500
6132	505
6133	549
6134	570
6135	524
6136	499
6137	553
6138	495
6139	525
6140	520
6141	539
6142	485
6143	543
6144	543
6145	472
6146	479
6147	489
6148	467
6149	492
6150	476
6151	486
6152	447
6153	449
6154	497
6155	476
6156	511
6157	485
6158	528
6159	469
6160	445
6161	512
6162	424
6163	461
6164	480
6165	482
6166	443
6167	491
6168	520
6169	484
6170	407
6171	434
6172	441
6173	442
6174	430
6175	408
6176	436
6177	389
6178	460
6179	485
6180	445
6181	427
6182	398
6183	418
6184	439
6185	397
6186	435
6187	421
6188	448
6189	433
6190	434
6191	435
6192	491
6193	460
6194	508
6195	403
6196	423
6197	401
6198	440
6199	368
6200	376
6201	424
6202	374
6203	368
6204	392
6205	452
6206	409
6207	416
6208	374
6209	385
6210	472
6211	402
6212	390
6213	429
6214	440
6215	420
6216	446
6217	413
6218	406
6219	416
6220	471
6221	402
6222	394
6223	431
6224	401
6225	375
6226	423
6227	439
6228	405
6229	416
6230	391
6231	446
6232	390
6233	439
6234	406
6235	416
6236	447
6237	417
6238	431
6239	412
6240	413
6241	416
6242	455
6243	418
6244	378
6245	416
6246	426
6247	487
6248	449
6249	437
6250	482
6251	499
6252	415
6253	472
6254	492
6255	380
6256	472
6257	457
6258	486
6259	487
6260	452
6261	484
6262	458
6263	423
6264	371
6265	502
6266	489
6267	478
6268	470
6269	457
6270	508
6271	458
6272	394
6273	464
6274	461
6275	407
6276	436
6277	458
6278	433
6279	481
6280	507
6281	451
6282	470
6283	455
6284	436
6285	414
6286	417
6287	369
6288	470
6289	480
6290	473
6291	441
6292	466
6293	474
6294	457
6295	483
6296	473
6297	476
6298	505
6299	403
6300	457
6301	448
6302	494
6303	496
6304	460
6305	420
6306	423
6307	496
6308	477
6309	504
6310	470
6311	513
6312	523
6313	437
6314	401
6315	430
6316	485
6317	512
6318	429
6319	465
6320	481
6321	492
6322	436
6323	511
6324	457
6325	463
6326	508
6327	480
6328	506
6329	497
6330	532
6331	456
6332	434
6333	460
6334	473
6335	525
6336	505
6337	454
6338	485
6339	462
6340	479
6341	525
6342	512
6343	442
6344	482
6345	482
6346	455
6347	475
6348	565
6349	482
6350	492
6351	557
6352	497
6353	521
6354	525
6355	524
6356	561
6357	496
6358	574
6359	528
6360	491
6361	482
6362	539
6363	477
6364	534
6365	619
6366	532
6367	521
6368	471
6369	483
6370	461
6371	480
6372	495
6373	469
6374	445
6375	538
6376	501
6377	469
6378	442
6379	569
6380	430
6381	543
6382	490
6383	497
6384	612
6385	440
6386	480
6387	510
6388	462
6389	523
6390	500
6391	499
6392	511
6393	497
6394	473
6395	522
6396	471
6397	431
6398	515
6399	488
6400	473
6401	462
6402	487
6403	480
6404	471
6405	522
6406	518
6407	507
6408	489
6409	470
6410	517
6411	487
6412	511
6413	488
6414	486
6415	481
6416	435
6417	408
6418	461
6419	443
6420	480
6421	539
6422	484
6423	462
6424	482
6425	525
6426	558
6427	490
6428	474
6429	499
6430	461
6431	494
6432	440
6433	454
6434	530
6435	489
6436	493
6437	462
6438	505
6439	455
6440	484
6441	510
6442	442
6443	494
6444	499
6445	603
6446	621
6447	528
6448	493
6449	536
6450	468
6451	449
6452	470
6453	421
6454	496
6455	469
6456	474
6457	476
6458	456
6459	526
6460	405
6461	523
6462	501
6463	477
6464	527
6465	464
6466	496
6467	518
6468	489
6469	441
6470	474
6471	451
6472	480
6473	519
6474	461
6475	483
6476	450
6477	466
6478	411
6479	452
6480	505
6481	444
6482	460
6483	478
6484	509
6485	510
6486	497
6487	529
6488	528
6489	492
6490	448
6491	464
6492	468
6493	479
6494	495
6495	453
6496	468
6497	463
6498	444
6499	518
6500	528
6501	448
6502	456
6503	527
6504	533
6505	465
6506	508
6507	468
6508	490
6509	508
6510	473
6511	479
6512	483
6513	487
6514	523
6515	499
6516	509
6517	469
6518	667
6519	544
6520	510
6521	493
6522	442
6523	482
6524	503
6525	484
6526	498
6527	512
6528	480
6529	486
6530	488
6531	446
6532	483
6533	452
6534	542
6535	430
6536	487
6537	390
6538	471
6539	420
6540	460
6541	459
6542	497
6543	511
6544	465
6545	472
6546	461
6547	469
6548	459
6549	449
6550	368
6551	532
6552	494
6553	481
6554	462
6555	467
6556	458
6557	456
6558	512
6559	470
6560	422
6561	408
6562	464
6563	464
6564	457
6565	385
6566	474
6567	414
6568	455
6569	456
6570	477
6571	416
6572	437
6573	426
6574	439
6575	415
6576	474
6577	434
6578	465
6579	393
6580	395
6581	432
6582	433
6583	393
6584	441
6585	440
6586	453
6587	416
6588	399
6589	449
6590	428
6591	432
6592	397
6593	409
6594	421
6595	471
6596	378
6597	425
6598	452
6599	419
6600	431
6601	414
6602	459
6603	429
6604	429
6605	388
6606	451
6607	405
6608	392
6609	432
6610	409
6611	430
6612	458
6613	394
6614	439
6615	414
6616	459
6617	394
6618	427
6619	420
6620	397
6621	433
6622	389
6623	374
6624	431
6625	420
6626	330
6627	403
6628	432
6629	424
6630	435
6631	434
6632	403
6633	333
6634	400
6635	424
6636	380
6637	371
6638	389
6639	415
6640	400
6641	441
6642	403
6643	347
6644	366
6645	396
6646	415
6647	359
6648	354
6649	423
6650	431
6651	406
6652	370
6653	425
6654	381
6655	422
6656	434
6657	365
6658	405
6659	467
6660	389
6661	407
6662	429
6663	389
6664	401
6665	399
6666	411
6667	379
6668	403
6669	396
6670	399
6671	406
6672	310
6673	423
6674	381
6675	384
6676	427
6677	402
6678	377
6679	403
6680	409
6681	389
6682	351
6683	359
6684	377
6685	449
6686	388
6687	366
6688	466
6689	402
6690	374
6691	400
6692	378
6693	407
6694	437
6695	466
6696	382
6697	462
6698	402
6699	428
6700	395
6701	432
6702	401
6703	368
6704	414
6705	454
6706	392
6707	396
6708	400
6709	473
6710	357
6711	420
6712	411
6713	379
6714	439
6715	449
6716	409
6717	420
6718	519
6719	423
6720	395
6721	420
6722	470
6723	467
6724	455
6725	484
6726	532
6727	506
6728	406
6729	401
6730	440
6731	461
6732	400
6733	571
6734	506
6735	523
6736	483
6737	466
6738	537
6739	537
6740	499
6741	510
6742	500
6743	465
6744	526
6745	471
6746	442
6747	548
6748	441
6749	455
6750	477
6751	435
6752	548
6753	469
6754	475
6755	493
6756	444
6757	523
6758	451
6759	429
6760	521
6761	483
6762	471
6763	470
6764	467
6765	509
6766	546
6767	460
6768	488
6769	529
6770	472
6771	487
6772	521
6773	509
6774	596
6775	467
6776	504
6777	496
6778	462
6779	467
6780	400
6781	496
6782	517
6783	531
6784	561
6785	478
6786	534
6787	511
6788	488
6789	505
6790	513
6791	473
6792	511
6793	537
6794	483
6795	553
6796	503
6797	466
6798	477
6799	468
6800	527
6801	477
6802	472
6803	468
6804	536
6805	454
6806	488
6807	492
6808	525
6809	489
6810	445
6811	408
6812	506
6813	480
6814	466
6815	423
6816	491
6817	482
6818	470
6819	437
6820	394
6821	461
6822	409
6823	409
6824	415
6825	431
6826	454
6827	446
6828	428
6829	469
6830	483
6831	456
6832	427
6833	458
6834	423
6835	489
6836	460
6837	497
6838	460
6839	412
6840	458
6841	376
6842	500
6843	443
6844	417
6845	428
6846	439
6847	430
6848	463
6849	464
6850	446
6851	444
6852	496
6853	443
6854	486
6855	378
6856	470
6857	395
6858	434
6859	438
6860	410
6861	444
6862	416
6863	432
6864	434
6865	392
6866	415
6867	469
6868	433
6869	398
6870	418
6871	411
6872	407
6873	406
6874	434
6875	369
6876	387
6877	420
6878	464
6879	450
6880	428
6881	401
6882	410
6883	378
6884	423
6885	405
6886	445
6887	369
6888	470
6889	484
6890	377
6891	448
6892	406
6893	406
6894	438
6895	407
6896	443
6897	438
6898	449
6899	394
6900	376
6901	405
6902	392
6903	440
6904	432
6905	413
6906	425
6907	479
6908	452
6909	432
6910	399
6911	446
6912	423
6913	405
6914	381
6915	410
6916	457
6917	362
6918	427
6919	385
6920	403
6921	404
6922	446
6923	376
6924	405
6925	460
6926	413
6927	407
6928	418
6929	454
6930	455
6931	408
6932	379
6933	480
6934	390
6935	416
6936	406
6937	326
6938	451
6939	439
6940	392
6941	469
6942	386
6943	471
6944	341
6945	393
6946	369
6947	400
6948	420
6949	415
6950	433
6951	424
6952	482
6953	421
6954	458
6955	390
6956	406
6957	395
6958	396
6959	505
6960	434
6961	464
6962	367
6963	358
6964	395
6965	389
6966	373
6967	468
6968	462
6969	388
6970	353
6971	397
6972	348
6973	484
6974	405
6975	375
6976	402
6977	404
6978	373
6979	373
6980	356
6981	474
6982	420
6983	407
6984	379
6985	373
6986	418
6987	383
6988	392
6989	414
6990	361
6991	338
6992	433
6993	416
6994	357
6995	362
6996	396
6997	374
6998	336
6999	414
7000	405
7001	379
7002	343
7003	378
7004	414
7005	403
7006	401
7007	400
7008	366
7009	370
7010	397
7011	372
7012	360
7013	366
7014	401
7015	384
7016	387
7017	403
7018	350
7019	387
7020	373
7021	363
7022	350
7023	378
7024	327
7025	368
7026	405
7027	375
7028	469
7029	325
7030	362
7031	445
7032	380
7033	388
7034	354
7035	321
7036	386
7037	341
7038	410
7039	387
7040	391
7041	420
7042	401
7043	377
7044	339
7045	354
7046	349
7047	369
7048	382
7049	383
7050	372
7051	410
7052	423
7053	401
7054	339
7055	413
7056	393
7057	376
7058	371
7059	455
7060	423
7061	383
7062	394
7063	428
7064	405
7065	494
7066	387
7067	443
7068	395
7069	388
7070	399
7071	467
7072	444
7073	439
7074	438
7075	408
7076	448
7077	424
7078	421
7079	449
7080	492
7081	451
7082	416
7083	442
7084	407
7085	509
7086	436
7087	409
7088	536
7089	493
7090	459
7091	441
7092	469
7093	407
7094	451
7095	507
7096	448
7097	469
7098	545
7099	464
7100	460
7101	503
7102	465
7103	469
7104	396
7105	566
7106	495
7107	449
7108	516
7109	443
7110	625
7111	538
7112	683
7113	715
7114	490
7115	507
7116	543
7117	474
7118	567
7119	474
7120	502
7121	485
7122	530
7123	537
7124	537
7125	474
7126	591
7127	585
7128	716
7129	647
7130	549
7131	485
7132	558
7133	595
7134	583
7135	539
7136	558
7137	587
7138	714
7139	612
7140	580
7141	539
7142	594
7143	643
7144	769
7145	655
7146	603
7147	564
7148	603
7149	544
7150	567
7151	527
7152	546
7153	503
7154	581
7155	607
7156	488
7157	525
7158	651
7159	506
7160	490
7161	591
7162	658
7163	603
7164	595
7165	546
7166	459
7167	623
7168	546
7169	570
7170	670
7171	520
7172	532
7173	518
7174	567
7175	460
7176	532
7177	477
7178	500
7179	621
7180	641
7181	607
7182	451
7183	599
7184	584
7185	559
7186	619
7187	579
7188	619
7189	482
7190	533
7191	601
7192	522
7193	521
7194	525
7195	502
7196	445
7197	477
7198	515
7199	444
7200	440
7201	445
7202	515
7203	476
7204	520
7205	509
7206	529
7207	529
7208	480
7209	471
7210	476
7211	466
7212	498
7213	462
7214	455
7215	449
7216	508
7217	447
7218	475
7219	470
7220	493
7221	446
7222	423
7223	439
7224	535
7225	471
7226	552
7227	545
7228	444
7229	481
7230	390
7231	475
7232	496
7233	405
7234	498
7235	460
7236	426
7237	417
7238	518
7239	429
7240	486
7241	452
7242	516
7243	494
7244	444
7245	480
7246	416
7247	432
7248	425
7249	457
7250	393
7251	404
7252	509
7253	430
7254	485
7255	478
7256	446
7257	418
7258	445
7259	433
7260	424
7261	419
7262	433
7263	413
7264	371
7265	411
7266	431
7267	386
7268	368
7269	396
7270	431
7271	441
7272	433
7273	408
7274	363
7275	390
7276	410
7277	420
7278	312
7279	337
7280	367
7281	401
7282	353
7283	438
7284	316
7285	406
7286	392
7287	387
7288	411
7289	354
7290	393
7291	385
7292	418
7293	418
7294	391
7295	310
7296	356
7297	352
7298	350
7299	351
7300	336
7301	319
7302	341
7303	388
7304	363
7305	350
7306	319
7307	376
7308	348
7309	344
7310	414
7311	374
7312	363
7313	349
7314	327
7315	317
7316	311
7317	309
7318	393
7319	325
7320	371
7321	307
7322	331
7323	317
7324	355
7325	435
7326	311
7327	399
7328	341
7329	324
7330	362
7331	372
7332	351
7333	301
7334	334
7335	395
7336	375
7337	329
7338	373
7339	360
7340	365
7341	307
7342	336
7343	325
7344	348
7345	331
7346	338
7347	348
7348	352
7349	338
7350	333
7351	339
7352	327
7353	359
7354	304
7355	279
7356	338
7357	324
7358	398
7359	374
7360	359
7361	313
7362	346
7363	317
7364	345
7365	326
7366	354
7367	354
7368	353
7369	335
7370	323
7371	359
7372	320
7373	313
7374	337
7375	360
7376	385
7377	345
7378	357
7379	366
7380	352
7381	378
7382	384
7383	409
7384	402
7385	359
7386	352
7387	359
7388	363
7389	360
7390	390
7391	365
7392	383
7393	340
7394	412
7395	390
7396	472
7397	437
7398	402
7399	422
7400	391
7401	366
7402	362
7403	385
7404	381
7405	406
7406	391
7407	437
7408	445
7409	443
7410	466
7411	371
7412	350
7413	426
7414	324
7415	355
7416	368
7417	383
7418	388
7419	394
7420	370
7421	402
7422	367
7423	349
7424	362
7425	419
7426	422
7427	432
7428	419
7429	369
7430	380
7431	360
7432	301
7433	339
7434	335
7435	374
7436	343
7437	367
7438	334
7439	346
7440	395
7441	419
7442	328
7443	379
7444	371
7445	418
7446	387
7447	295
7448	409
7449	310
7450	331
7451	318
7452	380
7453	370
7454	356
7455	375
7456	343
7457	350
7458	355
7459	340
7460	311
7461	332
7462	322
7463	371
7464	331
7465	358
7466	327
7467	278
7468	339
7469	349
7470	298
7471	305
7472	362
7473	288
7474	341
7475	329
7476	292
7477	254
7478	303
7479	299
7480	254
7481	307
7482	278
7483	371
7484	386
7485	289
7486	306
7487	291
7488	335
7489	288
7490	270
7491	332
7492	306
7493	259
7494	270
7495	314
7496	311
7497	293
7498	240
7499	315
7500	272
7501	286
7502	312
7503	273
7504	255
7505	308
7506	293
7507	298
7508	313
7509	258
7510	315
7511	305
7512	336
7513	307
7514	301
7515	324
7516	331
7517	297
7518	291
7519	312
7520	320
7521	350
7522	343
7523	328
7524	377
7525	343
7526	344
7527	355
7528	386
7529	373
7530	362
7531	385
7532	329
7533	312
7534	325
7535	333
7536	321
7537	297
7538	308
7539	356
7540	380
7541	327
7542	285
7543	290
7544	332
7545	302
7546	339
7547	266
7548	357
7549	292
7550	388
7551	282
7552	344
7553	292
7554	312
7555	337
7556	310
7557	345
7558	305
7559	321
7560	335
7561	311
7562	297
7563	309
7564	300
7565	313
7566	272
7567	286
7568	311
7569	288
7570	296
7571	308
7572	308
7573	287
7574	328
7575	297
7576	260
7577	262
7578	307
7579	287
7580	315
7581	280
7582	312
7583	296
7584	327
7585	300
7586	297
7587	318
7588	290
7589	336
7590	350
7591	274
7592	305
7593	332
7594	265
7595	290
7596	314
7597	324
7598	325
7599	318
7600	261
7601	320
7602	313
7603	338
7604	302
7605	308
7606	268
7607	313
7608	337
7609	311
7610	320
7611	319
7612	301
7613	296
7614	279
7615	299
7616	298
7617	322
7618	295
7619	306
7620	335
7621	307
7622	375
7623	363
7624	369
7625	295
7626	354
7627	338
7628	376
7629	290
7630	347
7631	271
7632	313
7633	340
7634	348
7635	328
7636	295
7637	307
7638	343
7639	302
7640	294
7641	326
7642	311
7643	327
7644	286
7645	358
7646	332
7647	299
7648	408
7649	383
7650	317
7651	335
7652	332
7653	334
7654	334
7655	358
7656	434
7657	348
7658	327
7659	339
7660	404
7661	406
7662	358
7663	339
7664	352
7665	381
7666	321
7667	386
7668	430
7669	361
7670	339
7671	330
7672	370
7673	357
7674	401
7675	388
7676	365
7677	355
7678	372
7679	348
7680	374
7681	307
7682	349
7683	371
7684	410
7685	352
7686	332
7687	372
7688	358
7689	343
7690	345
7691	366
7692	350
7693	404
7694	354
7695	365
7696	375
7697	351
7698	390
7699	381
7700	341
7701	348
7702	312
7703	302
7704	348
7705	359
7706	319
7707	301
7708	319
7709	321
7710	355
7711	347
7712	301
7713	317
7714	299
7715	306
7716	338
7717	334
7718	361
7719	325
7720	330
7721	342
7722	344
7723	373
7724	371
7725	307
7726	352
7727	372
7728	420
7729	334
7730	358
7731	353
7732	335
7733	354
7734	467
7735	385
7736	346
7737	346
7738	393
7739	422
7740	320
7741	341
7742	374
7743	399
7744	365
7745	399
7746	384
7747	382
7748	320
7749	306
7750	339
7751	314
7752	338
7753	393
7754	335
7755	366
7756	372
7757	311
7758	391
7759	387
7760	378
7761	333
7762	367
7763	326
7764	347
7765	400
7766	369
7767	371
7768	365
7769	412
7770	380
7771	377
7772	379
7773	508
7774	422
7775	415
7776	418
7777	454
7778	393
7779	510
7780	465
7781	470
7782	386
7783	427
7784	381
7785	382
7786	401
7787	348
7788	390
7789	400
7790	427
7791	408
7792	397
7793	403
7794	424
7795	369
7796	432
7797	337
7798	447
7799	414
7800	390
7801	379
7802	370
7803	380
7804	338
7805	326
7806	364
7807	397
7808	410
7809	326
7810	376
7811	333
7812	444
7813	301
7814	304
7815	407
7816	347
7817	331
7818	372
7819	398
7820	366
7821	374
7822	360
7823	337
7824	337
7825	383
7826	345
7827	368
7828	409
7829	345
7830	317
7831	363
7832	371
7833	382
7834	338
7835	376
7836	379
7837	339
7838	358
7839	354
7840	334
7841	322
7842	372
7843	354
7844	335
7845	355
7846	310
7847	378
7848	364
7849	382
7850	389
7851	324
7852	319
7853	346
7854	388
7855	362
7856	332
7857	323
7858	351
7859	324
7860	334
7861	365
7862	387
7863	409
7864	388
7865	378
7866	359
7867	342
7868	328
7869	356
7870	403
7871	399
7872	366
7873	401
7874	362
7875	376
7876	388
7877	361
7878	402
7879	411
7880	399
7881	437
7882	361
7883	337
7884	380
7885	416
7886	386
7887	407
7888	381
7889	397
7890	371
7891	369
7892	372
7893	342
7894	356
7895	411
7896	361
7897	429
7898	403
7899	369
7900	333
7901	389
7902	458
7903	397
7904	400
7905	521
7906	471
7907	528
7908	526
7909	498
7910	409
7911	470
7912	552
7913	488
7914	514
7915	418
7916	426
7917	498
7918	473
7919	433
7920	471
7921	551
7922	485
7923	521
7924	452
7925	426
7926	428
7927	436
7928	504
7929	474
7930	418
7931	458
7932	503
7933	517
7934	491
7935	507
7936	565
7937	465
7938	526
7939	476
7940	510
7941	459
7942	475
7943	572
7944	520
7945	611
7946	502
7947	503
7948	495
7949	488
7950	414
7951	476
7952	490
7953	535
7954	492
7955	494
7956	442
7957	529
7958	489
7959	486
7960	473
7961	464
7962	589
7963	395
7964	554
7965	447
7966	372
7967	400
7968	404
7969	448
7970	386
7971	413
7972	389
7973	409
7974	447
7975	421
7976	438
7977	414
7978	500
7979	417
7980	440
7981	416
7982	425
7983	396
7984	364
7985	358
7986	382
7987	353
7988	411
7989	398
7990	383
7991	427
7992	358
7993	390
7994	336
7995	350
7996	412
7997	348
7998	403
7999	363
8000	419
8001	449
8002	391
8003	322
8004	365
8005	392
8006	368
8007	371
8008	370
8009	333
8010	391
8011	323
8012	345
8013	349
8014	371
8015	354
8016	326
8017	392
8018	326
8019	364
8020	330
8021	394
8022	363
8023	362
8024	331
8025	435
8026	426
8027	417
8028	367
8029	338
8030	410
8031	347
8032	341
8033	403
8034	345
8035	430
8036	403
8037	398
8038	399
8039	406
8040	431
8041	408
8042	377
8043	433
8044	456
8045	480
8046	450
8047	435
8048	471
8049	442
8050	431
8051	402
8052	463
8053	396
8054	512
8055	485
8056	504
8057	441
8058	403
8059	464
8060	480
8061	437
8062	418
8063	463
8064	438
8065	466
8066	505
8067	429
8068	416
8069	474
8070	458
8071	561
8072	387
8073	414
8074	407
8075	466
8076	477
8077	416
8078	496
8079	403
8080	421
8081	431
8082	400
8083	447
8084	455
8085	454
8086	428
8087	429
8088	342
8089	325
8090	371
8091	406
8092	389
8093	357
8094	429
8095	454
8096	399
8097	440
8098	387
8099	364
8100	402
8101	343
8102	354
8103	367
8104	368
8105	477
8106	408
8107	392
8108	323
8109	380
8110	427
8111	440
8112	429
8113	387
8114	418
8115	428
8116	364
8117	319
8118	368
8119	374
8120	366
8121	305
8122	371
8123	362
8124	335
8125	309
8126	337
8127	364
8128	365
8129	351
8130	326
8131	387
8132	343
8133	410
8134	323
8135	323
8136	361
8137	389
8138	353
8139	339
8140	319
8141	379
8142	365
8143	311
8144	339
8145	329
8146	328
8147	338
8148	325
8149	319
8150	299
8151	290
8152	334
8153	322
8154	328
8155	322
8156	340
8157	294
8158	357
8159	331
8160	359
8161	335
8162	314
8163	295
8164	274
8165	282
8166	312
8167	333
8168	313
8169	370
8170	300
8171	287
8172	313
8173	306
8174	339
8175	299
8176	310
8177	271
8178	267
8179	313
8180	293
8181	302
8182	269
8183	305
8184	281
8185	311
8186	262
8187	322
8188	299
8189	297
8190	289
8191	327
8192	257
8193	255
8194	307
8195	303
8196	317
8197	273
8198	289
8199	264
8200	316
8201	312
8202	262
8203	269
8204	270
8205	304
8206	263
8207	326
8208	295
8209	301
8210	272
8211	334
8212	288
8213	255
8214	284
8215	341
8216	278
8217	240
8218	289
8219	322
8220	311
8221	269
8222	300
8223	231
8224	302
8225	326
8226	302
8227	254
8228	220
8229	310
8230	284
8231	293
8232	282
8233	288
8234	308
8235	318
8236	272
8237	257
8238	274
8239	330
8240	296
8241	266
8242	288
8243	291
8244	245
8245	295
8246	302
8247	273
8248	287
8249	262
8250	310
8251	279
8252	270
8253	259
8254	250
8255	256
8256	238
8257	287
8258	264
8259	231
8260	270
8261	243
8262	273
8263	275
8264	259
8265	289
8266	244
8267	290
8268	314
8269	319
8270	288
8271	297
8272	261
8273	259
8274	262
8275	249
8276	225
8277	285
8278	252
8279	253
8280	209
8281	266
8282	228
8283	223
8284	265
8285	301
8286	238
8287	254
8288	243
8289	230
8290	256
8291	280
8292	257
8293	280
8294	300
8295	242
8296	247
8297	277
8298	291
8299	331
8300	265
8301	231
8302	326
8303	298
8304	247
8305	278
8306	282
8307	308
8308	293
8309	329
8310	282
8311	267
8312	300
8313	282
8314	325
8315	266
8316	284
8317	303
8318	291
8319	312
8320	309
8321	261
8322	286
8323	285
8324	267
8325	250
8326	294
8327	310
8328	279
8329	310
8330	263
8331	280
8332	292
8333	352
8334	273
8335	299
8336	362
8337	257
8338	222
8339	254
8340	261
8341	253
8342	304
8343	322
8344	315
8345	291
8346	293
8347	248
8348	266
8349	293
8350	282
8351	323
8352	368
8353	289
8354	257
8355	328
8356	279
8357	314
8358	300
8359	326
8360	265
8361	291
8362	244
8363	274
8364	287
8365	268
8366	349
8367	284
8368	263
8369	277
8370	338
8371	278
8372	274
8373	322
8374	307
8375	257
8376	285
8377	266
8378	221
8379	238
8380	317
8381	354
8382	254
8383	229
8384	306
8385	341
8386	279
8387	279
8388	322
8389	286
8390	243
8391	322
8392	305
8393	307
8394	292
8395	276
8396	314
8397	255
8398	272
8399	217
8400	258
8401	276
8402	262
8403	307
8404	269
8405	259
8406	250
8407	312
8408	285
8409	261
8410	299
8411	323
8412	343
8413	328
8414	313
8415	276
8416	292
8417	293
8418	275
8419	286
8420	295
8421	296
8422	232
8423	339
8424	285
8425	306
8426	244
8427	326
8428	254
8429	261
8430	312
8431	285
8432	314
8433	256
8434	230
8435	262
8436	241
8437	226
8438	277
8439	240

