## htsjdk.samtools.metrics.StringHeader
# CollectInsertSizeMetrics HISTOGRAM_FILE=/work/ugbogu/pipeline/data/nbl/GSE189367/results/picard/SRR17010992_insert_size_histogram.pdf MINIMUM_PCT=0.5 INPUT=/work/ugbogu/pipeline/data/nbl/GSE189367/results/star/SRR17010992.Aligned.sortedByCoord.out.bam OUTPUT=/work/ugbogu/pipeline/data/nbl/GSE189367/results/picard/SRR17010992_insert_size_metrics.txt    DEVIATIONS=10.0 METRIC_ACCUMULATION_LEVEL=[ALL_READS] INCLUDE_DUPLICATES=false ASSUME_SORTED=true STOP_AFTER=0 VERBOSITY=INFO QUIET=false VALIDATION_STRINGENCY=STRICT COMPRESSION_LEVEL=5 MAX_RECORDS_IN_RAM=500000 CREATE_INDEX=false CREATE_MD5_FILE=false USE_JDK_DEFLATER=false USE_JDK_INFLATER=false
## htsjdk.samtools.metrics.StringHeader
# Started on: Thu Apr 16 05:52:47 UTC 2026

## METRICS CLASS	picard.analysis.InsertSizeMetrics
MEDIAN_INSERT_SIZE	MODE_INSERT_SIZE	MEDIAN_ABSOLUTE_DEVIATION	MIN_INSERT_SIZE	MAX_INSERT_SIZE	MEAN_INSERT_SIZE	STANDARD_DEVIATION	READ_PAIRS	PAIR_ORIENTATION	WIDTH_OF_10_PERCENT	WIDTH_OF_20_PERCENT	WIDTH_OF_30_PERCENT	WIDTH_OF_40_PERCENT	WIDTH_OF_50_PERCENT	WIDTH_OF_60_PERCENT	WIDTH_OF_70_PERCENT	WIDTH_OF_80_PERCENT	WIDTH_OF_90_PERCENT	WIDTH_OF_95_PERCENT	WIDTH_OF_99_PERCENT	SAMPLE	LIBRARY	READ_GROUP
1035	133	893	24	2815255	1714.521183	2171.35407	63734434	FR	619	1181	1543	1701	1787	1865	3909	8483	22933	64705	153547			

## HISTOGRAM	java.lang.Integer
insert_size	All_Reads.fr_count
24	1
25	1
26	2
27	1
28	3
29	4
30	5
31	7
32	4
33	13
34	33
35	218
36	274
37	306
38	362
39	528
40	346
41	378
42	480
43	592
44	545
45	534
46	574
47	692
48	696
49	719
50	856
51	792
52	832
53	971
54	942
55	1159
56	1307
57	1404
58	1603
59	1661
60	1760
61	1781
62	2187
63	2278
64	2428
65	2766
66	3048
67	3423
68	4024
69	3971
70	4848
71	5264
72	5353
73	6592
74	7246
75	12663
76	10071
77	9910
78	12035
79	11667
80	12660
81	14682
82	15557
83	16158
84	17960
85	19994
86	21943
87	24305
88	26074
89	28409
90	31346
91	34317
92	37738
93	41506
94	45611
95	49949
96	53628
97	59368
98	63016
99	69397
100	72390
101	75384
102	78613
103	83741
104	91994
105	100691
106	103817
107	107692
108	112305
109	116817
110	120939
111	122153
112	127858
113	132289
114	135797
115	139710
116	146172
117	147777
118	157141
119	155360
120	161021
121	172282
122	167717
123	178145
124	181184
125	174950
126	171311
127	176630
128	174107
129	175978
130	179110
131	177953
132	179490
133	186449
134	185683
135	180523
136	182257
137	178041
138	178744
139	178651
140	180404
141	180628
142	178361
143	175801
144	173116
145	170999
146	167356
147	166412
148	169294
149	164362
150	162391
151	167814
152	164386
153	164211
154	163467
155	160913
156	159529
157	157220
158	154427
159	151477
160	152568
161	147712
162	148362
163	146575
164	144239
165	141708
166	140591
167	140662
168	136344
169	137199
170	135618
171	131330
172	131831
173	129947
174	126366
175	126438
176	124907
177	119770
178	121060
179	118664
180	116734
181	116816
182	115724
183	112345
184	110995
185	110089
186	108155
187	109249
188	107364
189	104342
190	104017
191	102180
192	99548
193	101684
194	100201
195	98205
196	96138
197	97779
198	94040
199	93361
200	91447
201	89719
202	91498
203	90471
204	87347
205	89072
206	85739
207	85789
208	85584
209	82696
210	80190
211	81039
212	82375
213	80165
214	78615
215	78231
216	76006
217	77018
218	75968
219	75784
220	74733
221	73687
222	71822
223	71115
224	71181
225	68984
226	70226
227	72177
228	68550
229	68746
230	69203
231	67370
232	67159
233	66916
234	67331
235	66218
236	65778
237	63192
238	63741
239	62164
240	61424
241	60941
242	60822
243	57949
244	58873
245	59241
246	56789
247	56207
248	57391
249	56172
250	55907
251	56410
252	54566
253	54737
254	53217
255	53527
256	53925
257	52793
258	51447
259	51408
260	51449
261	51176
262	51631
263	50493
264	49050
265	48414
266	47471
267	48034
268	48051
269	48029
270	46456
271	47739
272	46280
273	45769
274	44525
275	45671
276	44211
277	44236
278	43944
279	43232
280	42786
281	42434
282	42540
283	41849
284	42129
285	40263
286	41447
287	40545
288	39705
289	40498
290	39705
291	39343
292	39308
293	38808
294	38703
295	38372
296	37123
297	36666
298	36498
299	36545
300	35291
301	36174
302	35098
303	35098
304	35078
305	34582
306	34375
307	35577
308	35312
309	34597
310	33264
311	33237
312	32617
313	33303
314	32544
315	33330
316	31987
317	32084
318	32340
319	31333
320	31168
321	31199
322	31678
323	30672
324	30503
325	30644
326	29735
327	30009
328	29593
329	29384
330	29303
331	29511
332	29704
333	28677
334	28413
335	28623
336	29046
337	27776
338	28593
339	27907
340	27039
341	27836
342	27621
343	26567
344	26865
345	27493
346	27218
347	27213
348	26845
349	26578
350	25779
351	25977
352	26293
353	25377
354	25766
355	24729
356	25026
357	25230
358	25245
359	25152
360	25773
361	24956
362	24139
363	23836
364	24180
365	24465
366	23788
367	23937
368	24009
369	24631
370	23533
371	22924
372	23242
373	23223
374	23057
375	23513
376	23128
377	23126
378	22957
379	22849
380	23308
381	22725
382	22060
383	22308
384	22301
385	21851
386	22871
387	21471
388	20981
389	20832
390	21332
391	21204
392	21073
393	21221
394	21128
395	21433
396	21980
397	20710
398	20112
399	20765
400	21170
401	21373
402	20770
403	20611
404	19977
405	20493
406	19674
407	19188
408	20070
409	19524
410	19485
411	20193
412	19039
413	18749
414	18758
415	18203
416	18347
417	19589
418	18986
419	18584
420	19762
421	18016
422	18318
423	18685
424	18638
425	18802
426	19300
427	18356
428	18163
429	18473
430	19006
431	18076
432	18127
433	17835
434	18145
435	17974
436	17602
437	17599
438	17934
439	17814
440	17928
441	17873
442	18158
443	17700
444	17951
445	17536
446	17345
447	17747
448	16829
449	17490
450	17288
451	16566
452	17342
453	16782
454	17394
455	17455
456	16452
457	17073
458	16822
459	16644
460	16432
461	16670
462	16032
463	16478
464	16463
465	16255
466	16733
467	16149
468	16008
469	15809
470	16205
471	15623
472	15519
473	16191
474	15315
475	15965
476	15892
477	15989
478	15356
479	15843
480	15558
481	15209
482	15310
483	15527
484	15301
485	16049
486	15473
487	15627
488	15555
489	15846
490	15997
491	15236
492	15512
493	15645
494	15686
495	15703
496	15602
497	15884
498	15676
499	16614
500	15468
501	15564
502	15495
503	15909
504	15101
505	15922
506	15631
507	15912
508	15883
509	15764
510	15608
511	15261
512	15113
513	15221
514	15113
515	15374
516	15259
517	15345
518	15869
519	15814
520	15761
521	15440
522	15362
523	15513
524	15662
525	15822
526	15120
527	14898
528	14890
529	15116
530	15014
531	15085
532	15356
533	15616
534	15059
535	15767
536	15395
537	15366
538	15126
539	15994
540	15813
541	15166
542	14999
543	15486
544	15341
545	14819
546	14797
547	14788
548	14285
549	14873
550	14696
551	14377
552	14602
553	14432
554	14808
555	15051
556	15438
557	14912
558	14741
559	14222
560	14240
561	14620
562	14247
563	15668
564	14713
565	14277
566	15079
567	14658
568	14224
569	14197
570	14347
571	14447
572	14103
573	13559
574	13830
575	14382
576	14512
577	14412
578	14416
579	14548
580	14568
581	14384
582	14415
583	14936
584	13950
585	14434
586	14679
587	14073
588	14071
589	14084
590	13616
591	13803
592	14736
593	14231
594	14471
595	14199
596	13945
597	14594
598	14464
599	14426
600	13945
601	13814
602	13449
603	13238
604	13728
605	13502
606	13537
607	13661
608	13213
609	13481
610	13630
611	13936
612	13271
613	13728
614	13256
615	13480
616	13291
617	13447
618	13377
619	13412
620	13502
621	13217
622	13235
623	13387
624	13832
625	13907
626	13724
627	14231
628	13286
629	13165
630	13625
631	13351
632	13663
633	13597
634	13757
635	13847
636	13538
637	13203
638	13695
639	13354
640	13235
641	13122
642	13633
643	13097
644	13539
645	13706
646	13770
647	13801
648	13280
649	14158
650	12623
651	12971
652	13487
653	13718
654	13512
655	13200
656	13328
657	13208
658	12938
659	13579
660	13090
661	13144
662	13659
663	13607
664	13630
665	13047
666	13596
667	13200
668	13380
669	13787
670	13401
671	13488
672	12844
673	13217
674	12960
675	13235
676	13622
677	13157
678	13142
679	13184
680	13491
681	13117
682	13261
683	12883
684	12614
685	13215
686	12798
687	12693
688	13054
689	13157
690	13323
691	13536
692	13387
693	13373
694	13399
695	13650
696	13293
697	13208
698	13580
699	13677
700	13538
701	13684
702	12686
703	13054
704	12953
705	12598
706	13068
707	12994
708	13279
709	12958
710	13066
711	12898
712	13031
713	13028
714	13078
715	12772
716	13235
717	12872
718	12849
719	12975
720	12657
721	12981
722	12758
723	12472
724	12980
725	12849
726	12872
727	13069
728	12634
729	12419
730	12573
731	12391
732	12590
733	12187
734	12638
735	12239
736	12933
737	12681
738	12472
739	12193
740	12031
741	12172
742	12185
743	12452
744	12528
745	11893
746	11833
747	11653
748	12485
749	11831
750	12126
751	12674
752	12035
753	12419
754	12546
755	11839
756	12234
757	12118
758	12622
759	12180
760	12093
761	12109
762	12533
763	12285
764	12189
765	12218
766	12116
767	11864
768	12199
769	12152
770	12564
771	12172
772	12449
773	12311
774	11988
775	12365
776	12008
777	12575
778	12281
779	12117
780	12279
781	12533
782	12670
783	11944
784	12025
785	12141
786	11975
787	12748
788	12543
789	12430
790	12411
791	12572
792	12187
793	12563
794	13484
795	12637
796	12944
797	12710
798	12567
799	12553
800	12312
801	12328
802	12517
803	12403
804	12561
805	12547
806	12618
807	12130
808	12059
809	11909
810	11956
811	11884
812	12065
813	12081
814	11999
815	12319
816	12212
817	12097
818	12047
819	11989
820	12538
821	12163
822	12109
823	12084
824	11973
825	12047
826	11904
827	11271
828	11358
829	12297
830	12244
831	11483
832	12005
833	11974
834	11939
835	11968
836	12344
837	12401
838	11907
839	11947
840	11896
841	11808
842	12104
843	11899
844	11546
845	11738
846	12005
847	11951
848	12108
849	11817
850	11560
851	11544
852	11926
853	12208
854	11973
855	11903
856	11572
857	11769
858	11877
859	11622
860	11762
861	11627
862	11366
863	11190
864	11907
865	11621
866	11365
867	11625
868	11461
869	12034
870	11394
871	11858
872	11508
873	11835
874	11584
875	11228
876	11940
877	11467
878	11021
879	11367
880	11399
881	11166
882	11201
883	11171
884	11449
885	11758
886	11315
887	11311
888	11975
889	11270
890	11319
891	11524
892	11462
893	11473
894	11307
895	11254
896	11123
897	11321
898	11067
899	11334
900	10934
901	11244
902	11136
903	11054
904	11576
905	11382
906	10964
907	11286
908	11753
909	11544
910	11619
911	11433
912	11295
913	10860
914	11385
915	11345
916	11453
917	11311
918	10836
919	11410
920	11183
921	11325
922	11213
923	11448
924	11625
925	10996
926	11307
927	11037
928	10715
929	11485
930	11458
931	10739
932	11555
933	11062
934	10929
935	11176
936	11153
937	10972
938	11190
939	11282
940	11413
941	11392
942	11318
943	10889
944	11070
945	10958
946	10896
947	10589
948	11572
949	10795
950	10383
951	10725
952	10322
953	10515
954	11031
955	10850
956	10802
957	10426
958	10780
959	10453
960	10252
961	10241
962	10891
963	11135
964	10547
965	10799
966	11334
967	10780
968	10985
969	10560
970	10695
971	10294
972	10464
973	10685
974	10954
975	10683
976	10963
977	10984
978	11456
979	10323
980	11162
981	10603
982	10484
983	10235
984	10298
985	10521
986	10774
987	11091
988	11104
989	10799
990	10904
991	10689
992	10689
993	10344
994	10369
995	10147
996	9962
997	10183
998	10379
999	10705
1000	10435
1001	10267
1002	9639
1003	9686
1004	9968
1005	10324
1006	10125
1007	10187
1008	10054
1009	9824
1010	10226
1011	9869
1012	10144
1013	9916
1014	10369
1015	10349
1016	10320
1017	10216
1018	10043
1019	9885
1020	9593
1021	9558
1022	9730
1023	9770
1024	9543
1025	9615
1026	9962
1027	9642
1028	9879
1029	9696
1030	9697
1031	9845
1032	9397
1033	9737
1034	9588
1035	9482
1036	9392
1037	9380
1038	9513
1039	9560
1040	9533
1041	9557
1042	9486
1043	9224
1044	9611
1045	9418
1046	9632
1047	9222
1048	9539
1049	9350
1050	9443
1051	9166
1052	9898
1053	9628
1054	9097
1055	9100
1056	9602
1057	9513
1058	9423
1059	9220
1060	9392
1061	9383
1062	9545
1063	9551
1064	9363
1065	9106
1066	9138
1067	9468
1068	9178
1069	8829
1070	9143
1071	8963
1072	9282
1073	8999
1074	8591
1075	9285
1076	9009
1077	8995
1078	9272
1079	9063
1080	8800
1081	8871
1082	8640
1083	8746
1084	9010
1085	9331
1086	9094
1087	9098
1088	9267
1089	8665
1090	8881
1091	8866
1092	8672
1093	8449
1094	9084
1095	9096
1096	8694
1097	8830
1098	8712
1099	9351
1100	8874
1101	8875
1102	8592
1103	8655
1104	8973
1105	9010
1106	9009
1107	9133
1108	9239
1109	9194
1110	8916
1111	9230
1112	9154
1113	8784
1114	9444
1115	9093
1116	8589
1117	8279
1118	8874
1119	8729
1120	9075
1121	8742
1122	9292
1123	8976
1124	9116
1125	8861
1126	8962
1127	8739
1128	8965
1129	8943
1130	9246
1131	9263
1132	9354
1133	9021
1134	8556
1135	8816
1136	8706
1137	8479
1138	8877
1139	9080
1140	8552
1141	9288
1142	9424
1143	9074
1144	9074
1145	8988
1146	9380
1147	9253
1148	9071
1149	9140
1150	9212
1151	9353
1152	9264
1153	9073
1154	9283
1155	9042
1156	9651
1157	9856
1158	9804
1159	9865
1160	9881
1161	9368
1162	9408
1163	9649
1164	9634
1165	9677
1166	8875
1167	9297
1168	8988
1169	9015
1170	9194
1171	9083
1172	9356
1173	9144
1174	9057
1175	9351
1176	9340
1177	8921
1178	9302
1179	8909
1180	9309
1181	9216
1182	9423
1183	9066
1184	9180
1185	9168
1186	9026
1187	8805
1188	9133
1189	8761
1190	8971
1191	9179
1192	9408
1193	9166
1194	9289
1195	9235
1196	9201
1197	9064
1198	9186
1199	9018
1200	9133
1201	9175
1202	9226
1203	9377
1204	8712
1205	9245
1206	8583
1207	9363
1208	9430
1209	9426
1210	9384
1211	9081
1212	9139
1213	9025
1214	8824
1215	8808
1216	8746
1217	8915
1218	8954
1219	8826
1220	8805
1221	8989
1222	9078
1223	8770
1224	9356
1225	9153
1226	9125
1227	8930
1228	9367
1229	9204
1230	9509
1231	9156
1232	8931
1233	8880
1234	8757
1235	8925
1236	9018
1237	9260
1238	9053
1239	8774
1240	8988
1241	8877
1242	8892
1243	9074
1244	8655
1245	9496
1246	8739
1247	8897
1248	8939
1249	8722
1250	9086
1251	9002
1252	8839
1253	9048
1254	9175
1255	9546
1256	9066
1257	9295
1258	9237
1259	9185
1260	9023
1261	9131
1262	8810
1263	9063
1264	9521
1265	9748
1266	9512
1267	10183
1268	9488
1269	9389
1270	9114
1271	9026
1272	9331
1273	9462
1274	9125
1275	8961
1276	8961
1277	8929
1278	8970
1279	8929
1280	8759
1281	9223
1282	8702
1283	9030
1284	9151
1285	9002
1286	8890
1287	8654
1288	8735
1289	8529
1290	8762
1291	8870
1292	9216
1293	8789
1294	8636
1295	8580
1296	8915
1297	8747
1298	9259
1299	9354
1300	9087
1301	9401
1302	9520
1303	9539
1304	8944
1305	9783
1306	9260
1307	9222
1308	9415
1309	9319
1310	9431
1311	9549
1312	9167
1313	9874
1314	10020
1315	10317
1316	9866
1317	10068
1318	9737
1319	10001
1320	9527
1321	9492
1322	9012
1323	9569
1324	10690
1325	12073
1326	11426
1327	10805
1328	10982
1329	10391
1330	9246
1331	9589
1332	9951
1333	9572
1334	9704
1335	10183
1336	10014
1337	10195
1338	9865
1339	8625
1340	9014
1341	9008
1342	10396
1343	9692
1344	8923
1345	9197
1346	9414
1347	8616
1348	9125
1349	8853
1350	8261
1351	9184
1352	9151
1353	8552
1354	8683
1355	8322
1356	8426
1357	8470
1358	8390
1359	8429
1360	8462
1361	8027
1362	8383
1363	8455
1364	8480
1365	8623
1366	8358
1367	8134
1368	8569
1369	8833
1370	8780
1371	8646
1372	8123
1373	8782
1374	8563
1375	8557
1376	8546
1377	8324
1378	8291
1379	8268
1380	8537
1381	8306
1382	8420
1383	8556
1384	8261
1385	8889
1386	8257
1387	8638
1388	8879
1389	8424
1390	8585
1391	8459
1392	8430
1393	8322
1394	8650
1395	8472
1396	8465
1397	8181
1398	8391
1399	8177
1400	8323
1401	7769
1402	8260
1403	8651
1404	8191
1405	7893
1406	7867
1407	8398
1408	8696
1409	7907
1410	7868
1411	8182
1412	8128
1413	8022
1414	8323
1415	8096
1416	8298
1417	8366
1418	8656
1419	8499
1420	8728
1421	8530
1422	8511
1423	8114
1424	8093
1425	8521
1426	8083
1427	8405
1428	7988
1429	8282
1430	8039
1431	8155
1432	8186
1433	8095
1434	8192
1435	8101
1436	7777
1437	7976
1438	7884
1439	7615
1440	7982
1441	8159
1442	8005
1443	7849
1444	7966
1445	7754
1446	7689
1447	7580
1448	7838
1449	7892
1450	7758
1451	7780
1452	7474
1453	7758
1454	7888
1455	7691
1456	7871
1457	7981
1458	8037
1459	8166
1460	7922
1461	8093
1462	7732
1463	7564
1464	7710
1465	7584
1466	7280
1467	7479
1468	7919
1469	7494
1470	7352
1471	7629
1472	7671
1473	7796
1474	7558
1475	7811
1476	7877
1477	7588
1478	7414
1479	7801
1480	7499
1481	7368
1482	7772
1483	7792
1484	7769
1485	7553
1486	8119
1487	7971
1488	7889
1489	7809
1490	7886
1491	7692
1492	7854
1493	8309
1494	8405
1495	8412
1496	7879
1497	7942
1498	8284
1499	8820
1500	8864
1501	8659
1502	8437
1503	8122
1504	8521
1505	8052
1506	8279
1507	8572
1508	8145
1509	7962
1510	8539
1511	8412
1512	8359
1513	8402
1514	8212
1515	8762
1516	8390
1517	8096
1518	8142
1519	7834
1520	7800
1521	8397
1522	8214
1523	8396
1524	8396
1525	8717
1526	8770
1527	8720
1528	7996
1529	7824
1530	8344
1531	8577
1532	8507
1533	8522
1534	7843
1535	8641
1536	8177
1537	8767
1538	8214
1539	8255
1540	8751
1541	8513
1542	9025
1543	8220
1544	8299
1545	8238
1546	8276
1547	8853
1548	8347
1549	8267
1550	8484
1551	8869
1552	8411
1553	8144
1554	8104
1555	8374
1556	9027
1557	9144
1558	8708
1559	8689
1560	8449
1561	8774
1562	8386
1563	8213
1564	8678
1565	8567
1566	7940
1567	8898
1568	8312
1569	9143
1570	8306
1571	8310
1572	8628
1573	8301
1574	8463
1575	8886
1576	8184
1577	7957
1578	7879
1579	7823
1580	8026
1581	8283
1582	8703
1583	8394
1584	8575
1585	8606
1586	8793
1587	8553
1588	8283
1589	8205
1590	8251
1591	8427
1592	8466
1593	8248
1594	8034
1595	8248
1596	7906
1597	7842
1598	8413
1599	8692
1600	8200
1601	8335
1602	8408
1603	8676
1604	8574
1605	8507
1606	7774
1607	8199
1608	8135
1609	8369
1610	8234
1611	7985
1612	7745
1613	7796
1614	8111
1615	7703
1616	7823
1617	7470
1618	7564
1619	8215
1620	8390
1621	8284
1622	7721
1623	7907
1624	7957
1625	7848
1626	7937
1627	8305
1628	8005
1629	7946
1630	7587
1631	7708
1632	7786
1633	7545
1634	7984
1635	8207
1636	7389
1637	7667
1638	7675
1639	8041
1640	7979
1641	7758
1642	7550
1643	7526
1644	7306
1645	7748
1646	7395
1647	7229
1648	7256
1649	7289
1650	7395
1651	7696
1652	7299
1653	7284
1654	7412
1655	7189
1656	7201
1657	7213
1658	7267
1659	7179
1660	7055
1661	7283
1662	7010
1663	7099
1664	7301
1665	7517
1666	7074
1667	7498
1668	7312
1669	7362
1670	7696
1671	7402
1672	7350
1673	7520
1674	7405
1675	7122
1676	6724
1677	6819
1678	7226
1679	6980
1680	7455
1681	7145
1682	7331
1683	6825
1684	6889
1685	6815
1686	6924
1687	6917
1688	7530
1689	6511
1690	7467
1691	6936
1692	6962
1693	7264
1694	6779
1695	6972
1696	7211
1697	6772
1698	7075
1699	6854
1700	6739
1701	7084
1702	7551
1703	6863
1704	7204
1705	7059
1706	6860
1707	7175
1708	6849
1709	7163
1710	7303
1711	7029
1712	7251
1713	7203
1714	7298
1715	7141
1716	7299
1717	7138
1718	7216
1719	7028
1720	6960
1721	6691
1722	6994
1723	6817
1724	7088
1725	6693
1726	6843
1727	6804
1728	6964
1729	7110
1730	7046
1731	6996
1732	7321
1733	6834
1734	7123
1735	6909
1736	7291
1737	6797
1738	7050
1739	7194
1740	6957
1741	6985
1742	6939
1743	7079
1744	7018
1745	7124
1746	6904
1747	6772
1748	7025
1749	7205
1750	7261
1751	7027
1752	6582
1753	6823
1754	7250
1755	6866
1756	6642
1757	6716
1758	7260
1759	6768
1760	7072
1761	6969
1762	6646
1763	6833
1764	6788
1765	6735
1766	6711
1767	7122
1768	6673
1769	6675
1770	6652
1771	6668
1772	6935
1773	6918
1774	6800
1775	6812
1776	6983
1777	6534
1778	6701
1779	6765
1780	6625
1781	6190
1782	6735
1783	6408
1784	6270
1785	6313
1786	6299
1787	6572
1788	6724
1789	6530
1790	6700
1791	6324
1792	6539
1793	6421
1794	6339
1795	6393
1796	6461
1797	6717
1798	6731
1799	6186
1800	6369
1801	6685
1802	6387
1803	6153
1804	6295
1805	6235
1806	6080
1807	6148
1808	6618
1809	6491
1810	6595
1811	6436
1812	6413
1813	6090
1814	6444
1815	6343
1816	6083
1817	6346
1818	5993
1819	6496
1820	6348
1821	6141
1822	6220
1823	6320
1824	6085
1825	5995
1826	6363
1827	5822
1828	5991
1829	5692
1830	5956
1831	5859
1832	6161
1833	5707
1834	5879
1835	5861
1836	5864
1837	5659
1838	5977
1839	5807
1840	5774
1841	5863
1842	5955
1843	5761
1844	5886
1845	5918
1846	5949
1847	6009
1848	5781
1849	5908
1850	5852
1851	5781
1852	6153
1853	6323
1854	6505
1855	6104
1856	5916
1857	6129
1858	5915
1859	5710
1860	6192
1861	6154
1862	6290
1863	6681
1864	6451
1865	5866
1866	5984
1867	6173
1868	6180
1869	6239
1870	6075
1871	5972
1872	5755
1873	6600
1874	6148
1875	6014
1876	5957
1877	6316
1878	5840
1879	6316
1880	5929
1881	6433
1882	6351
1883	6517
1884	6402
1885	6261
1886	6217
1887	6223
1888	6399
1889	6483
1890	6263
1891	6070
1892	6202
1893	6429
1894	6468
1895	6481
1896	6380
1897	6204
1898	6332
1899	5977
1900	6578
1901	6648
1902	6528
1903	6321
1904	6227
1905	6360
1906	6206
1907	6393
1908	6442
1909	6260
1910	6632
1911	5926
1912	6418
1913	6447
1914	6513
1915	6381
1916	6062
1917	6426
1918	6442
1919	6771
1920	6724
1921	6916
1922	6746
1923	6641
1924	6355
1925	6537
1926	6754
1927	6518
1928	6673
1929	6681
1930	6614
1931	7106
1932	6415
1933	6564
1934	6225
1935	6604
1936	6903
1937	6219
1938	6604
1939	6374
1940	6327
1941	6588
1942	6901
1943	6733
1944	6243
1945	6485
1946	6316
1947	6391
1948	6464
1949	6152
1950	6461
1951	6641
1952	6660
1953	6432
1954	6666
1955	6580
1956	6474
1957	6552
1958	6159
1959	6423
1960	6418
1961	6579
1962	6509
1963	6275
1964	6175
1965	6578
1966	6401
1967	6346
1968	6447
1969	6559
1970	6991
1971	6828
1972	6554
1973	6499
1974	6296
1975	6457
1976	6460
1977	6448
1978	6511
1979	6763
1980	6416
1981	6459
1982	6676
1983	6489
1984	6460
1985	6734
1986	6677
1987	6503
1988	6864
1989	6594
1990	6785
1991	6766
1992	7038
1993	6798
1994	6993
1995	6694
1996	6756
1997	6932
1998	7144
1999	7020
2000	6853
2001	6967
2002	7127
2003	6862
2004	6670
2005	6791
2006	6991
2007	6466
2008	6454
2009	6561
2010	6521
2011	6718
2012	7115
2013	6685
2014	7049
2015	7153
2016	6653
2017	6808
2018	6696
2019	6834
2020	6812
2021	7079
2022	6771
2023	7149
2024	6745
2025	6845
2026	6607
2027	6770
2028	6798
2029	6336
2030	6370
2031	6574
2032	6549
2033	6456
2034	6538
2035	6346
2036	6907
2037	6524
2038	6951
2039	6812
2040	6472
2041	6447
2042	6673
2043	6485
2044	7043
2045	6469
2046	6556
2047	6755
2048	6634
2049	6549
2050	6495
2051	6642
2052	6657
2053	6050
2054	6562
2055	6748
2056	6697
2057	6775
2058	6859
2059	6453
2060	6438
2061	6648
2062	6436
2063	6653
2064	6786
2065	6541
2066	6699
2067	6341
2068	6320
2069	6628
2070	6309
2071	6105
2072	6514
2073	6549
2074	6366
2075	6571
2076	6500
2077	5971
2078	6294
2079	6558
2080	6263
2081	6135
2082	6143
2083	6594
2084	6387
2085	6335
2086	6211
2087	6162
2088	6307
2089	5961
2090	6448
2091	6270
2092	6237
2093	6196
2094	5852
2095	6142
2096	6129
2097	6131
2098	6417
2099	6083
2100	6244
2101	6253
2102	6284
2103	6210
2104	5755
2105	5802
2106	6241
2107	6012
2108	6242
2109	6194
2110	5927
2111	6033
2112	5854
2113	5978
2114	5918
2115	5538
2116	6238
2117	5381
2118	5669
2119	5486
2120	5974
2121	6014
2122	6275
2123	6533
2124	5955
2125	5765
2126	5728
2127	5874
2128	6235
2129	5478
2130	5578
2131	6068
2132	5500
2133	5986
2134	5313
2135	5694
2136	5497
2137	5605
2138	5735
2139	5748
2140	5718
2141	5817
2142	5720
2143	5623
2144	5335
2145	5560
2146	5543
2147	5678
2148	5894
2149	5553
2150	5479
2151	5389
2152	5473
2153	5476
2154	5466
2155	5517
2156	5545
2157	5318
2158	5472
2159	5322
2160	5449
2161	5733
2162	5530
2163	5455
2164	5169
2165	5547
2166	5368
2167	5560
2168	5329
2169	5504
2170	5709
2171	5660
2172	5494
2173	5545
2174	5712
2175	5512
2176	5589
2177	5760
2178	5594
2179	6428
2180	5540
2181	5602
2182	5447
2183	5356
2184	5371
2185	5401
2186	5367
2187	5491
2188	5493
2189	5517
2190	5622
2191	5544
2192	5331
2193	5572
2194	5138
2195	5338
2196	5678
2197	5389
2198	5217
2199	5504
2200	5736
2201	5202
2202	5585
2203	5287
2204	5564
2205	5440
2206	5387
2207	5175
2208	5357
2209	5433
2210	5612
2211	5364
2212	5235
2213	5438
2214	5160
2215	5457
2216	5378
2217	5420
2218	5037
2219	5490
2220	5411
2221	5404
2222	5546
2223	4966
2224	5106
2225	5429
2226	5271
2227	5035
2228	5080
2229	5100
2230	5087
2231	5193
2232	5359
2233	5408
2234	5325
2235	5689
2236	5536
2237	5936
2238	5326
2239	5412
2240	5405
2241	5726
2242	5318
2243	5812
2244	5618
2245	5468
2246	5655
2247	5449
2248	5721
2249	5997
2250	5882
2251	5333
2252	5604
2253	5598
2254	6050
2255	5765
2256	5421
2257	5607
2258	5901
2259	5921
2260	6127
2261	5852
2262	5929
2263	5422
2264	5859
2265	5934
2266	5940
2267	5614
2268	5737
2269	5731
2270	5690
2271	5805
2272	6044
2273	5758
2274	5364
2275	5451
2276	5728
2277	5633
2278	5531
2279	5628
2280	5357
2281	5768
2282	5398
2283	5300
2284	5707
2285	5968
2286	5562
2287	5841
2288	5893
2289	5568
2290	6066
2291	5486
2292	5579
2293	5573
2294	5833
2295	5739
2296	5688
2297	6284
2298	5710
2299	5298
2300	5433
2301	6191
2302	5751
2303	5883
2304	5550
2305	5476
2306	5839
2307	5538
2308	5757
2309	6026
2310	6013
2311	6048
2312	6088
2313	5732
2314	6179
2315	6336
2316	5837
2317	5583
2318	5989
2319	6132
2320	6310
2321	6413
2322	5876
2323	6053
2324	6509
2325	6561
2326	6503
2327	5976
2328	6333
2329	6254
2330	7018
2331	6140
2332	6540
2333	6444
2334	5696
2335	6045
2336	5861
2337	6194
2338	5861
2339	6177
2340	6000
2341	5905
2342	6541
2343	6761
2344	6203
2345	5835
2346	6301
2347	5714
2348	6263
2349	6097
2350	6172
2351	6821
2352	5703
2353	5914
2354	5720
2355	6246
2356	6152
2357	6206
2358	5895
2359	5830
2360	6108
2361	5765
2362	6486
2363	6134
2364	6052
2365	6424
2366	6814
2367	5881
2368	5663
2369	6000
2370	5966
2371	5854
2372	5777
2373	5700
2374	5888
2375	6191
2376	6013
2377	5567
2378	5768
2379	5465
2380	5408
2381	5496
2382	5837
2383	5218
2384	5383
2385	5531
2386	6055
2387	5817
2388	5752
2389	4940
2390	5450
2391	5661
2392	5619
2393	5655
2394	5443
2395	5264
2396	5296
2397	5181
2398	5663
2399	5471
2400	5226
2401	5466
2402	5128
2403	5253
2404	5402
2405	5628
2406	5196
2407	4999
2408	4979
2409	5272
2410	4703
2411	5083
2412	5323
2413	4814
2414	5205
2415	5013
2416	5043
2417	5131
2418	5020
2419	5263
2420	5066
2421	4896
2422	4931
2423	4718
2424	4932
2425	5089
2426	4761
2427	5051
2428	5157
2429	5096
2430	4824
2431	4721
2432	4823
2433	4812
2434	4523
2435	4703
2436	4680
2437	4992
2438	4536
2439	4733
2440	4634
2441	4708
2442	4804
2443	4758
2444	4731
2445	4604
2446	4856
2447	4676
2448	4658
2449	4775
2450	4529
2451	4541
2452	4799
2453	4790
2454	4609
2455	4454
2456	4878
2457	4712
2458	4729
2459	5062
2460	4925
2461	4748
2462	4781
2463	4777
2464	4623
2465	4669
2466	4856
2467	4911
2468	5100
2469	4550
2470	4977
2471	4752
2472	4764
2473	4772
2474	4536
2475	4720
2476	4567
2477	5106
2478	4662
2479	4669
2480	4871
2481	4981
2482	4854
2483	5143
2484	5095
2485	5090
2486	4812
2487	5055
2488	5161
2489	5044
2490	4884
2491	5030
2492	5009
2493	4958
2494	4901
2495	5033
2496	5117
2497	5155
2498	5503
2499	4889
2500	5100
2501	4895
2502	4943
2503	5126
2504	5424
2505	5078
2506	5135
2507	5187
2508	5193
2509	5231
2510	4862
2511	4837
2512	5191
2513	5316
2514	5495
2515	5267
2516	5362
2517	5220
2518	5410
2519	5198
2520	5054
2521	5302
2522	5292
2523	5851
2524	5455
2525	5329
2526	5506
2527	5286
2528	5116
2529	5279
2530	5222
2531	5102
2532	5304
2533	5594
2534	5213
2535	5626
2536	5287
2537	5552
2538	5522
2539	5396
2540	5472
2541	5717
2542	5765
2543	5668
2544	5557
2545	5512
2546	5197
2547	5340
2548	5522
2549	5336
2550	5255
2551	5267
2552	5437
2553	5090
2554	5221
2555	5312
2556	5169
2557	5481
2558	5789
2559	5637
2560	5549
2561	5523
2562	5326
2563	5422
2564	5687
2565	5748
2566	5738
2567	5632
2568	5221
2569	5559
2570	5100
2571	5272
2572	5361
2573	5401
2574	5194
2575	5152
2576	4998
2577	5274
2578	5291
2579	5224
2580	5127
2581	5306
2582	5215
2583	5214
2584	5341
2585	4800
2586	4796
2587	5032
2588	4914
2589	4991
2590	4858
2591	4972
2592	4854
2593	5000
2594	4791
2595	5059
2596	4679
2597	4973
2598	4868
2599	4955
2600	4821
2601	5173
2602	4975
2603	4975
2604	4863
2605	4772
2606	4523
2607	4836
2608	4873
2609	4994
2610	4705
2611	5197
2612	4958
2613	4767
2614	4917
2615	4940
2616	5005
2617	4683
2618	4892
2619	4904
2620	4938
2621	4883
2622	5020
2623	5041
2624	4876
2625	4861
2626	5276
2627	4931
2628	4808
2629	4747
2630	4914
2631	4830
2632	4766
2633	4718
2634	4613
2635	4763
2636	5162
2637	4539
2638	4691
2639	4979
2640	4832
2641	4968
2642	4644
2643	4726
2644	4882
2645	5079
2646	4772
2647	4403
2648	4625
2649	4481
2650	4581
2651	4760
2652	5289
2653	5231
2654	5449
2655	4932
2656	4763
2657	4754
2658	4687
2659	4533
2660	4791
2661	4655
2662	4539
2663	4476
2664	4519
2665	4763
2666	4460
2667	4580
2668	4871
2669	4679
2670	4344
2671	4533
2672	4888
2673	4601
2674	4564
2675	4814
2676	4613
2677	4299
2678	4525
2679	4537
2680	4967
2681	4641
2682	4732
2683	4427
2684	4984
2685	4751
2686	4623
2687	4782
2688	4490
2689	4615
2690	4558
2691	4622
2692	4382
2693	4320
2694	4568
2695	4666
2696	4806
2697	4674
2698	4704
2699	4825
2700	4711
2701	4857
2702	4869
2703	4718
2704	4788
2705	4756
2706	4179
2707	4501
2708	4658
2709	5133
2710	4887
2711	5027
2712	4551
2713	4523
2714	4387
2715	4312
2716	4167
2717	4332
2718	4606
2719	4583
2720	4447
2721	4691
2722	4502
2723	4484
2724	4404
2725	4326
2726	4764
2727	4495
2728	4307
2729	4293
2730	4613
2731	4477
2732	4234
2733	4115
2734	4311
2735	4543
2736	4162
2737	4535
2738	4589
2739	4367
2740	4515
2741	4661
2742	4284
2743	4285
2744	4135
2745	4438
2746	4498
2747	4344
2748	4583
2749	4362
2750	4430
2751	4486
2752	4054
2753	4292
2754	4377
2755	4236
2756	4155
2757	4421
2758	4532
2759	4435
2760	4247
2761	4615
2762	4563
2763	4504
2764	4542
2765	4471
2766	4376
2767	4400
2768	4184
2769	4624
2770	4571
2771	4316
2772	4316
2773	4519
2774	4479
2775	4624
2776	4269
2777	4317
2778	4428
2779	4230
2780	4056
2781	4424
2782	4323
2783	4348
2784	4163
2785	4099
2786	4162
2787	4050
2788	4018
2789	4220
2790	4326
2791	4567
2792	4084
2793	4209
2794	4301
2795	4244
2796	3936
2797	3827
2798	4265
2799	3968
2800	3947
2801	4171
2802	4033
2803	4185
2804	3956
2805	3907
2806	3955
2807	3954
2808	4172
2809	4227
2810	4074
2811	3927
2812	4252
2813	4176
2814	4078
2815	4254
2816	3879
2817	4057
2818	4010
2819	3885
2820	4261
2821	4004
2822	4172
2823	3850
2824	3914
2825	4079
2826	4136
2827	4285
2828	4064
2829	3950
2830	4057
2831	3896
2832	4176
2833	4186
2834	4050
2835	3723
2836	3759
2837	3748
2838	3931
2839	3876
2840	4058
2841	4057
2842	3923
2843	3802
2844	4063
2845	3976
2846	3865
2847	4473
2848	4046
2849	4267
2850	4247
2851	4142
2852	4012
2853	4172
2854	4077
2855	3983
2856	4269
2857	4223
2858	4334
2859	4107
2860	4463
2861	4451
2862	4291
2863	4716
2864	4291
2865	4445
2866	4038
2867	4099
2868	4169
2869	4013
2870	3939
2871	4055
2872	3993
2873	4047
2874	4111
2875	4157
2876	3957
2877	3809
2878	4038
2879	3989
2880	3980
2881	4190
2882	4253
2883	4261
2884	4133
2885	3973
2886	4154
2887	3973
2888	4150
2889	4295
2890	4357
2891	4099
2892	4328
2893	4249
2894	4044
2895	4261
2896	4032
2897	3891
2898	4133
2899	4338
2900	4013
2901	3995
2902	3953
2903	4124
2904	4018
2905	4183
2906	4225
2907	3928
2908	4068
2909	3887
2910	4215
2911	4217
2912	4145
2913	4117
2914	4140
2915	4021
2916	3859
2917	4235
2918	4097
2919	4234
2920	4112
2921	4191
2922	4017
2923	4201
2924	4117
2925	3888
2926	4068
2927	4013
2928	4237
2929	3927
2930	3779
2931	4033
2932	4050
2933	3927
2934	4126
2935	4325
2936	4052
2937	4140
2938	3901
2939	3795
2940	4034
2941	3974
2942	3927
2943	4302
2944	4228
2945	4103
2946	4003
2947	4068
2948	3793
2949	3809
2950	3951
2951	3917
2952	4144
2953	3973
2954	3994
2955	3925
2956	4176
2957	3973
2958	4126
2959	4065
2960	3933
2961	4106
2962	4167
2963	4069
2964	4099
2965	4085
2966	4105
2967	4116
2968	3855
2969	4113
2970	3945
2971	4146
2972	4023
2973	4163
2974	4089
2975	4190
2976	4098
2977	3966
2978	4391
2979	4230
2980	4111
2981	3923
2982	3935
2983	4161
2984	3978
2985	4012
2986	4337
2987	4067
2988	3947
2989	4229
2990	4158
2991	4211
2992	4422
2993	4055
2994	4211
2995	4241
2996	4219
2997	4105
2998	4153
2999	4311
3000	4137
3001	4060
3002	4041
3003	4376
3004	4344
3005	4384
3006	4491
3007	4315
3008	4071
3009	4224
3010	4224
3011	4464
3012	4467
3013	4014
3014	4435
3015	4104
3016	3839
3017	3967
3018	4393
3019	4290
3020	4401
3021	4222
3022	3979
3023	3944
3024	4148
3025	4215
3026	4120
3027	3920
3028	4101
3029	3760
3030	4215
3031	4186
3032	4354
3033	4252
3034	4187
3035	3868
3036	3915
3037	3948
3038	4296
3039	4318
3040	4290
3041	4053
3042	4159
3043	4267
3044	3890
3045	4261
3046	4293
3047	4254
3048	4256
3049	4308
3050	4218
3051	4281
3052	4559
3053	4226
3054	4271
3055	4565
3056	4374
3057	4501
3058	4447
3059	4485
3060	4633
3061	4201
3062	4544
3063	4247
3064	4105
3065	4322
3066	4230
3067	4202
3068	4456
3069	4055
3070	4125
3071	4306
3072	4323
3073	3939
3074	4169
3075	4009
3076	4382
3077	4343
3078	4357
3079	4193
3080	4262
3081	4008
3082	4180
3083	4112
3084	4284
3085	4141
3086	4164
3087	4037
3088	3987
3089	4143
3090	4002
3091	4095
3092	4107
3093	4215
3094	4023
3095	4276
3096	3970
3097	4123
3098	3994
3099	4085
3100	4083
3101	4092
3102	4115
3103	4098
3104	4194
3105	4269
3106	3916
3107	4073
3108	4033
3109	4221
3110	4383
3111	3830
3112	3832
3113	4027
3114	4088
3115	4216
3116	4075
3117	3908
3118	4245
3119	3762
3120	3971
3121	4180
3122	3623
3123	3972
3124	4198
3125	4090
3126	4331
3127	3973
3128	3848
3129	3891
3130	3671
3131	3722
3132	3715
3133	3976
3134	3809
3135	3896
3136	3812
3137	3969
3138	3648
3139	3919
3140	4090
3141	3898
3142	3861
3143	3901
3144	3810
3145	3802
3146	3716
3147	4011
3148	3881
3149	3810
3150	3893
3151	4159
3152	3706
3153	3662
3154	3680
3155	3789
3156	4047
3157	3954
3158	3816
3159	4171
3160	3828
3161	3977
3162	3572
3163	4082
3164	3729
3165	3682
3166	3805
3167	3659
3168	3768
3169	3917
3170	3717
3171	3672
3172	3572
3173	3558
3174	3825
3175	3552
3176	3573
3177	3630
3178	3676
3179	3892
3180	3856
3181	4041
3182	3676
3183	3678
3184	3617
3185	3957
3186	3307
3187	3588
3188	3765
3189	3507
3190	3683
3191	3656
3192	3518
3193	3872
3194	3678
3195	3706
3196	3736
3197	3409
3198	3673
3199	3826
3200	3692
3201	3560
3202	3585
3203	3539
3204	3668
3205	3575
3206	3780
3207	3622
3208	3590
3209	3591
3210	4096
3211	3749
3212	3732
3213	3557
3214	3832
3215	3711
3216	3675
3217	3549
3218	3787
3219	3545
3220	3716
3221	3767
3222	3694
3223	3778
3224	3562
3225	3795
3226	3619
3227	3595
3228	3365
3229	3758
3230	3875
3231	3958
3232	3631
3233	3838
3234	3824
3235	3646
3236	3491
3237	3738
3238	3668
3239	3821
3240	3862
3241	3831
3242	3792
3243	4012
3244	3866
3245	4112
3246	3839
3247	3711
3248	3553
3249	3979
3250	3418
3251	3620
3252	3584
3253	3884
3254	3717
3255	3946
3256	3610
3257	3704
3258	3666
3259	3638
3260	3892
3261	3739
3262	3956
3263	3896
3264	3743
3265	3531
3266	3812
3267	3848
3268	3926
3269	3842
3270	3878
3271	3790
3272	3813
3273	3520
3274	3667
3275	3638
3276	3739
3277	3706
3278	3747
3279	3925
3280	3909
3281	3560
3282	3698
3283	3763
3284	3634
3285	3878
3286	4162
3287	3684
3288	3660
3289	3862
3290	3992
3291	3851
3292	3955
3293	3889
3294	3841
3295	3754
3296	3714
3297	3785
3298	3778
3299	3730
3300	3541
3301	3744
3302	3715
3303	3697
3304	3635
3305	3858
3306	3699
3307	3827
3308	3541
3309	3710
3310	3548
3311	3860
3312	3634
3313	3651
3314	3825
3315	3675
3316	3732
3317	3850
3318	3669
3319	3840
3320	3745
3321	3686
3322	3815
3323	3694
3324	3559
3325	3614
3326	3921
3327	3344
3328	3707
3329	3624
3330	3840
3331	3676
3332	3636
3333	3931
3334	3544
3335	3582
3336	3699
3337	3716
3338	3285
3339	3566
3340	3816
3341	3550
3342	3609
3343	3690
3344	3524
3345	3543
3346	3445
3347	3706
3348	3745
3349	3641
3350	3659
3351	3561
3352	3437
3353	3361
3354	3359
3355	3499
3356	3380
3357	3163
3358	3351
3359	3413
3360	3601
3361	3439
3362	3445
3363	3170
3364	3468
3365	3301
3366	3280
3367	3399
3368	3179
3369	3256
3370	3435
3371	3145
3372	3198
3373	3446
3374	3453
3375	3418
3376	3353
3377	3090
3378	3259
3379	3036
3380	3381
3381	3203
3382	3329
3383	3068
3384	3371
3385	3164
3386	3024
3387	3218
3388	3303
3389	2932
3390	3033
3391	3169
3392	2872
3393	3040
3394	3076
3395	2970
3396	3310
3397	3407
3398	3111
3399	3093
3400	3217
3401	3123
3402	3372
3403	3125
3404	3140
3405	3068
3406	3386
3407	3289
3408	3083
3409	3194
3410	3240
3411	3216
3412	3165
3413	3215
3414	3182
3415	3261
3416	3092
3417	3224
3418	3095
3419	3179
3420	3224
3421	3247
3422	3276
3423	3184
3424	3038
3425	3221
3426	3338
3427	3214
3428	3096
3429	3361
3430	3112
3431	3082
3432	3187
3433	3228
3434	3300
3435	3353
3436	3226
3437	3133
3438	3373
3439	3264
3440	3234
3441	3239
3442	3262
3443	3357
3444	3323
3445	3322
3446	3345
3447	3134
3448	3351
3449	3002
3450	3232
3451	3227
3452	3227
3453	3160
3454	3466
3455	3606
3456	3045
3457	3151
3458	3341
3459	3221
3460	3095
3461	3270
3462	3308
3463	3387
3464	3198
3465	3098
3466	3567
3467	3139
3468	3315
3469	3312
3470	3348
3471	3251
3472	3240
3473	3233
3474	3451
3475	3186
3476	3095
3477	3319
3478	3228
3479	3091
3480	3459
3481	3409
3482	3178
3483	3447
3484	3292
3485	3458
3486	3272
3487	3287
3488	3635
3489	3118
3490	3352
3491	3234
3492	3197
3493	3433
3494	3225
3495	3230
3496	3423
3497	3087
3498	3231
3499	3270
3500	3470
3501	3377
3502	3250
3503	3459
3504	3180
3505	3110
3506	3298
3507	3331
3508	3455
3509	3267
3510	3167
3511	3075
3512	3000
3513	3149
3514	3328
3515	3275
3516	3272
3517	3098
3518	3104
3519	3403
3520	3389
3521	3380
3522	3320
3523	3251
3524	3172
3525	3586
3526	3369
3527	3363
3528	3297
3529	3199
3530	3174
3531	3081
3532	3336
3533	3083
3534	3397
3535	3120
3536	3289
3537	3118
3538	3229
3539	3287
3540	3272
3541	3264
3542	3267
3543	3170
3544	3117
3545	3054
3546	3406
3547	3170
3548	3461
3549	3172
3550	3093
3551	2987
3552	3218
3553	3176
3554	3344
3555	3085
3556	3250
3557	3337
3558	3307
3559	3104
3560	3304
3561	3401
3562	3112
3563	3341
3564	3145
3565	3169
3566	3076
3567	3144
3568	3158
3569	3153
3570	2927
3571	3264
3572	3175
3573	3082
3574	3129
3575	3352
3576	3260
3577	3175
3578	3204
3579	3135
3580	2935
3581	3204
3582	3080
3583	3151
3584	3240
3585	3334
3586	3451
3587	3430
3588	3044
3589	3225
3590	3160
3591	3138
3592	3242
3593	3259
3594	3534
3595	3254
3596	3401
3597	3316
3598	3221
3599	3296
3600	3057
3601	3380
3602	3084
3603	3255
3604	3247
3605	3238
3606	3089
3607	3402
3608	3325
3609	3106
3610	3119
3611	3158
3612	3039
3613	3350
3614	2948
3615	3275
3616	3181
3617	2983
3618	3258
3619	3380
3620	3251
3621	3137
3622	3264
3623	3252
3624	3353
3625	3196
3626	3323
3627	3110
3628	3418
3629	3145
3630	3108
3631	3332
3632	3250
3633	3265
3634	3222
3635	3227
3636	3152
3637	3004
3638	3227
3639	3251
3640	3494
3641	3230
3642	3405
3643	3083
3644	3228
3645	3175
3646	3250
3647	3271
3648	3254
3649	3205
3650	3115
3651	3422
3652	3108
3653	3135
3654	3151
3655	3171
3656	3075
3657	3006
3658	3125
3659	3287
3660	3193
3661	3185
3662	3060
3663	3041
3664	3033
3665	3098
3666	3130
3667	3216
3668	3146
3669	3183
3670	3134
3671	3061
3672	2930
3673	3267
3674	3032
3675	3248
3676	2956
3677	3308
3678	3109
3679	3144
3680	3250
3681	3468
3682	3300
3683	3145
3684	3006
3685	3107
3686	3059
3687	3188
3688	3211
3689	3176
3690	3124
3691	3068
3692	2982
3693	3039
3694	3243
3695	2984
3696	3085
3697	3292
3698	3351
3699	3424
3700	3468
3701	3212
3702	3188
3703	3161
3704	3306
3705	3254
3706	3110
3707	3229
3708	3026
3709	3346
3710	3177
3711	3310
3712	3523
3713	3234
3714	2972
3715	3399
3716	3378
3717	3113
3718	3457
3719	3154
3720	3106
3721	3155
3722	3054
3723	3158
3724	2979
3725	3285
3726	3332
3727	3147
3728	3022
3729	3143
3730	3059
3731	3035
3732	3152
3733	3115
3734	3149
3735	2826
3736	3050
3737	2957
3738	3282
3739	3253
3740	3041
3741	3182
3742	2774
3743	2861
3744	2978
3745	2966
3746	3412
3747	3255
3748	3096
3749	3064
3750	3101
3751	3315
3752	3107
3753	3138
3754	3054
3755	2897
3756	3057
3757	3087
3758	3207
3759	3080
3760	3259
3761	3107
3762	2822
3763	2866
3764	2978
3765	2986
3766	3017
3767	2998
3768	2916
3769	3070
3770	3138
3771	2966
3772	3156
3773	3125
3774	2894
3775	3008
3776	2973
3777	2909
3778	2893
3779	3064
3780	3024
3781	3199
3782	3310
3783	2894
3784	3093
3785	2880
3786	2921
3787	2940
3788	3170
3789	2868
3790	3201
3791	3206
3792	3037
3793	3035
3794	3034
3795	3001
3796	3070
3797	2918
3798	2897
3799	3053
3800	2885
3801	3126
3802	3247
3803	2803
3804	2729
3805	3005
3806	3044
3807	3052
3808	3012
3809	2939
3810	3145
3811	3090
3812	2872
3813	3093
3814	3035
3815	2963
3816	3215
3817	3015
3818	3110
3819	3026
3820	2922
3821	3254
3822	3131
3823	3032
3824	2853
3825	2926
3826	3092
3827	3026
3828	2966
3829	2914
3830	2860
3831	3001
3832	2911
3833	3100
3834	2913
3835	2765
3836	3011
3837	3108
3838	2778
3839	3055
3840	2727
3841	2625
3842	2859
3843	2998
3844	2869
3845	2976
3846	3138
3847	3003
3848	2857
3849	3024
3850	2937
3851	3046
3852	3080
3853	2709
3854	2958
3855	2657
3856	2981
3857	3015
3858	2953
3859	2812
3860	3077
3861	2797
3862	3038
3863	2905
3864	2768
3865	2913
3866	2744
3867	2881
3868	2701
3869	2868
3870	2841
3871	2739
3872	2800
3873	2910
3874	2715
3875	3153
3876	3025
3877	2762
3878	2979
3879	2878
3880	2878
3881	3068
3882	3008
3883	2884
3884	2817
3885	2976
3886	2819
3887	2771
3888	2696
3889	2934
3890	2782
3891	2949
3892	2927
3893	2651
3894	2762
3895	3094
3896	2938
3897	3055
3898	3005
3899	3077
3900	2718
3901	3002
3902	3183
3903	2926
3904	2824
3905	2917
3906	2918
3907	3000
3908	2950
3909	2951
3910	3061
3911	3045
3912	3132
3913	3157
3914	2822
3915	2952
3916	2996
3917	3366
3918	3031
3919	2871
3920	3601
3921	3033
3922	3203
3923	3189
3924	3164
3925	3039
3926	3106
3927	3266
3928	3232
3929	3638
3930	3255
3931	3249
3932	3481
3933	3536
3934	3211
3935	2957
3936	3100
3937	3091
3938	3444
3939	3141
3940	2996
3941	3018
3942	3097
3943	2975
3944	2853
3945	3163
3946	2836
3947	3046
3948	2996
3949	2878
3950	3058
3951	3013
3952	2973
3953	3009
3954	2931
3955	3067
3956	3138
3957	3251
3958	3065
3959	3121
3960	2983
3961	3126
3962	3353
3963	3183
3964	3109
3965	3023
3966	3156
3967	2988
3968	3034
3969	3207
3970	3150
3971	3023
3972	3101
3973	3309
3974	3253
3975	3160
3976	3044
3977	3172
3978	3296
3979	3115
3980	2954
3981	3113
3982	3333
3983	3356
3984	2983
3985	3209
3986	3228
3987	3289
3988	3141
3989	3081
3990	2798
3991	2955
3992	2963
3993	3221
3994	2967
3995	2912
3996	2779
3997	2873
3998	2805
3999	3092
4000	3052
4001	2953
4002	3070
4003	3271
4004	2913
4005	2905
4006	2949
4007	3144
4008	3100
4009	3406
4010	3079
4011	3378
4012	2953
4013	3380
4014	3179
4015	3638
4016	3183
4017	3403
4018	3285
4019	3367
4020	3389
4021	3516
4022	3063
4023	3176
4024	3644
4025	3524
4026	3402
4027	3371
4028	3322
4029	3421
4030	3300
4031	3492
4032	3953
4033	3561
4034	3794
4035	4305
4036	3268
4037	3323
4038	3151
4039	3084
4040	3260
4041	3266
4042	3278
4043	3213
4044	3188
4045	3215
4046	3083
4047	3045
4048	3126
4049	2942
4050	3368
4051	3486
4052	3210
4053	3296
4054	3041
4055	3107
4056	3050
4057	3120
4058	3088
4059	2931
4060	3050
4061	3115
4062	3340
4063	3128
4064	2938
4065	3365
4066	3277
4067	3294
4068	3323
4069	3128
4070	3249
4071	2899
4072	2997
4073	3236
4074	2882
4075	3079
4076	2951
4077	2752
4078	3070
4079	3173
4080	3402
4081	3262
4082	3110
4083	3276
4084	3135
4085	3005
4086	3069
4087	3207
4088	2887
4089	3110
4090	2947
4091	2941
4092	3059
4093	2863
4094	3126
4095	2848
4096	3063
4097	3223
4098	3732
4099	3238
4100	3369
4101	3225
4102	2885
4103	2927
4104	2611
4105	2896
4106	2860
4107	2765
4108	2962
4109	2655
4110	2908
4111	2814
4112	2655
4113	2962
4114	2851
4115	2595
4116	2985
4117	2863
4118	2969
4119	2792
4120	3244
4121	2938
4122	2754
4123	2879
4124	3004
4125	2960
4126	2925
4127	2813
4128	2843
4129	2818
4130	2827
4131	2694
4132	2828
4133	2771
4134	2721
4135	2580
4136	2600
4137	2703
4138	2946
4139	2671
4140	2643
4141	2665
4142	2487
4143	2868
4144	2662
4145	2668
4146	2773
4147	2615
4148	2595
4149	2769
4150	2611
4151	2733
4152	2530
4153	2732
4154	2659
4155	2578
4156	2440
4157	2639
4158	2611
4159	2732
4160	2594
4161	2786
4162	2756
4163	2484
4164	2599
4165	2436
4166	2661
4167	2601
4168	2575
4169	2419
4170	2503
4171	2546
4172	2330
4173	2638
4174	2683
4175	2505
4176	2532
4177	2362
4178	2603
4179	2443
4180	2618
4181	2587
4182	2684
4183	2666
4184	2576
4185	2464
4186	2526
4187	2634
4188	2397
4189	2795
4190	2558
4191	2494
4192	2418
4193	2570
4194	2591
4195	2388
4196	2555
4197	2361
4198	2605
4199	2429
4200	2610
4201	2547
4202	2468
4203	2270
4204	2558
4205	2332
4206	2641
4207	2537
4208	2422
4209	2703
4210	2587
4211	2709
4212	2644
4213	2439
4214	2439
4215	2451
4216	2609
4217	2422
4218	2448
4219	2318
4220	2538
4221	2475
4222	2492
4223	2454
4224	2524
4225	2770
4226	2513
4227	2796
4228	2779
4229	2692
4230	2517
4231	2359
4232	2607
4233	2579
4234	2384
4235	2517
4236	2441
4237	2461
4238	2451
4239	2432
4240	2519
4241	2690
4242	2471
4243	3017
4244	2692
4245	2460
4246	2679
4247	2457
4248	2627
4249	2465
4250	2553
4251	2533
4252	2719
4253	2394
4254	2380
4255	2518
4256	2393
4257	2529
4258	2451
4259	2536
4260	2471
4261	2510
4262	2486
4263	2354
4264	2658
4265	2568
4266	2552
4267	2689
4268	2775
4269	2562
4270	2498
4271	2475
4272	2516
4273	2512
4274	2557
4275	2476
4276	2874
4277	2738
4278	2574
4279	2413
4280	2862
4281	2530
4282	2728
4283	2509
4284	2753
4285	2435
4286	2668
4287	2555
4288	2631
4289	2430
4290	2627
4291	2574
4292	2642
4293	2571
4294	2442
4295	2770
4296	2377
4297	2747
4298	2734
4299	2545
4300	2647
4301	2558
4302	2412
4303	2629
4304	2701
4305	2493
4306	2616
4307	2594
4308	2831
4309	2571
4310	2481
4311	2554
4312	2576
4313	2685
4314	2600
4315	2457
4316	2448
4317	2227
4318	2621
4319	2489
4320	2397
4321	2418
4322	2280
4323	2393
4324	2249
4325	2491
4326	2357
4327	2461
4328	2249
4329	2329
4330	2397
4331	2485
4332	2301
4333	2288
4334	2313
4335	2304
4336	2330
4337	2428
4338	2360
4339	2123
4340	2382
4341	2360
4342	2255
4343	2380
4344	2344
4345	2420
4346	2211
4347	2193
4348	2157
4349	2474
4350	2167
4351	2124
4352	2299
4353	2330
4354	2117
4355	2141
4356	2252
4357	2160
4358	2208
4359	2168
4360	2138
4361	2189
4362	2437
4363	2222
4364	2294
4365	1984
4366	2210
4367	2168
4368	2301
4369	2050
4370	2096
4371	2192
4372	2349
4373	2252
4374	2185
4375	2108
4376	2208
4377	2178
4378	2124
4379	2245
4380	2232
4381	2022
4382	2198
4383	2165
4384	2213
4385	2304
4386	2123
4387	2182
4388	2194
4389	2238
4390	2364
4391	2147
4392	2383
4393	2308
4394	2145
4395	2267
4396	2314
4397	2090
4398	2180
4399	2132
4400	2210
4401	2255
4402	2198
4403	2185
4404	2232
4405	2134
4406	2134
4407	2253
4408	2161
4409	2261
4410	1966
4411	2190
4412	2341
4413	2134
4414	2333
4415	2008
4416	2147
4417	2070
4418	2243
4419	2148
4420	2139
4421	2180
4422	2086
4423	2022
4424	2134
4425	2076
4426	2361
4427	1872
4428	2302
4429	2285
4430	1963
4431	2230
4432	2088
4433	2054
4434	1977
4435	2119
4436	2102
4437	2196
4438	1998
4439	1968
4440	2036
4441	2142
4442	2317
4443	1978
4444	1931
4445	1853
4446	2011
4447	2169
4448	2061
4449	2164
4450	2048
4451	1950
4452	2028
4453	2059
4454	2152
4455	2093
4456	2247
4457	2091
4458	2040
4459	2202
4460	2068
4461	2115
4462	2165
4463	2086
4464	2070
4465	2096
4466	2055
4467	2089
4468	2042
4469	2076
4470	2067
4471	2114
4472	2237
4473	2311
4474	2007
4475	2132
4476	2239
4477	2130
4478	1949
4479	1963
4480	2278
4481	2121
4482	1990
4483	2278
4484	2139
4485	2229
4486	2164
4487	2198
4488	2033
4489	2129
4490	2224
4491	2090
4492	2151
4493	2128
4494	2362
4495	2104
4496	2385
4497	2402
4498	2302
4499	2357
4500	2049
4501	2280
4502	2165
4503	2268
4504	2210
4505	2347
4506	2378
4507	2376
4508	2548
4509	2239
4510	2198
4511	2188
4512	2121
4513	2169
4514	2235
4515	2246
4516	2228
4517	2430
4518	2231
4519	2205
4520	2317
4521	2452
4522	2286
4523	2448
4524	2380
4525	2466
4526	2367
4527	2475
4528	2430
4529	2336
4530	2365
4531	2156
4532	2088
4533	2190
4534	2229
4535	2166
4536	2422
4537	2163
4538	2291
4539	2390
4540	2151
4541	2267
4542	2205
4543	2357
4544	2070
4545	2180
4546	2354
4547	2240
4548	2199
4549	2219
4550	2051
4551	2011
4552	2001
4553	2248
4554	2177
4555	2360
4556	2291
4557	2005
4558	2200
4559	2094
4560	2377
4561	2035
4562	2103
4563	2532
4564	2248
4565	2760
4566	2088
4567	2346
4568	2192
4569	2067
4570	2149
4571	1915
4572	1876
4573	2207
4574	2040
4575	2096
4576	2056
4577	2245
4578	1838
4579	2081
4580	2626
4581	2089
4582	3421
4583	2198
4584	1914
4585	2130
4586	1866
4587	2249
4588	1950
4589	1928
4590	1886
4591	2096
4592	2000
4593	1902
4594	2025
4595	1834
4596	2062
4597	1963
4598	2012
4599	1996
4600	2016
4601	2070
4602	1863
4603	1928
4604	2144
4605	1954
4606	2288
4607	1994
4608	1928
4609	2010
4610	1871
4611	2032
4612	2065
4613	1932
4614	2029
4615	2241
4616	2002
4617	2140
4618	2187
4619	2212
4620	2171
4621	1940
4622	2087
4623	2033
4624	1950
4625	2147
4626	2078
4627	2151
4628	2175
4629	2122
4630	1996
4631	2176
4632	2354
4633	1979
4634	2100
4635	2092
4636	2288
4637	2334
4638	2175
4639	2133
4640	2077
4641	2092
4642	2023
4643	1962
4644	2359
4645	2188
4646	2171
4647	2264
4648	2129
4649	2185
4650	2234
4651	2075
4652	2028
4653	2149
4654	2152
4655	2140
4656	2194
4657	2125
4658	2100
4659	2075
4660	2058
4661	2231
4662	2245
4663	2123
4664	2014
4665	2255
4666	2149
4667	2132
4668	2038
4669	2217
4670	2018
4671	2011
4672	1860
4673	2103
4674	2113
4675	1958
4676	2502
4677	2221
4678	2331
4679	1963
4680	2196
4681	2150
4682	2147
4683	2403
4684	2069
4685	2173
4686	2222
4687	2268
4688	2151
4689	2296
4690	1990
4691	2079
4692	2145
4693	2175
4694	2259
4695	2045
4696	1894
4697	2100
4698	2184
4699	2019
4700	2275
4701	2306
4702	1946
4703	2288
4704	2085
4705	2198
4706	2036
4707	1905
4708	2091
4709	2092
4710	2189
4711	2046
4712	2248
4713	2053
4714	2303
4715	2047
4716	2059
4717	2012
4718	2031
4719	2304
4720	2096
4721	2163
4722	1922
4723	2112
4724	2062
4725	2187
4726	2152
4727	1898
4728	2062
4729	1982
4730	2128
4731	2222
4732	2168
4733	2132
4734	2314
4735	2096
4736	2220
4737	2187
4738	2199
4739	2040
4740	2124
4741	2208
4742	2239
4743	2215
4744	2262
4745	2127
4746	2261
4747	2350
4748	2248
4749	2325
4750	2105
4751	2249
4752	2083
4753	2112
4754	2279
4755	2759
4756	2487
4757	2353
4758	2320
4759	2260
4760	2458
4761	2306
4762	2490
4763	2642
4764	2689
4765	2319
4766	2266
4767	2497
4768	2830
4769	2601
4770	2386
4771	2504
4772	2630
4773	2507
4774	2300
4775	2808
4776	2875
4777	3071
4778	2897
4779	2630
4780	2206
4781	2508
4782	2578
4783	2614
4784	2346
4785	2688
4786	2550
4787	2388
4788	2267
4789	2271
4790	2557
4791	2640
4792	2906
4793	2284
4794	2682
4795	2645
4796	2364
4797	2472
4798	2681
4799	2593
4800	2743
4801	2459
4802	2457
4803	2613
4804	2317
4805	2490
4806	2524
4807	2522
4808	2286
4809	2379
4810	2531
4811	2673
4812	2674
4813	2417
4814	2711
4815	2757
4816	2579
4817	2531
4818	2617
4819	2627
4820	2506
4821	2542
4822	2676
4823	2377
4824	2431
4825	2562
4826	2587
4827	2662
4828	2529
4829	2408
4830	2487
4831	2502
4832	2604
4833	2633
4834	2531
4835	2915
4836	2632
4837	2624
4838	2563
4839	2541
4840	2448
4841	2486
4842	2578
4843	2606
4844	2446
4845	2413
4846	2495
4847	2448
4848	2382
4849	2649
4850	2937
4851	2587
4852	2705
4853	2634
4854	3358
4855	2466
4856	2408
4857	2465
4858	2381
4859	2391
4860	2952
4861	2503
4862	2556
4863	2564
4864	2368
4865	2523
4866	2449
4867	2603
4868	2252
4869	2782
4870	2497
4871	2679
4872	2274
4873	2463
4874	2479
4875	2387
4876	2354
4877	2208
4878	2422
4879	2469
4880	2471
4881	2338
4882	2214
4883	2384
4884	2375
4885	2604
4886	2478
4887	2769
4888	2239
4889	2353
4890	2294
4891	2335
4892	2462
4893	2449
4894	2445
4895	2122
4896	2196
4897	2255
4898	2177
4899	2319
4900	2222
4901	2319
4902	2252
4903	2350
4904	2248
4905	2330
4906	2372
4907	2267
4908	2169
4909	2205
4910	2183
4911	2303
4912	2404
4913	2045
4914	2323
4915	2190
4916	2423
4917	1919
4918	1996
4919	2208
4920	2216
4921	2163
4922	2189
4923	2118
4924	1925
4925	2226
4926	1955
4927	1931
4928	1989
4929	2088
4930	1982
4931	2139
4932	2247
4933	1925
4934	2196
4935	2204
4936	1968
4937	2142
4938	1990
4939	2384
4940	2057
4941	2114
4942	2065
4943	1998
4944	2052
4945	1955
4946	2198
4947	2135
4948	2116
4949	2134
4950	2187
4951	2136
4952	2098
4953	2034
4954	2247
4955	1969
4956	2118
4957	2085
4958	2067
4959	2112
4960	1913
4961	2105
4962	1949
4963	2017
4964	2152
4965	1949
4966	1980
4967	2021
4968	1860
4969	2177
4970	2080
4971	2127
4972	2177
4973	1967
4974	1997
4975	1782
4976	1989
4977	1979
4978	1918
4979	2048
4980	1964
4981	1918
4982	1932
4983	1928
4984	1937
4985	2015
4986	1972
4987	1941
4988	2174
4989	2013
4990	2182
4991	2084
4992	2005
4993	1831
4994	1784
4995	1900
4996	1992
4997	1658
4998	1992
4999	1905
5000	2070
5001	1904
5002	1935
5003	1955
5004	1848
5005	1988
5006	2075
5007	1806
5008	2056
5009	1892
5010	2079
5011	1897
5012	1881
5013	1963
5014	1842
5015	1913
5016	1969
5017	1864
5018	1879
5019	1912
5020	1905
5021	1945
5022	2162
5023	1799
5024	1982
5025	1905
5026	2119
5027	1966
5028	2027
5029	2041
5030	2054
5031	1887
5032	2048
5033	2062
5034	1951
5035	1901
5036	1995
5037	1806
5038	1924
5039	1889
5040	1924
5041	1909
5042	1931
5043	2122
5044	2097
5045	1911
5046	1972
5047	1863
5048	2037
5049	2033
5050	1898
5051	2068
5052	1865
5053	1901
5054	2046
5055	1838
5056	1940
5057	1987
5058	2288
5059	1940
5060	1798
5061	1990
5062	1997
5063	1844
5064	1974
5065	1838
5066	2154
5067	1989
5068	1889
5069	1886
5070	1945
5071	1939
5072	2113
5073	1793
5074	1991
5075	1881
5076	1955
5077	1828
5078	1717
5079	1878
5080	1740
5081	1754
5082	1754
5083	1726
5084	1825
5085	1852
5086	1831
5087	1773
5088	1765
5089	1956
5090	1887
5091	1764
5092	1868
5093	1855
5094	1843
5095	2072
5096	1883
5097	1885
5098	1971
5099	1731
5100	1836
5101	1886
5102	1867
5103	1817
5104	1895
5105	1786
5106	1782
5107	1806
5108	1828
5109	1593
5110	1947
5111	1936
5112	1856
5113	1837
5114	1809
5115	1716
5116	1745
5117	1839
5118	1840
5119	1810
5120	1842
5121	1910
5122	1927
5123	1815
5124	1820
5125	1858
5126	1781
5127	1720
5128	1703
5129	1605
5130	1912
5131	1864
5132	1844
5133	1902
5134	1652
5135	1854
5136	1812
5137	1877
5138	1973
5139	1787
5140	1883
5141	1954
5142	1986
5143	2020
5144	1664
5145	2068
5146	1780
5147	1982
5148	1848
5149	1795
5150	1886
5151	1756
5152	1754
5153	2112
5154	1795
5155	1760
5156	2141
5157	1857
5158	1854
5159	1935
5160	1785
5161	1866
5162	2005
5163	1858
5164	1839
5165	1799
5166	1973
5167	1939
5168	1906
5169	1895
5170	1770
5171	1763
5172	1872
5173	1675
5174	1677
5175	1824
5176	1883
5177	1881
5178	1871
5179	1620
5180	1963
5181	1738
5182	1932
5183	1862
5184	1798
5185	1934
5186	1839
5187	1800
5188	1901
5189	1953
5190	1780
5191	1689
5192	1876
5193	1713
5194	1655
5195	1689
5196	1823
5197	1720
5198	1882
5199	1736
5200	1955
5201	1780
5202	1913
5203	1934
5204	1989
5205	1913
5206	1788
5207	1851
5208	1845
5209	1807
5210	1847
5211	1890
5212	1850
5213	1725
5214	1699
5215	1756
5216	1687
5217	1606
5218	1837
5219	1835
5220	1961
5221	1842
5222	1796
5223	1672
5224	1705
5225	1685
5226	1810
5227	1766
5228	1700
5229	1686
5230	1727
5231	1937
5232	1664
5233	1716
5234	1767
5235	1741
5236	1583
5237	1567
5238	1925
5239	1671
5240	1720
5241	1860
5242	1736
5243	1727
5244	1772
5245	1901
5246	1791
5247	1696
5248	1761
5249	1736
5250	1787
5251	1720
5252	1704
5253	1810
5254	1759
5255	1674
5256	1714
5257	1639
5258	1835
5259	1711
5260	1534
5261	1805
5262	1633
5263	1598
5264	1767
5265	1786
5266	1726
5267	1594
5268	1726
5269	1628
5270	1636
5271	1576
5272	1765
5273	1758
5274	1684
5275	1695
5276	1554
5277	1659
5278	1651
5279	1608
5280	1681
5281	1616
5282	1711
5283	1573
5284	1520
5285	1538
5286	1672
5287	1638
5288	1621
5289	1564
5290	1592
5291	1507
5292	1703
5293	1600
5294	1595
5295	1540
5296	1625
5297	1687
5298	1832
5299	1826
5300	1785
5301	1815
5302	1584
5303	1573
5304	1752
5305	1633
5306	1766
5307	1704
5308	1663
5309	1647
5310	1617
5311	1601
5312	1584
5313	1693
5314	1569
5315	1616
5316	1519
5317	1613
5318	1652
5319	1705
5320	1722
5321	1697
5322	1538
5323	1691
5324	1555
5325	1519
5326	1683
5327	1494
5328	1626
5329	1504
5330	1593
5331	1776
5332	1475
5333	1551
5334	1640
5335	1608
5336	1619
5337	1759
5338	1556
5339	1500
5340	1668
5341	1505
5342	1581
5343	1672
5344	1726
5345	1596
5346	1493
5347	1591
5348	1633
5349	1553
5350	1435
5351	1620
5352	1442
5353	1463
5354	1601
5355	1606
5356	1536
5357	1590
5358	1832
5359	1625
5360	1701
5361	1555
5362	1759
5363	1631
5364	1640
5365	1580
5366	1680
5367	1600
5368	1584
5369	1679
5370	1786
5371	1610
5372	1520
5373	1702
5374	1840
5375	1734
5376	1692
5377	1723
5378	1643
5379	1747
5380	1533
5381	1660
5382	1756
5383	1605
5384	1674
5385	1521
5386	1681
5387	1712
5388	1690
5389	1621
5390	1833
5391	1730
5392	1740
5393	1800
5394	1713
5395	1843
5396	1701
5397	1594
5398	1862
5399	1894
5400	1753
5401	1741
5402	1987
5403	1870
5404	1908
5405	1583
5406	1760
5407	1711
5408	1748
5409	1811
5410	2024
5411	1642
5412	1969
5413	1839
5414	1723
5415	1751
5416	1984
5417	1792
5418	1860
5419	1839
5420	1793
5421	1817
5422	1767
5423	1948
5424	1783
5425	1742
5426	1853
5427	2004
5428	1852
5429	1922
5430	1994
5431	1900
5432	1980
5433	1753
5434	1982
5435	1676
5436	2114
5437	2065
5438	1928
5439	1887
5440	1827
5441	1902
5442	2016
5443	1761
5444	2044
5445	1844
5446	2031
5447	2086
5448	2201
5449	1928
5450	1981
5451	1881
5452	1861
5453	1833
5454	1899
5455	1974
5456	1824
5457	2116
5458	1957
5459	1912
5460	1904
5461	1833
5462	1958
5463	1969
5464	2247
5465	1967
5466	1950
5467	1969
5468	1878
5469	2070
5470	1927
5471	1982
5472	1893
5473	1999
5474	1866
5475	1972
5476	2211
5477	2349
5478	2312
5479	2059
5480	2214
5481	2271
5482	2100
5483	2023
5484	2149
5485	2230
5486	2202
5487	2206
5488	2140
5489	2198
5490	1955
5491	2086
5492	2147
5493	2001
5494	2076
5495	2067
5496	1972
5497	2229
5498	2242
5499	2236
5500	2106
5501	2134
5502	2257
5503	2357
5504	2290
5505	2048
5506	2189
5507	2174
5508	2092
5509	2042
5510	2242
5511	2192
5512	2230
5513	2080
5514	2012
5515	2118
5516	2203
5517	2089
5518	2292
5519	2200
5520	2339
5521	2193
5522	2343
5523	2269
5524	2374
5525	2267
5526	2260
5527	2165
5528	2312
5529	2372
5530	2365
5531	2308
5532	2209
5533	2264
5534	2128
5535	2141
5536	2244
5537	2176
5538	2196
5539	2189
5540	2173
5541	2177
5542	2203
5543	2137
5544	2423
5545	2143
5546	2338
5547	2262
5548	2290
5549	2242
5550	2226
5551	2236
5552	2428
5553	2247
5554	2179
5555	2376
5556	2177
5557	2292
5558	2152
5559	2104
5560	2216
5561	2173
5562	2152
5563	2151
5564	2279
5565	1975
5566	2099
5567	2044
5568	1972
5569	2209
5570	2097
5571	2072
5572	2136
5573	2153
5574	2072
5575	1930
5576	1917
5577	2035
5578	2036
5579	1855
5580	2062
5581	2364
5582	1937
5583	2143
5584	1948
5585	1844
5586	2138
5587	2129
5588	2165
5589	2111
5590	2058
5591	2012
5592	2029
5593	2083
5594	2101
5595	1899
5596	2042
5597	1784
5598	2040
5599	1950
5600	1966
5601	2121
5602	1860
5603	2053
5604	2044
5605	2013
5606	2036
5607	2107
5608	1951
5609	1995
5610	1933
5611	2002
5612	2057
5613	1963
5614	2031
5615	1901
5616	2002
5617	1869
5618	1967
5619	1957
5620	1912
5621	2116
5622	1874
5623	1985
5624	2007
5625	1968
5626	1992
5627	1746
5628	1788
5629	1971
5630	2023
5631	1859
5632	1763
5633	1879
5634	1813
5635	2081
5636	1823
5637	1867
5638	1957
5639	1876
5640	1655
5641	1637
5642	1904
5643	1807
5644	1911
5645	1837
5646	1775
5647	1754
5648	1778
5649	1874
5650	1834
5651	1904
5652	1921
5653	1856
5654	1649
5655	1758
5656	1728
5657	1542
5658	1605
5659	1741
5660	1736
5661	1974
5662	1865
5663	1974
5664	1661
5665	1796
5666	1768
5667	1672
5668	1589
5669	1603
5670	1528
5671	1763
5672	1709
5673	1635
5674	1662
5675	1748
5676	1531
5677	1725
5678	1670
5679	1605
5680	1681
5681	1765
5682	1464
5683	1501
5684	1626
5685	1710
5686	1523
5687	1770
5688	1658
5689	1526
5690	1524
5691	1606
5692	1557
5693	1547
5694	1751
5695	1484
5696	1508
5697	1584
5698	1615
5699	1570
5700	1385
5701	1723
5702	1565
5703	1595
5704	1619
5705	1502
5706	1509
5707	1483
5708	1621
5709	1536
5710	1664
5711	1445
5712	1563
5713	1556
5714	1771
5715	1768
5716	1527
5717	1749
5718	1515
5719	1483
5720	1451
5721	1623
5722	1559
5723	1565
5724	1467
5725	1539
5726	1506
5727	1568
5728	1647
5729	1651
5730	1487
5731	1572
5732	1408
5733	1575
5734	1450
5735	1408
5736	1417
5737	1458
5738	1402
5739	1578
5740	1555
5741	1502
5742	1401
5743	1489
5744	1528
5745	1477
5746	1663
5747	1454
5748	1505
5749	1606
5750	1372
5751	1538
5752	1612
5753	1533
5754	1481
5755	1507
5756	1559
5757	1369
5758	1367
5759	1457
5760	1445
5761	1653
5762	1371
5763	1585
5764	1448
5765	1438
5766	1445
5767	1550
5768	1483
5769	1551
5770	1551
5771	1425
5772	1409
5773	1568
5774	1433
5775	1712
5776	1564
5777	1585
5778	1644
5779	1602
5780	1552
5781	1639
5782	1489
5783	1470
5784	1612
5785	1435
5786	1546
5787	1648
5788	1469
5789	1517
5790	1442
5791	1540
5792	1622
5793	1511
5794	1566
5795	1546
5796	1629
5797	1630
5798	1721
5799	1699
5800	1640
5801	1636
5802	1548
5803	1416
5804	1572
5805	1487
5806	1437
5807	1567
5808	1527
5809	1656
5810	1479
5811	1738
5812	1544
5813	1629
5814	1528
5815	1554
5816	1720
5817	1610
5818	1601
5819	1498
5820	1576
5821	1592
5822	1584
5823	1501
5824	1585
5825	1618
5826	1676
5827	1624
5828	1673
5829	1681
5830	1774
5831	1536
5832	1625
5833	1830
5834	1808
5835	1682
5836	1813
5837	1610
5838	1614
5839	1746
5840	1686
5841	1774
5842	1849
5843	1881
5844	1679
5845	1552
5846	1782
5847	1701
5848	1614
5849	1639
5850	1591
5851	1861
5852	1652
5853	1678
5854	1657
5855	1780
5856	1748
5857	1505
5858	1536
5859	1699
5860	1753
5861	1686
5862	1560
5863	1659
5864	1598
5865	1810
5866	1916
5867	1686
5868	1735
5869	1943
5870	1770
5871	1743
5872	1707
5873	1759
5874	1898
5875	1673
5876	1589
5877	1593
5878	1704
5879	1756
5880	1800
5881	1859
5882	1744
5883	1833
5884	1725
5885	1726
5886	1693
5887	1678
5888	1791
5889	1679
5890	1627
5891	1674
5892	1717
5893	1829
5894	1918
5895	1668
5896	1676
5897	1582
5898	1659
5899	1511
5900	1657
5901	1780
5902	1672
5903	1667
5904	1505
5905	1539
5906	1644
5907	1734
5908	1673
5909	1641
5910	1786
5911	1448
5912	1664
5913	1550
5914	1657
5915	1550
5916	1672
5917	1727
5918	1715
5919	1792
5920	1411
5921	1885
5922	1652
5923	1545
5924	1545
5925	1492
5926	1604
5927	1477
5928	1530
5929	1603
5930	1499
5931	1475
5932	1641
5933	1598
5934	1808
5935	1500
5936	1563
5937	1544
5938	1727
5939	1698
5940	1581
5941	1582
5942	1566
5943	1453
5944	1557
5945	1542
5946	1572
5947	1491
5948	1475
5949	1441
5950	1681
5951	1616
5952	1566
5953	1649
5954	1530
5955	1636
5956	1665
5957	1623
5958	1705
5959	1602
5960	1593
5961	1431
5962	1563
5963	1555
5964	1588
5965	1535
5966	1356
5967	1478
5968	1415
5969	1535
5970	1499
5971	1550
5972	1582
5973	1488
5974	1462
5975	1487
5976	1517
5977	1437
5978	1633
5979	1529
5980	1420
5981	1405
5982	1383
5983	1375
5984	1565
5985	1355
5986	1511
5987	1527
5988	1529
5989	1442
5990	1321
5991	1512
5992	1374
5993	1512
5994	1463
5995	1425
5996	1459
5997	1385
5998	1515
5999	1507
6000	1524
6001	1514
6002	1511
6003	1507
6004	1573
6005	1482
6006	1453
6007	1452
6008	1581
6009	1399
6010	1405
6011	1518
6012	1627
6013	1469
6014	1309
6015	1276
6016	1410
6017	1427
6018	1471
6019	1598
6020	1263
6021	1475
6022	1518
6023	1407
6024	1347
6025	1445
6026	1459
6027	1385
6028	1438
6029	1458
6030	1583
6031	1530
6032	1305
6033	1513
6034	1398
6035	1482
6036	1381
6037	1332
6038	1622
6039	1372
6040	1535
6041	1428
6042	1283
6043	1374
6044	1393
6045	1269
6046	1163
6047	1524
6048	1473
6049	1582
6050	1244
6051	1451
6052	1306
6053	1209
6054	1430
6055	1400
6056	1479
6057	1389
6058	1481
6059	1441
6060	1240
6061	1474
6062	1438
6063	1452
6064	1479
6065	1330
6066	1350
6067	1478
6068	1398
6069	1552
6070	1559
6071	1286
6072	1458
6073	1336
6074	1397
6075	1451
6076	1364
6077	1376
6078	1481
6079	1471
6080	1288
6081	1302
6082	1424
6083	1372
6084	1242
6085	1402
6086	1342
6087	1332
6088	1428
6089	1378
6090	1491
6091	1536
6092	1481
6093	1382
6094	1425
6095	1404
6096	1378
6097	1284
6098	1447
6099	1550
6100	1456
6101	1393
6102	1318
6103	1368
6104	1320
6105	1397
6106	1413
6107	1533
6108	1447
6109	1410
6110	1406
6111	1467
6112	1480
6113	1369
6114	1364
6115	1462
6116	1489
6117	1436
6118	1493
6119	1428
6120	1666
6121	1352
6122	1548
6123	1430
6124	1374
6125	1480
6126	1409
6127	1377
6128	1506
6129	1442
6130	1461
6131	1434
6132	1494
6133	1547
6134	1325
6135	1269
6136	1325
6137	1503
6138	1312
6139	1529
6140	1376
6141	1410
6142	1404
6143	1378
6144	1404
6145	1434
6146	1574
6147	1296
6148	1411
6149	1421
6150	1428
6151	1553
6152	1508
6153	1431
6154	1359
6155	1496
6156	1422
6157	1416
6158	1466
6159	1652
6160	1301
6161	1423
6162	1301
6163	1535
6164	1362
6165	1394
6166	1376
6167	1376
6168	1267
6169	1402
6170	1264
6171	1297
6172	1321
6173	1244
6174	1229
6175	1326
6176	1448
6177	1280
6178	1394
6179	1322
6180	1418
6181	1218
6182	1295
6183	1209
6184	1333
6185	1345
6186	1267
6187	1440
6188	1328
6189	1419
6190	1541
6191	1220
6192	1398
6193	1248
6194	1520
6195	1322
6196	1342
6197	1327
6198	1222
6199	1250
6200	1559
6201	1336
6202	1264
6203	1273
6204	1355
6205	1422
6206	1347
6207	1287
6208	1413
6209	1278
6210	1196
6211	1299
6212	1464
6213	1339
6214	1267
6215	1277
6216	1328
6217	1454
6218	1310
6219	1359
6220	1275
6221	1199
6222	1296
6223	1329
6224	1559
6225	1317
6226	1300
6227	1327
6228	1203
6229	1217
6230	1260
6231	1382
6232	1320
6233	1461
6234	1337
6235	1337
6236	1279
6237	1355
6238	1288
6239	1422
6240	1352
6241	1477
6242	1381
6243	1526
6244	1389
6245	1489
6246	1451
6247	1216
6248	1478
6249	1535
6250	1370
6251	1302
6252	1476
6253	1455
6254	1436
6255	1569
6256	1503
6257	1467
6258	1541
6259	1406
6260	1448
6261	1521
6262	1406
6263	1458
6264	1353
6265	1257
6266	1450
6267	1372
6268	1465
6269	1380
6270	1374
6271	1599
6272	1465
6273	1468
6274	1497
6275	1435
6276	1386
6277	1486
6278	1443
6279	1390
6280	1299
6281	1326
6282	1297
6283	1376
6284	1466
6285	1250
6286	1358
6287	1287
6288	1277
6289	1467
6290	1418
6291	1216
6292	1287
6293	1366
6294	1341
6295	1388
6296	1359
6297	1271
6298	1407
6299	1349
6300	1282
6301	1385
6302	1324
6303	1359
6304	1438
6305	1214
6306	1246
6307	1233
6308	1311
6309	1232
6310	1322
6311	1339
6312	1385
6313	1300
6314	1317
6315	1421
6316	1352
6317	1269
6318	1375
6319	1326
6320	1301
6321	1402
6322	1345
6323	1350
6324	1221
6325	1319
6326	1204
6327	1257
6328	1462
6329	1424
6330	1343
6331	1464
6332	1429
6333	1301
6334	1343
6335	1386
6336	1273
6337	1503
6338	1299
6339	1381
6340	1507
6341	1329
6342	1578
6343	1290
6344	1331
6345	1320
6346	1422
6347	1132
6348	1280
6349	1290
6350	1395
6351	1345
6352	1321
6353	1318
6354	1467
6355	1304
6356	1372
6357	1312
6358	1289
6359	1307
6360	1343
6361	1367
6362	1518
6363	1280
6364	1361
6365	1302
6366	1292
6367	1271
6368	1419
6369	1495
6370	1399
6371	1340
6372	1421
6373	1352
6374	1434
6375	1451
6376	1625
6377	1354
6378	1246
6379	1254
6380	1460
6381	1307
6382	1464
6383	1428
6384	1503
6385	1495
6386	1629
6387	1368
6388	1495
6389	1434
6390	1438
6391	1364
6392	1343
6393	1215
6394	1463
6395	1372
6396	1354
6397	1258
6398	1356
6399	1377
6400	1298
6401	1352
6402	1401
6403	1452
6404	1211
6405	1336
6406	1465
6407	1400
6408	1509
6409	1477
6410	1541
6411	1334
6412	1326
6413	1417
6414	1457
6415	1468
6416	1366
6417	1461
6418	1425
6419	1430
6420	1355
6421	1408
6422	1341
6423	1415
6424	1367
6425	1441
6426	1507
6427	1306
6428	1541
6429	1421
6430	1478
6431	1504
6432	1341
6433	1407
6434	1401
6435	1477
6436	1362
6437	1470
6438	1418
6439	1425
6440	1476
6441	1451
6442	1373
6443	1375
6444	1355
6445	1376
6446	1331
6447	1361
6448	1259
6449	1197
6450	1471
6451	1494
6452	1379
6453	1358
6454	1395
6455	1231
6456	1318
6457	1358
6458	1287
6459	1194
6460	1212
6461	1244
6462	1165
6463	1348
6464	1348
6465	1486
6466	1197
6467	1291
6468	1398
6469	1409
6470	1302
6471	1410
6472	1185
6473	1511
6474	1305
6475	1334
6476	1166
6477	1311
6478	1221
6479	1291
6480	1493
6481	1244
6482	1406
6483	1430
6484	1398
6485	1344
6486	1557
6487	1331
6488	1363
6489	1511
6490	1386
6491	1399
6492	1417
6493	1469
6494	1475
6495	1296
6496	1312
6497	1294
6498	1383
6499	1370
6500	1443
6501	1409
6502	1413
6503	1319
6504	1461
6505	1316
6506	1423
6507	1303
6508	1475
6509	1501
6510	1517
6511	1372
6512	1524
6513	1341
6514	1346
6515	1563
6516	1451
6517	1448
6518	1587
6519	1360
6520	1420
6521	1476
6522	1466
6523	1428
6524	1450
6525	1339
6526	1520
6527	1503
6528	1353
6529	1566
6530	1255
6531	1261
6532	1451
6533	1247
6534	1367
6535	1432
6536	1326
6537	1299
6538	1325
6539	1404
6540	1512
6541	1436
6542	1571
6543	1457
6544	1430
6545	1265
6546	1283
6547	1449
6548	1505
6549	1612
6550	1370
6551	1363
6552	1350
6553	1261
6554	1259
6555	1321
6556	1476
6557	1322
6558	1320
6559	1340
6560	1498
6561	1545
6562	1272
6563	1507
6564	1385
6565	1304
6566	1346
6567	1384
6568	1476
6569	1274
6570	1346
6571	1518
6572	1277
6573	1431
6574	1304
6575	1335
6576	1377
6577	1473
6578	1319
6579	1301
6580	1176
6581	1213
6582	1325
6583	1368
6584	1329
6585	1308
6586	1394
6587	1454
6588	1369
6589	1353
6590	1228
6591	1218
6592	1285
6593	1292
6594	1354
6595	1426
6596	1257
6597	1331
6598	1319
6599	1272
6600	1266
6601	1483
6602	1274
6603	1226
6604	1315
6605	1265
6606	1322
6607	1405
6608	1282
6609	1280
6610	1393
6611	1146
6612	1334
6613	1450
6614	1371
6615	1248
6616	1221
6617	1370
6618	1261
6619	1205
6620	1209
6621	1252
6622	1100
6623	1264
6624	1221
6625	1252
6626	1174
6627	1247
6628	1235
6629	1351
6630	1323
6631	1193
6632	1257
6633	1139
6634	1173
6635	1220
6636	1121
6637	1311
6638	1182
6639	1113
6640	1222
6641	1193
6642	1181
6643	1193
6644	1170
6645	1148
6646	1136
6647	1133
6648	1145
6649	1185
6650	1184
6651	1111
6652	1104
6653	1176
6654	1058
6655	1078
6656	1291
6657	1305
6658	1239
6659	1147
6660	1191
6661	1332
6662	1219
6663	1173
6664	996
6665	1135
6666	1104
6667	1164
6668	1152
6669	1251
6670	1100
6671	1142
6672	1013
6673	1160
6674	1133
6675	1285
6676	1325
6677	1230
6678	1116
6679	1099
6680	1170
6681	1344
6682	1136
6683	1318
6684	1273
6685	1202
6686	1201
6687	1188
6688	1139
6689	1219
6690	1235
6691	1268
6692	1101
6693	1126
6694	1385
6695	1318
6696	1113
6697	1199
6698	1197
6699	1206
6700	1178
6701	1246
6702	1056
6703	1266
6704	1170
6705	1184
6706	1241
6707	1299
6708	1189
6709	1099
6710	1006
6711	1317
6712	1243
6713	1080
6714	1195
6715	1301
6716	1235
6717	1161
6718	1046
6719	1136
6720	1035
6721	1257
6722	1245
6723	1245
6724	1247
6725	1256
6726	1214
6727	1154
6728	1153
6729	1106
6730	1314
6731	1293
6732	1241
6733	1144
6734	1210
6735	1182
6736	1130
6737	1157
6738	1189
6739	1196
6740	1323
6741	1111
6742	1184
6743	1256
6744	1340
6745	1222
6746	1139
6747	1239
6748	1276
6749	1237
6750	1096
6751	1048
6752	1245
6753	1155
6754	1107
6755	1203
6756	1367
6757	1233
6758	1335
6759	1319
6760	1255
6761	1041
6762	1230
6763	1163
6764	1188
6765	1238
6766	1348
6767	1348
6768	1186
6769	1151
6770	1181
6771	1226
6772	1176
6773	1192
6774	1193
6775	1141
6776	1326
6777	1154
6778	1241
6779	1152
6780	1120
6781	1252
6782	1270
6783	1282
6784	1284
6785	1342
6786	1287
6787	1236
6788	1212
6789	1204
6790	1204
6791	1238
6792	1316
6793	1272
6794	1241
6795	1207
6796	1087
6797	1243
6798	1124
6799	1179
6800	1084
6801	1309
6802	998
6803	1143
6804	1149
6805	1211
6806	1060
6807	1236
6808	1289
6809	1307
6810	1138
6811	1382
6812	1299
6813	1326
6814	1227
6815	1365
6816	1264
6817	1277
6818	1473
6819	1125
6820	1131
6821	1168
6822	1170
6823	1280
6824	1352
6825	1187
6826	1401
6827	1242
6828	1348
6829	1370
6830	1455
6831	1283
6832	1277
6833	1234
6834	1448
6835	1309
6836	1223
6837	1309
6838	1331
6839	1375
6840	1501
6841	1326
6842	1189
6843	1280
6844	1187
6845	1307
6846	1212
6847	1455
6848	1292
6849	1166
6850	1235
6851	1335
6852	1227
6853	1281
6854	1362
6855	1123
6856	1362
6857	1218
6858	1343
6859	1208
6860	1482
6861	1323
6862	1300
6863	1196
6864	1149
6865	1182
6866	1164
6867	1370
6868	1251
6869	1344
6870	1347
6871	1100
6872	1180
6873	1170
6874	1230
6875	1266
6876	1264
6877	1272
6878	1332
6879	1303
6880	1271
6881	1309
6882	1252
6883	1279
6884	1350
6885	1267
6886	1456
6887	1371
6888	1402
6889	1369
6890	1305
6891	1265
6892	1279
6893	1327
6894	1210
6895	1329
6896	1342
6897	1343
6898	1277
6899	1354
6900	1387
6901	1433
6902	1435
6903	1389
6904	1326
6905	1240
6906	1372
6907	1286
6908	1469
6909	1274
6910	1342
6911	1218
6912	1317
6913	1301
6914	1211
6915	1265
6916	1341
6917	1400
6918	1342
6919	1419
6920	1254
6921	1328
6922	1329
6923	1296
6924	1431
6925	1330
6926	1369
6927	1414
6928	1310
6929	1332
6930	1515
6931	1311
6932	1257
6933	1376
6934	1303
6935	1363
6936	1189
6937	1239
6938	1302
6939	1224
6940	1267
6941	1332
6942	1240
6943	1510
6944	1294
6945	1258
6946	1321
6947	1252
6948	1349
6949	1281
6950	1245
6951	1300
6952	1179
6953	1439
6954	1226
6955	1256
6956	1211
6957	1265
6958	1205
6959	1367
6960	1365
6961	1253
6962	1134
6963	1325
6964	1221
6965	1243
6966	1307
6967	1146
6968	1357
6969	1088
6970	1215
6971	1117
6972	1237
6973	1205
6974	1180
6975	1033
6976	1216
6977	1348
6978	1133
6979	1162
6980	1281
6981	1145
6982	1242
6983	1277
6984	1277
6985	1134
6986	1154
6987	1241
6988	1228
6989	1127
6990	1165
6991	1222
6992	1137
6993	1160
6994	1195
6995	1087
6996	1063
6997	1158
6998	1174
6999	1292
7000	1304
7001	1205
7002	1192
7003	1128
7004	1251
7005	1120
7006	1175
7007	1164
7008	1268
7009	1061
7010	1188
7011	1191
7012	969
7013	1023
7014	1074
7015	1174
7016	1200
7017	1228
7018	1143
7019	1110
7020	1117
7021	1101
7022	941
7023	1012
7024	1133
7025	1220
7026	1084
7027	1205
7028	1181
7029	1207
7030	1155
7031	1156
7032	1055
7033	952
7034	1153
7035	1113
7036	1139
7037	1118
7038	1069
7039	1110
7040	1167
7041	1208
7042	1204
7043	1073
7044	1021
7045	1101
7046	1088
7047	1326
7048	1407
7049	1211
7050	1148
7051	1162
7052	1136
7053	1129
7054	1030
7055	1173
7056	1134
7057	1173
7058	1210
7059	1152
7060	1149
7061	1280
7062	1160
7063	1165
7064	1383
7065	1037
7066	1182
7067	1061
7068	1110
7069	1167
7070	1139
7071	1302
7072	1108
7073	1114
7074	1231
7075	1016
7076	1164
7077	1202
7078	1282
7079	1196
7080	1185
7081	1350
7082	1104
7083	1150
7084	1091
7085	1069
7086	1083
7087	1146
7088	969
7089	1048
7090	1005
7091	1130
7092	1096
7093	952
7094	1037
7095	1153
7096	1241
7097	1268
7098	1284
7099	1065
7100	1027
7101	1133
7102	1102
7103	1129
7104	1246
7105	1108
7106	1099
7107	1106
7108	1166
7109	1105
7110	1024
7111	1000
7112	984
7113	980
7114	1050
7115	1072
7116	1128
7117	1057
7118	1100
7119	1222
7120	1035
7121	1086
7122	1021
7123	1073
7124	1024
7125	1056
7126	1105
7127	1067
7128	1241
7129	1082
7130	1243
7131	1163
7132	1140
7133	1112
7134	1108
7135	1027
7136	1089
7137	1169
7138	1128
7139	1162
7140	1170
7141	1168
7142	1090
7143	1226
7144	1203
7145	1247
7146	1136
7147	1119
7148	1214
7149	1248
7150	1226
7151	1159
7152	1203
7153	1197
7154	1077
7155	1337
7156	1228
7157	1232
7158	1157
7159	1075
7160	1193
7161	1219
7162	1172
7163	1120
7164	1119
7165	1132
7166	1173
7167	1211
7168	1172
7169	1214
7170	1163
7171	1194
7172	1181
7173	1054
7174	1154
7175	1038
7176	1155
7177	1136
7178	1175
7179	1206
7180	1190
7181	1252
7182	1166
7183	1174
7184	1242
7185	1087
7186	1204
7187	1400
7188	1202
7189	1213
7190	1248
7191	1168
7192	1310
7193	1175
7194	1183
7195	1216
7196	1166
7197	1358
7198	1193
7199	1117
7200	1162
7201	1173
7202	1174
7203	1120
7204	1144
7205	1066
7206	1236
7207	1303
7208	1171
7209	1276
7210	1341
7211	1191
7212	1381
7213	1267
7214	1261
7215	1322
7216	1306
7217	1264
7218	1324
7219	1213
7220	1314
7221	1235
7222	1232
7223	1257
7224	1397
7225	1296
7226	1272
7227	1209
7228	1471
7229	1159
7230	1216
7231	1111
7232	1227
7233	1110
7234	1249
7235	1222
7236	1184
7237	1276
7238	1342
7239	1347
7240	1323
7241	1149
7242	1241
7243	1255
7244	1258
7245	1324
7246	1278
7247	1410
7248	1213
7249	1171
7250	1240
7251	1160
7252	1161
7253	1259
7254	1151
7255	1215
7256	1293
7257	1097
7258	1181
7259	1238
7260	1132
7261	1238
7262	1209
7263	1192
7264	1094
7265	1270
7266	1140
7267	1172
7268	1214
7269	1220
7270	1085
7271	1159
7272	1125
7273	1095
7274	1110
7275	1125
7276	1214
7277	1173
7278	1191
7279	1186
7280	1241
7281	1166
7282	1265
7283	1013
7284	1095
7285	1047
7286	1194
7287	1219
7288	1327
7289	1156
7290	1152
7291	1136
7292	1129
7293	1107
7294	1196
7295	1135
7296	1095
7297	1149
7298	1093
7299	1007
7300	1163
7301	1102
7302	1081
7303	1080
7304	1151
7305	1045
7306	981
7307	1188
7308	1137
7309	1065
7310	1131
7311	1047
7312	1054
7313	1111
7314	1124
7315	1160
7316	1125
7317	1020
7318	1042
7319	964
7320	1159
7321	1113
7322	1118
7323	987
7324	1039
7325	1041
7326	987
7327	1136
7328	1183
7329	1163
7330	1070
7331	1119
7332	1122
7333	1134
7334	1004
7335	1185
7336	1031
7337	1033
7338	1090
7339	1139
7340	1106
7341	1177
7342	1148
7343	1096
7344	1077
7345	1100
7346	1014
7347	953
7348	1044
7349	1105
7350	1101
7351	1089
7352	992
7353	1065
7354	1004
7355	1090
7356	1124
7357	1027
7358	993
7359	1080
7360	1231
7361	1107
7362	1038
7363	1083
7364	1049
7365	1077
7366	981
7367	1078
7368	1011
7369	1042
7370	1035
7371	932
7372	1072
7373	1078
7374	1195
7375	1150
7376	1056
7377	1062
7378	977
7379	1104
7380	1054
7381	1137
7382	1146
7383	1012
7384	1015
7385	1018
7386	1000
7387	983
7388	885
7389	1055
7390	1045
7391	1065
7392	980
7393	988
7394	926
7395	1056
7396	1080
7397	1123
7398	1032
7399	858
7400	953
7401	895
7402	1084
7403	989
7404	1062
7405	1026
7406	969
7407	966
7408	938
7409	1048
7410	1041
7411	1062
7412	973
7413	1003
7414	1056
7415	1046
7416	1003
7417	1007
7418	1030
7419	961
7420	903
7421	837
7422	873
7423	1043
7424	1010
7425	1015
7426	995
7427	1059
7428	861
7429	924
7430	958
7431	921
7432	910
7433	1037
7434	1071
7435	876
7436	954
7437	993
7438	920
7439	1131
7440	955
7441	971
7442	1086
7443	980
7444	1046
7445	1029
7446	1188
7447	1110
7448	1001
7449	975
7450	1070
7451	1011
7452	971
7453	1044
7454	1059
7455	964
7456	1038
7457	1190
7458	1148
7459	1087
7460	1078
7461	938
7462	1178
7463	1259
7464	1095
7465	1038
7466	1131
7467	1108
7468	895
7469	996
7470	1063
7471	983
7472	1004
7473	1026
7474	992
7475	884
7476	1050
7477	1029
7478	966
7479	859
7480	1043
7481	1068
7482	1063
7483	1084
7484	1173
7485	995
7486	1023
7487	1079
7488	967
7489	1060
7490	1101
7491	1010
7492	1020
7493	1054
7494	972
7495	984
7496	830
7497	1027
7498	940
7499	1038
7500	978
7501	1174
7502	1018
7503	974
7504	904
7505	1008
7506	988
7507	999
7508	1007
7509	930
7510	1006
7511	1008
7512	1053
7513	943
7514	969
7515	982
7516	1042
7517	1008
7518	1019
7519	821
7520	1093
7521	964
7522	953
7523	903
7524	1124
7525	1078
7526	1082
7527	976
7528	1136
7529	1007
7530	1069
7531	942
7532	905
7533	1050
7534	994
7535	1143
7536	954
7537	1024
7538	1027
7539	1030
7540	1116
7541	978
7542	950
7543	976
7544	1030
7545	1020
7546	1032
7547	925
7548	1012
7549	984
7550	968
7551	966
7552	1056
7553	1046
7554	931
7555	986
7556	925
7557	1041
7558	971
7559	1007
7560	940
7561	948
7562	888
7563	981
7564	931
7565	936
7566	1008
7567	1087
7568	905
7569	974
7570	949
7571	946
7572	804
7573	1042
7574	917
7575	1014
7576	960
7577	936
7578	970
7579	962
7580	881
7581	972
7582	957
7583	936
7584	843
7585	894
7586	912
7587	1017
7588	911
7589	966
7590	947
7591	1017
7592	852
7593	892
7594	893
7595	857
7596	857
7597	904
7598	930
7599	944
7600	904
7601	895
7602	889
7603	946
7604	918
7605	1011
7606	750
7607	898
7608	808
7609	922
7610	892
7611	922
7612	889
7613	883
7614	860
7615	773
7616	854
7617	935
7618	781
7619	864
7620	902
7621	866
7622	856
7623	946
7624	954
7625	891
7626	900
7627	1057
7628	960
7629	931
7630	1014
7631	882
7632	879
7633	906
7634	1005
7635	978
7636	980
7637	930
7638	897
7639	1007
7640	1019
7641	1031
7642	816
7643	960
7644	909
7645	892
7646	972
7647	994
7648	989
7649	986
7650	927
7651	919
7652	1015
7653	926
7654	848
7655	932
7656	1102
7657	1059
7658	918
7659	1011
7660	895
7661	845
7662	893
7663	923
7664	889
7665	960
7666	897
7667	951
7668	952
7669	941
7670	915
7671	838
7672	943
7673	939
7674	938
7675	916
7676	974
7677	809
7678	954
7679	978
7680	997
7681	998
7682	973
7683	1109
7684	1032
7685	921
7686	1028
7687	975
7688	878
7689	905
7690	949
7691	1030
7692	910
7693	965
7694	841
7695	1071
7696	973
7697	1077
7698	986
7699	1263
7700	961
7701	978
7702	910
7703	876
7704	1062
7705	986
7706	884
7707	940
7708	850
7709	1014
7710	919
7711	831
7712	870
7713	870
7714	903
7715	965
7716	920
7717	1008
7718	1031
7719	1056
7720	1079
7721	1011
7722	1021
7723	906
7724	900
7725	938
7726	985
7727	953
7728	1023
7729	985
7730	1075
7731	1016
7732	968
7733	1046
7734	1052
7735	1067
7736	997
7737	1038
7738	901
7739	928
7740	983
7741	1051
7742	952
7743	1114
7744	1075
7745	1059
7746	984
7747	1043
7748	1006
7749	1073
7750	1118
7751	1039
7752	908
7753	956
7754	1065
7755	1193
7756	1087
7757	1116
7758	1175
7759	1077
7760	998
7761	1123
7762	1060
7763	1079
7764	977
7765	1026
7766	1064
7767	1019
7768	981
7769	1063
7770	1238
7771	1075
7772	1002
7773	1136
7774	1132
7775	977
7776	1038
7777	979
7778	1115
7779	1154
7780	1190
7781	1085
7782	1062
7783	1023
7784	1211
7785	1152
7786	1065
7787	1134
7788	1322
7789	1077
7790	1119
7791	1154
7792	1128
7793	1195
7794	1048
7795	1138
7796	1036
7797	1043
7798	1099
7799	1102
7800	1020
7801	1260
7802	1050
7803	1099
7804	1107
7805	1005
7806	994
7807	1041
7808	1034
7809	1009
7810	1128
7811	958
7812	1003
7813	1090
7814	1187
7815	989
7816	1068
7817	1165
7818	1045
7819	1042
7820	972
7821	1065
7822	1139
7823	1024
7824	1217
7825	1032
7826	1056
7827	1044
7828	1147
7829	1075
7830	1048
7831	1111
7832	1012
7833	1062
7834	967
7835	907
7836	1079
7837	974
7838	1075
7839	882
7840	916
7841	1053
7842	1069
7843	917
7844	1043
7845	1094
7846	1126
7847	1065
7848	1103
7849	1011
7850	1039
7851	1073
7852	1016
7853	1036
7854	1032
7855	940
7856	979
7857	1041
7858	952
7859	1091
7860	1033
7861	811
7862	990
7863	1056
7864	994
7865	1047
7866	1025
7867	933
7868	944
7869	1008
7870	1018
7871	1032
7872	899
7873	1097
7874	975
7875	1072
7876	1000
7877	1015
7878	1054
7879	917
7880	1027
7881	905
7882	968
7883	1135
7884	948
7885	1103
7886	1050
7887	983
7888	1058
7889	957
7890	915
7891	1074
7892	969
7893	1061
7894	927
7895	980
7896	1066
7897	987
7898	969
7899	1023
7900	1038
7901	1051
7902	1136
7903	942
7904	852
7905	956
7906	947
7907	1081
7908	1118
7909	1123
7910	1002
7911	1077
7912	985
7913	1008
7914	1060
7915	871
7916	1039
7917	1011
7918	1086
7919	1045
7920	1028
7921	1215
7922	1087
7923	1192
7924	1062
7925	1052
7926	958
7927	1116
7928	1017
7929	1012
7930	1126
7931	956
7932	1048
7933	1081
7934	1132
7935	1165
7936	1049
7937	919
7938	995
7939	1096
7940	1109
7941	924
7942	1085
7943	963
7944	1118
7945	1007
7946	1137
7947	1087
7948	1049
7949	912
7950	921
7951	966
7952	895
7953	1007
7954	954
7955	1067
7956	891
7957	1059
7958	1027
7959	896
7960	1024
7961	971
7962	1102
7963	986
7964	973
7965	978
7966	880
7967	930
7968	907
7969	961
7970	981
7971	1038
7972	909
7973	877
7974	989
7975	1034
7976	912
7977	865
7978	801
7979	933
7980	956
7981	867
7982	979
7983	955
7984	960
7985	946
7986	986
7987	890
7988	866
7989	887
7990	833
7991	990
7992	1022
7993	785
7994	876
7995	791
7996	916
7997	861
7998	992
7999	864
8000	768
8001	794
8002	685
8003	827
8004	792
8005	848
8006	845
8007	762
8008	847
8009	800
8010	836
8011	911
8012	845
8013	878
8014	815
8015	877
8016	959
8017	788
8018	923
8019	1011
8020	1064
8021	959
8022	933
8023	931
8024	860
8025	924
8026	866
8027	887
8028	936
8029	883
8030	965
8031	849
8032	984
8033	914
8034	1004
8035	993
8036	1005
8037	966
8038	877
8039	1112
8040	859
8041	952
8042	857
8043	1008
8044	987
8045	982
8046	965
8047	924
8048	1030
8049	1017
8050	1001
8051	1067
8052	929
8053	1074
8054	984
8055	1034
8056	1298
8057	999
8058	1066
8059	1047
8060	1027
8061	1085
8062	1038
8063	1043
8064	1370
8065	1094
8066	1188
8067	1062
8068	1144
8069	1255
8070	1247
8071	1291
8072	1135
8073	1070
8074	1140
8075	1289
8076	1418
8077	1101
8078	1194
8079	1057
8080	1148
8081	979
8082	1006
8083	1130
8084	1141
8085	1219
8086	1099
8087	1117
8088	1101
8089	1011
8090	1014
8091	981
8092	1121
8093	1074
8094	1053
8095	1141
8096	1161
8097	1241
8098	1124
8099	1172
8100	1082
8101	1050
8102	1245
8103	1163
8104	1049
8105	1084
8106	1112
8107	1093
8108	1127
8109	1208
8110	1264
8111	1143
8112	1349
8113	1006
8114	1268
8115	1244
8116	1197
8117	1018
8118	1054
8119	1129
8120	1059
8121	1032
8122	1107
8123	1069
8124	1082
8125	1124
8126	1155
8127	1058
8128	1057
8129	905
8130	1101
8131	1020
8132	974
8133	1096
8134	1029
8135	1090
8136	1052
8137	1191
8138	1036
8139	1064
8140	1070
8141	1008
8142	1013
8143	1192
8144	1060
8145	1035
8146	1024
8147	927
8148	960
8149	997
8150	1137
8151	996
8152	1016
8153	1026
8154	965
8155	975
8156	1199
8157	1116
8158	956
8159	1083
8160	966
8161	1004
8162	1040
8163	982
8164	978
8165	997
8166	1095
8167	984
8168	1079
8169	1039
8170	927
8171	945
8172	1085
8173	991
8174	1046
8175	975
8176	1005
8177	923
8178	959
8179	975
8180	1086
8181	1044
8182	912
8183	977
8184	970
8185	857
8186	877
8187	897
8188	911
8189	1001
8190	1005
8191	1047
8192	970
8193	934
8194	982
8195	956
8196	940
8197	842
8198	1009
8199	839
8200	850
8201	889
8202	981
8203	1000
8204	1022
8205	1007
8206	990
8207	916
8208	914
8209	873
8210	933
8211	888
8212	906
8213	900
8214	885
8215	1056
8216	909
8217	867
8218	961
8219	977
8220	928
8221	947
8222	1059
8223	1086
8224	1045
8225	917
8226	890
8227	971
8228	880
8229	891
8230	844
8231	922
8232	922
8233	846
8234	854
8235	795
8236	788
8237	939
8238	948
8239	926
8240	877
8241	852
8242	876
8243	987
8244	940
8245	778
8246	895
8247	968
8248	835
8249	870
8250	880
8251	949
8252	869
8253	772
8254	816
8255	742
8256	766
8257	876
8258	831
8259	763
8260	771
8261	757
8262	915
8263	851
8264	777
8265	735
8266	819
8267	803
8268	835
8269	870
8270	841
8271	846
8272	762
8273	895
8274	781
8275	698
8276	733
8277	826
8278	836
8279	726
8280	721
8281	749
8282	965
8283	830
8284	721
8285	779
8286	787
8287	844
8288	653
8289	887
8290	824
8291	775
8292	867
8293	802
8294	774
8295	832
8296	836
8297	774
8298	746
8299	706
8300	748
8301	924
8302	764
8303	816
8304	716
8305	833
8306	802
8307	755
8308	795
8309	823
8310	894
8311	795
8312	783
8313	806
8314	794
8315	887
8316	898
8317	840
8318	738
8319	845
8320	802
8321	700
8322	709
8323	779
8324	828
8325	790
8326	761
8327	713
8328	785
8329	799
8330	835
8331	760
8332	758
8333	909
8334	815
8335	791
8336	783
8337	802
8338	722
8339	733
8340	683
8341	769
8342	869
8343	956
8344	870
8345	804
8346	804
8347	793
8348	838
8349	863
8350	842
8351	817
8352	761
8353	836
8354	813
8355	872
8356	816
8357	871
8358	852
8359	924
8360	910
8361	831
8362	971
8363	851
8364	847
8365	868
8366	802
8367	900
8368	878
8369	775
8370	890
8371	847
8372	781
8373	768
8374	915
8375	856
8376	932
8377	885
8378	893
8379	839
8380	873
8381	930
8382	851
8383	798
8384	913
8385	751
8386	772
8387	812
8388	735
8389	812
8390	894
8391	807
8392	753
8393	861
8394	835
8395	793
8396	811
8397	806
8398	903
8399	758
8400	820
8401	895
8402	777
8403	825
8404	829
8405	816
8406	777
8407	815
8408	781
8409	913
8410	824
8411	827
8412	884
8413	801
8414	785
8415	866
8416	753
8417	792
8418	936
8419	937
8420	929
8421	815
8422	936
8423	843
8424	778
8425	798
8426	972
8427	817
8428	788
8429	859
8430	826
8431	858
8432	836
8433	944
8434	898
8435	852
8436	877
8437	919
8438	786
8439	745
8440	846
8441	879
8442	715
8443	850
8444	708
8445	689
8446	886
8447	799
8448	739
8449	730
8450	748
8451	832
8452	840
8453	892
8454	797
8455	829
8456	807
8457	819
8458	743
8459	755
8460	883
8461	755
8462	844
8463	769
8464	680
8465	797
8466	776
8467	757
8468	818
8469	896
8470	824
8471	849
8472	750
8473	837
8474	810
8475	932
8476	822
8477	715
8478	800
8479	708
8480	721
8481	790
8482	744
8483	881
8484	730
8485	762
8486	908
8487	843
8488	810
8489	792
8490	755
8491	768
8492	724
8493	750
8494	749
8495	767
8496	811
8497	693
8498	767
8499	725
8500	868
8501	948
8502	844
8503	784
8504	875
8505	798
8506	770
8507	593
8508	827
8509	803
8510	833
8511	853
8512	825
8513	711
8514	841
8515	735
8516	779
8517	811
8518	750
8519	820
8520	781
8521	718
8522	673
8523	790
8524	759
8525	805
8526	782
8527	862
8528	883
8529	864
8530	858
8531	896
8532	839
8533	910
8534	913
8535	819
8536	912
8537	769
8538	812
8539	821
8540	781
8541	886
8542	748
8543	816
8544	850
8545	808
8546	850
8547	822
8548	783
8549	878
8550	798
8551	873
8552	807
8553	916
8554	853
8555	886
8556	938
8557	916
8558	853
8559	867
8560	880
8561	808
8562	776
8563	848
8564	918
8565	931
8566	924
8567	789
8568	874
8569	854
8570	958
8571	921
8572	1142
8573	870
8574	872
8575	967
8576	801
8577	860
8578	855
8579	873
8580	866
8581	852
8582	846
8583	884
8584	915
8585	872
8586	826
8587	879
8588	685
8589	839
8590	727
8591	796
8592	838
8593	865
8594	858
8595	762
8596	899
8597	835
8598	739
8599	741
8600	781
8601	813
8602	789
8603	909
8604	891
8605	831
8606	840
8607	729
8608	842
8609	879
8610	963
8611	915
8612	848
8613	896
8614	881
8615	782
8616	884
8617	726
8618	886
8619	723
8620	804
8621	742
8622	693
8623	924
8624	736
8625	832
8626	684
8627	884
8628	889
8629	745
8630	857
8631	754
8632	824
8633	883
8634	732
8635	808
8636	855
8637	919
8638	807
8639	833
8640	727
8641	782
8642	858
8643	717
8644	705
8645	803
8646	785
8647	807
8648	793
8649	728
8650	804
8651	786
8652	753
8653	791
8654	757
8655	747
8656	743
8657	742
8658	719
8659	708
8660	907
8661	735
8662	806
8663	729
8664	744
8665	831
8666	797
8667	863
8668	748
8669	766
8670	739
8671	645
8672	907
8673	832
8674	832
8675	873
8676	681
8677	740
8678	768
8679	770
8680	818
8681	848
8682	815
8683	780
8684	671
8685	699
8686	862
8687	732
8688	772
8689	801
8690	734
8691	721
8692	757
8693	784
8694	756
8695	693
8696	687
8697	760
8698	755
8699	737
8700	722
8701	669
8702	780
8703	813
8704	677
8705	810
8706	852
8707	749
8708	776
8709	731
8710	847
8711	788
8712	792
8713	812
8714	789
8715	627
8716	658
8717	719
8718	710
8719	729
8720	733
8721	912
8722	856
8723	867
8724	792
8725	766
8726	748
8727	718
8728	809
8729	711
8730	745
8731	698
8732	814
8733	872
8734	754
8735	762
8736	788
8737	768
8738	781
8739	754
8740	801
8741	764
8742	771
8743	705
8744	829
8745	844
8746	800
8747	728
8748	740
8749	715
8750	719
8751	679
8752	828
8753	792
8754	779
8755	646
8756	799
8757	853
8758	691
8759	782
8760	771
8761	786
8762	816
8763	870
8764	719
8765	757
8766	715
8767	777
8768	728
8769	788
8770	792
8771	764
8772	871
8773	767
8774	721
8775	759
8776	742
8777	846
8778	838
8779	859
8780	844
8781	728
8782	812
8783	718
8784	749
8785	821
8786	765
8787	773
8788	759
8789	645
8790	698
8791	750
8792	785
8793	782
8794	663
8795	754
8796	783
8797	679
8798	826
8799	851
8800	794
8801	719
8802	708
8803	705
8804	776
8805	827
8806	784
8807	621
8808	742
8809	768
8810	798
8811	794
8812	758
8813	746
8814	732
8815	823
8816	853
8817	761
8818	763
8819	775
8820	793
8821	698
8822	711
8823	599
8824	732
8825	650
8826	775
8827	747
8828	779
8829	693
8830	804
8831	710
8832	738
8833	851
8834	738
8835	770
8836	830
8837	851
8838	791
8839	845
8840	713
8841	779
8842	703
8843	705
8844	708
8845	718
8846	707
8847	699
8848	755
8849	726
8850	830
8851	712
8852	783
8853	762
8854	803
8855	699
8856	743
8857	657
8858	722
8859	772
8860	731
8861	621
8862	713
8863	787
8864	761
8865	742
8866	688
8867	803
8868	756
8869	673
8870	807
8871	715
8872	634
8873	750
8874	771
8875	651
8876	674
8877	750
8878	720
8879	749
8880	701
8881	722
8882	783
8883	672
8884	791
8885	776
8886	727
8887	770
8888	741
8889	633
8890	686
8891	754
8892	666
8893	565
8894	659
8895	612
8896	675
8897	584
8898	671
8899	632
8900	803
8901	689
8902	716
8903	678
8904	579
8905	704
8906	536
8907	573
8908	800
8909	608
8910	654
8911	598
8912	707
8913	685
8914	632
8915	658
8916	711
8917	678
8918	689
8919	652
8920	696
8921	624
8922	615
8923	673
8924	703
8925	587
8926	745
8927	652
8928	596
8929	609
8930	667
8931	638
8932	635
8933	638
8934	700
8935	588
8936	659
8937	670
8938	585
8939	691
8940	688
8941	584
8942	653
8943	669
8944	697
8945	796
8946	687
8947	669
8948	602
8949	649
8950	660
8951	624
8952	585
8953	625
8954	690
8955	650
8956	625
8957	599
8958	628
8959	599
8960	614
8961	615
8962	701
8963	661
8964	600
8965	704
8966	698
8967	593
8968	686
8969	714
8970	653
8971	702
8972	719
8973	699
8974	610
8975	722
8976	652
8977	724
8978	677
8979	593
8980	761
8981	660
8982	566
8983	606
8984	641
8985	735
8986	608
8987	643
8988	657
8989	608
8990	637
8991	712
8992	615
8993	651
8994	732
8995	633
8996	701
8997	707
8998	593
8999	632
9000	708
9001	612
9002	646
9003	602
9004	723
9005	646
9006	675
9007	742
9008	602
9009	697
9010	658
9011	581
9012	723
9013	570
9014	636
9015	634
9016	604
9017	695
9018	629
9019	577
9020	634
9021	688
9022	691
9023	641
9024	569
9025	545
9026	590
9027	657
9028	548
9029	574
9030	666
9031	606
9032	674
9033	583
9034	567
9035	583
9036	706
9037	589
9038	629
9039	559
9040	554
9041	573
9042	589
9043	670
9044	617
9045	612
9046	688
9047	606
9048	601
9049	627
9050	654
9051	703
9052	560
9053	571
9054	701
9055	746
9056	667
9057	648
9058	681
9059	680
9060	673
9061	626
9062	624
9063	685
9064	638
9065	640
9066	545
9067	597
9068	609
9069	673
9070	629
9071	578
9072	699
9073	634
9074	592
9075	652
9076	576
9077	628
9078	678
9079	729
9080	737
9081	837
9082	821
9083	672
9084	677
9085	753
9086	719
9087	664
9088	667
9089	743
9090	649
9091	642
9092	668
9093	675
9094	680
9095	760
9096	707
9097	772
9098	675
9099	750
9100	651
9101	624
9102	575
9103	668
9104	657
9105	659
9106	698
9107	706
9108	672
9109	646
9110	648
9111	764
9112	718
9113	702
9114	719
9115	799
9116	767
9117	650
9118	725
9119	752
9120	615
9121	804
9122	634
9123	579
9124	697
9125	748
9126	623
9127	701
9128	743
9129	642
9130	770
9131	664
9132	668
9133	687
9134	677
9135	749
9136	779
9137	647
9138	721
9139	645
9140	727
9141	640
9142	724
9143	661
9144	650
9145	673
9146	616
9147	627
9148	594
9149	724
9150	690
9151	686
9152	700
9153	595
9154	664
9155	638
9156	677
9157	730
9158	628
9159	696
9160	730
9161	678
9162	670
9163	669
9164	713
9165	713
9166	690
9167	671
9168	754
9169	673
9170	625
9171	660
9172	677
9173	632
9174	708
9175	618
9176	610
9177	705
9178	552
9179	608
9180	648
9181	740
9182	608
9183	554
9184	583
9185	691
9186	623
9187	645
9188	670
9189	758
9190	647
9191	696
9192	655
9193	682
9194	744
9195	807
9196	617
9197	657
9198	711
9199	662
9200	688
9201	638
9202	665
9203	785
9204	729
9205	663
9206	679
9207	785
9208	721
9209	668
9210	649
9211	691
9212	673
9213	757
9214	648
9215	739
9216	752
9217	760
9218	693
9219	620
9220	732
9221	665
9222	599
9223	718
9224	665
9225	873
9226	812
9227	605
9228	690
9229	773
9230	616
9231	725
9232	713
9233	728
9234	790
9235	708
9236	666
9237	566
9238	762
9239	615
9240	673
9241	668
9242	779
9243	747
9244	706
9245	718
9246	729
9247	760
9248	724
9249	708
9250	852
9251	662
9252	717
9253	673
9254	794
9255	643
9256	707
9257	838
9258	800
9259	797
9260	741
9261	754
9262	664
9263	750
9264	728
9265	640
9266	691
9267	681
9268	846
9269	810
9270	770
9271	627
9272	659
9273	813
9274	879
9275	766
9276	732
9277	698
9278	752
9279	697
9280	772
9281	804
9282	806
9283	644
9284	804
9285	627
9286	791
9287	663
9288	842
9289	706
9290	784
9291	836
9292	688
9293	747
9294	748
9295	744
9296	753
9297	658
9298	724
9299	732
9300	718
9301	604
9302	713
9303	670
9304	726
9305	683
9306	754
9307	640
9308	535
9309	684
9310	672
9311	726
9312	627
9313	727
9314	713
9315	726
9316	772
9317	735
9318	723
9319	765
9320	667
9321	725
9322	715
9323	732
9324	689
9325	687
9326	721
9327	757
9328	762
9329	797
9330	691
9331	702
9332	779
9333	708
9334	741
9335	716
9336	604
9337	686
9338	501
9339	680
9340	566
9341	631
9342	620
9343	575
9344	641
9345	658
9346	577
9347	627
9348	710
9349	600
9350	585
9351	617
9352	704
9353	692
9354	706
9355	633
9356	689
9357	663
9358	610
9359	606
9360	578
9361	610
9362	668
9363	560
9364	573
9365	580
9366	619
9367	632
9368	607
9369	538
9370	550
9371	589
9372	603
9373	592
9374	499
9375	599
9376	681
9377	650
9378	530
9379	635
9380	664
9381	608
9382	559
9383	687
9384	634
9385	664
9386	712
9387	577
9388	577
9389	558
9390	555
9391	561
9392	603
9393	593
9394	597
9395	672
9396	647
9397	564
9398	595
9399	620
9400	608
9401	629
9402	611
9403	621
9404	547
9405	529
9406	600
9407	576
9408	511
9409	613
9410	571
9411	674
9412	657
9413	616
9414	590
9415	596
9416	605
9417	590
9418	658
9419	528
9420	591
9421	571
9422	588
9423	633
9424	613
9425	549
9426	613
9427	563
9428	567
9429	620
9430	581
9431	598
9432	532
9433	481
9434	519
9435	553
9436	434
9437	632
9438	518
9439	637
9440	566
9441	573
9442	678
9443	567
9444	601
9445	516
9446	509
9447	544
9448	543
9449	504
9450	588
9451	599
9452	542
9453	642
9454	583
9455	584
9456	483
9457	518
9458	624
9459	611
9460	643
9461	651
9462	626
9463	638
9464	610
9465	621
9466	571
9467	652
9468	644
9469	663
9470	689
9471	665
9472	598
9473	603
9474	591
9475	714
9476	593
9477	582
9478	686
9479	599
9480	614
9481	531
9482	602
9483	603
9484	593
9485	552
9486	575
9487	695
9488	537
9489	549
9490	670
9491	647
9492	674
9493	595
9494	623
9495	612
9496	608
9497	573
9498	555
9499	496
9500	640
9501	564
9502	568
9503	638
9504	537
9505	539
9506	614
9507	574
9508	676
9509	640
9510	638
9511	613
9512	606
9513	580
9514	583
9515	593
9516	670
9517	698
9518	531
9519	679
9520	513
9521	578
9522	568
9523	565
9524	534
9525	646
9526	627
9527	577
9528	657
9529	646
9530	691
9531	711
9532	566
9533	698
9534	683
9535	584
9536	508
9537	664
9538	674
9539	606
9540	626
9541	645
9542	533
9543	536
9544	571
9545	561
9546	631
9547	638
9548	594
9549	536
9550	637
9551	633
9552	594
9553	601
9554	666
9555	715
9556	583
9557	710
9558	640
9559	648
9560	631
9561	658
9562	583
9563	615
9564	597
9565	772
9566	510
9567	609
9568	675
9569	492
9570	582
9571	656
9572	677
9573	569
9574	723
9575	556
9576	642
9577	603
9578	585
9579	615
9580	631
9581	605
9582	608
9583	567
9584	677
9585	509
9586	771
9587	614
9588	696
9589	602
9590	738
9591	696
9592	658
9593	619
9594	665
9595	674
9596	663
9597	687
9598	555
9599	769
9600	681
9601	696
9602	651
9603	596
9604	686
9605	649
9606	584
9607	554
9608	669
9609	673
9610	598
9611	741
9612	767
9613	731
9614	723
9615	688
9616	732
9617	602
9618	753
9619	640
9620	612
9621	676
9622	633
9623	663
9624	719
9625	693
9626	721
9627	691
9628	717
9629	656
9630	689
9631	666
9632	624
9633	650
9634	631
9635	740
9636	705
9637	658
9638	662
9639	740
9640	706
9641	929
9642	654
9643	698
9644	667
9645	606
9646	698
9647	615
9648	746
9649	673
9650	624
9651	651
9652	683
9653	606
9654	737
9655	601
9656	725
9657	759
9658	726
9659	639
9660	733
9661	623
9662	753
9663	793
9664	690
9665	810
9666	603
9667	777
9668	787
9669	683
9670	652
9671	675
9672	778
9673	679
9674	657
9675	679
9676	743
9677	700
9678	823
9679	707
9680	707
9681	578
9682	692
9683	633
9684	671
9685	532
9686	547
9687	697
9688	650
9689	691
9690	655
9691	707
9692	634
9693	749
9694	762
9695	646
9696	561
9697	702
9698	523
9699	712
9700	636
9701	744
9702	560
9703	680
9704	591
9705	684
9706	707
9707	592
9708	682
9709	643
9710	623
9711	588
9712	631
9713	632
9714	619
9715	628
9716	571
9717	663
9718	559
9719	637
9720	609
9721	710
9722	575
9723	610
9724	640
9725	730
9726	598
9727	554
9728	603
9729	581
9730	556
9731	613
9732	547
9733	622
9734	475
9735	668
9736	614
9737	546
9738	588
9739	601
9740	538
9741	618
9742	651
9743	577
9744	604
9745	555
9746	639
9747	583
9748	634
9749	587
9750	595
9751	682
9752	616
9753	546
9754	445
9755	621
9756	619
9757	479
9758	588
9759	546
9760	481
9761	519
9762	504
9763	628
9764	520
9765	698
9766	464
9767	479
9768	499
9769	625
9770	629
9771	690
9772	654
9773	622
9774	607
9775	601
9776	582
9777	568
9778	570
9779	661
9780	587
9781	644
9782	617
9783	613
9784	648
9785	619
9786	679
9787	553
9788	640
9789	631
9790	550
9791	534
9792	560
9793	649
9794	657
9795	667
9796	669
9797	634
9798	664
9799	664
9800	572
9801	674
9802	702
9803	667
9804	668
9805	672
9806	609
9807	676
9808	608
9809	577
9810	668
9811	613
9812	611
9813	663
9814	793
9815	664
9816	781
9817	647
9818	704
9819	573
9820	633
9821	691
9822	664
9823	703
9824	680
9825	766
9826	577
9827	680
9828	673
9829	529
9830	657
9831	564
9832	607
9833	583
9834	601
9835	607
9836	633
9837	619
9838	649
9839	641
9840	612
9841	577
9842	578
9843	626
9844	568
9845	677
9846	617
9847	600
9848	663
9849	700
9850	706
9851	652
9852	639
9853	665
9854	574
9855	582
9856	549
9857	651
9858	644
9859	648
9860	647
9861	702
9862	650
9863	532
9864	745
9865	710
9866	895
9867	640
9868	579
9869	648
9870	643
9871	714
9872	646
9873	604
9874	636
9875	642
9876	684
9877	632
9878	765
9879	660
9880	750
9881	627
9882	625
9883	628
9884	683
9885	597
9886	698
9887	679
9888	625
9889	669
9890	689
9891	637
9892	638
9893	623
9894	790
9895	741
9896	685
9897	716
9898	715
9899	736
9900	775
9901	722
9902	749
9903	807
9904	797
9905	720
9906	588
9907	799
9908	692
9909	848
9910	827
9911	789
9912	720
9913	648
9914	702
9915	785
9916	621
9917	667
9918	641
9919	672
9920	640
9921	644
9922	697
9923	796
9924	779
9925	770
9926	696
9927	688
9928	807
9929	641
9930	696
9931	753
9932	865
9933	810
9934	765
9935	696
9936	561
9937	631
9938	773
9939	764
9940	636
9941	773
9942	758
9943	668
9944	745
9945	584
9946	689
9947	850
9948	806
9949	746
9950	734
9951	725
9952	677
9953	780
9954	735
9955	897
9956	717
9957	762
9958	654
9959	726
9960	764
9961	751
9962	727
9963	727
9964	793
9965	743

