## htsjdk.samtools.metrics.StringHeader
# CollectInsertSizeMetrics HISTOGRAM_FILE=/work/ugbogu/pipeline/data/nbl/GSE189367/results/picard/SRR17011017_insert_size_histogram.pdf MINIMUM_PCT=0.5 INPUT=/work/ugbogu/pipeline/data/nbl/GSE189367/results/star/SRR17011017.Aligned.sortedByCoord.out.bam OUTPUT=/work/ugbogu/pipeline/data/nbl/GSE189367/results/picard/SRR17011017_insert_size_metrics.txt    DEVIATIONS=10.0 METRIC_ACCUMULATION_LEVEL=[ALL_READS] INCLUDE_DUPLICATES=false ASSUME_SORTED=true STOP_AFTER=0 VERBOSITY=INFO QUIET=false VALIDATION_STRINGENCY=STRICT COMPRESSION_LEVEL=5 MAX_RECORDS_IN_RAM=500000 CREATE_INDEX=false CREATE_MD5_FILE=false USE_JDK_DEFLATER=false USE_JDK_INFLATER=false
## htsjdk.samtools.metrics.StringHeader
# Started on: Sun Apr 12 06:55:08 UTC 2026

## METRICS CLASS	picard.analysis.InsertSizeMetrics
MEDIAN_INSERT_SIZE	MODE_INSERT_SIZE	MEDIAN_ABSOLUTE_DEVIATION	MIN_INSERT_SIZE	MAX_INSERT_SIZE	MEAN_INSERT_SIZE	STANDARD_DEVIATION	READ_PAIRS	PAIR_ORIENTATION	WIDTH_OF_10_PERCENT	WIDTH_OF_20_PERCENT	WIDTH_OF_30_PERCENT	WIDTH_OF_40_PERCENT	WIDTH_OF_50_PERCENT	WIDTH_OF_60_PERCENT	WIDTH_OF_70_PERCENT	WIDTH_OF_80_PERCENT	WIDTH_OF_90_PERCENT	WIDTH_OF_95_PERCENT	WIDTH_OF_99_PERCENT	SAMPLE	LIBRARY	READ_GROUP
652	148	517	28	2343060	1056.576279	1351.91741	25514171	FR	501	759	885	967	1035	1391	3831	9067	34751	154237	251277			

## HISTOGRAM	java.lang.Integer
insert_size	All_Reads.fr_count
28	2
29	4
31	6
32	9
33	23
34	37
35	317
36	412
37	489
38	420
39	501
40	564
41	498
42	573
43	630
44	405
45	512
46	712
47	575
48	724
49	643
50	601
51	499
52	630
53	562
54	604
55	638
56	731
57	788
58	953
59	821
60	839
61	852
62	993
63	1039
64	976
65	1144
66	1318
67	1277
68	1353
69	1448
70	1516
71	1672
72	1877
73	2028
74	2127
75	3231
76	2555
77	2613
78	3188
79	3378
80	3358
81	3864
82	4132
83	4635
84	5316
85	5755
86	6561
87	6735
88	7569
89	7919
90	9269
91	10506
92	11341
93	11912
94	12908
95	14053
96	15294
97	18207
98	19716
99	20061
100	20182
101	22155
102	23144
103	25401
104	28553
105	29887
106	30076
107	32276
108	33853
109	34929
110	36996
111	38439
112	40781
113	42364
114	43865
115	47829
116	49910
117	59819
118	56266
119	52656
120	57204
121	60694
122	57946
123	59941
124	59333
125	58576
126	59779
127	63878
128	63671
129	67351
130	67493
131	69555
132	69328
133	71717
134	71236
135	69042
136	71443
137	71727
138	71601
139	73584
140	73716
141	73716
142	73036
143	74318
144	73704
145	74009
146	72098
147	75032
148	75863
149	75119
150	73462
151	74460
152	74891
153	75590
154	74137
155	72892
156	73210
157	73300
158	72809
159	72141
160	73072
161	71908
162	71874
163	72392
164	70564
165	70478
166	71788
167	71542
168	71506
169	70612
170	69712
171	69133
172	69874
173	69561
174	68644
175	68627
176	67305
177	65045
178	67031
179	66031
180	65427
181	64147
182	63257
183	62450
184	61419
185	61754
186	60207
187	60263
188	59779
189	57766
190	58472
191	57355
192	56852
193	57325
194	55625
195	55532
196	55242
197	55310
198	54123
199	53204
200	54952
201	53171
202	52373
203	51904
204	50830
205	51508
206	50202
207	49356
208	49516
209	48422
210	47238
211	47379
212	48059
213	47019
214	46629
215	45849
216	45180
217	45263
218	44663
219	44791
220	44566
221	45135
222	43003
223	42745
224	43008
225	42989
226	43256
227	43688
228	42415
229	42485
230	41004
231	40945
232	40378
233	39624
234	39304
235	38434
236	38705
237	37531
238	37105
239	37147
240	36958
241	36144
242	36559
243	35735
244	35003
245	34944
246	33854
247	33907
248	33780
249	33651
250	33200
251	33582
252	32312
253	31979
254	32279
255	31892
256	31870
257	31407
258	30554
259	30462
260	30638
261	30254
262	29935
263	29542
264	28768
265	28359
266	28939
267	28277
268	28669
269	27983
270	28366
271	27967
272	27665
273	27865
274	27620
275	26730
276	26458
277	26174
278	26169
279	25596
280	25228
281	25755
282	25557
283	25410
284	25723
285	24438
286	24647
287	23502
288	23389
289	23428
290	23182
291	23109
292	22814
293	22391
294	23019
295	22113
296	21924
297	21545
298	21163
299	20693
300	20295
301	20625
302	20603
303	20030
304	20169
305	20311
306	19581
307	19755
308	19485
309	19175
310	18623
311	18681
312	19056
313	18714
314	19039
315	18628
316	18017
317	18498
318	17745
319	17885
320	17580
321	17806
322	17332
323	17312
324	17839
325	17835
326	16604
327	16764
328	16235
329	16422
330	16184
331	16432
332	16007
333	16127
334	15477
335	15512
336	15492
337	15131
338	15056
339	14954
340	14849
341	14639
342	14316
343	14372
344	14412
345	14391
346	14047
347	14025
348	13645
349	13675
350	13495
351	13423
352	13415
353	13290
354	12966
355	12778
356	12732
357	12750
358	12755
359	12419
360	12565
361	12357
362	12150
363	11889
364	12023
365	11861
366	11968
367	12033
368	12044
369	11772
370	11482
371	11544
372	11045
373	11187
374	11347
375	10935
376	11241
377	10886
378	10631
379	10775
380	11023
381	10678
382	10599
383	10230
384	10361
385	10200
386	10407
387	10504
388	10353
389	10180
390	10199
391	10494
392	9948
393	10014
394	9582
395	9558
396	9693
397	9551
398	9410
399	9345
400	9516
401	9485
402	9051
403	8974
404	9118
405	8969
406	8933
407	9096
408	8897
409	8546
410	8854
411	8905
412	8415
413	8408
414	8795
415	8195
416	8270
417	8647
418	8356
419	8165
420	8141
421	8134
422	7994
423	7870
424	7976
425	7809
426	7629
427	7754
428	7551
429	7558
430	7582
431	7671
432	7410
433	7862
434	7359
435	7695
436	7284
437	7661
438	7278
439	7462
440	7378
441	7360
442	7597
443	6949
444	7309
445	7046
446	7068
447	7216
448	7094
449	6943
450	6816
451	6886
452	7051
453	6976
454	7252
455	6770
456	6467
457	6703
458	6452
459	6706
460	6383
461	6657
462	6368
463	6359
464	6450
465	6114
466	6425
467	6277
468	6387
469	5972
470	5896
471	5867
472	5894
473	5834
474	5826
475	5993
476	5971
477	5929
478	5738
479	5744
480	5700
481	5661
482	5784
483	5769
484	5781
485	5885
486	5930
487	5627
488	5526
489	5579
490	5519
491	5567
492	5712
493	5538
494	5712
495	5530
496	5420
497	5287
498	5348
499	5716
500	5476
501	5579
502	5458
503	5450
504	5360
505	5244
506	5560
507	5631
508	5416
509	5389
510	5522
511	5366
512	5217
513	5320
514	5274
515	5240
516	5178
517	5022
518	5267
519	5383
520	5364
521	5151
522	5232
523	5314
524	5234
525	5214
526	5233
527	5182
528	5429
529	5272
530	5258
531	5132
532	5147
533	5401
534	5417
535	5383
536	5356
537	5309
538	5373
539	5432
540	5469
541	5429
542	5219
543	5426
544	4979
545	5039
546	5036
547	5195
548	5091
549	5044
550	5081
551	5178
552	5311
553	5045
554	5165
555	5064
556	5022
557	5151
558	5162
559	5214
560	5069
561	5239
562	5309
563	5467
564	5126
565	5094
566	4964
567	5043
568	5276
569	5221
570	5268
571	5167
572	5105
573	5149
574	5215
575	5038
576	4886
577	5053
578	4952
579	5247
580	5315
581	5181
582	5322
583	5036
584	5104
585	5125
586	4954
587	5204
588	4941
589	5053
590	5078
591	5132
592	4900
593	5017
594	4846
595	4724
596	5039
597	5086
598	4847
599	4966
600	5015
601	5032
602	5034
603	5005
604	5007
605	4925
606	4942
607	4822
608	4741
609	4804
610	4677
611	4830
612	4823
613	4784
614	4809
615	4833
616	4650
617	4728
618	4825
619	4742
620	4817
621	4667
622	4643
623	4875
624	4753
625	4814
626	4697
627	4733
628	4576
629	4683
630	4871
631	4666
632	4830
633	4661
634	4716
635	4675
636	4725
637	4611
638	4647
639	4760
640	4683
641	4619
642	4621
643	4703
644	4827
645	4694
646	4562
647	4652
648	4512
649	4865
650	4566
651	4457
652	4638
653	4764
654	4638
655	4528
656	4537
657	4559
658	4706
659	4752
660	4608
661	4735
662	4815
663	4673
664	4738
665	4518
666	4527
667	4739
668	4653
669	4681
670	4686
671	4493
672	4600
673	4506
674	4469
675	4531
676	4592
677	4449
678	4939
679	4621
680	4567
681	4495
682	4531
683	4508
684	4568
685	4731
686	4620
687	4628
688	4686
689	4669
690	4709
691	4623
692	4665
693	4710
694	4582
695	4813
696	4617
697	4538
698	4649
699	4533
700	4679
701	4534
702	4586
703	4612
704	4507
705	4807
706	4472
707	4538
708	4663
709	4355
710	4644
711	4614
712	4588
713	4508
714	4658
715	4470
716	4297
717	4367
718	4473
719	4472
720	4414
721	4477
722	4733
723	4734
724	4684
725	4692
726	4482
727	4574
728	4658
729	4507
730	4735
731	4771
732	4392
733	4658
734	4634
735	4660
736	4581
737	4383
738	4634
739	4320
740	4496
741	4549
742	4688
743	4532
744	4523
745	4683
746	4514
747	4519
748	4429
749	4604
750	4508
751	4272
752	4611
753	4669
754	4679
755	4449
756	4504
757	4560
758	4518
759	4490
760	4643
761	4523
762	4585
763	4576
764	4629
765	4512
766	4454
767	4512
768	4621
769	4365
770	4665
771	4428
772	4557
773	4602
774	4291
775	4370
776	4221
777	4470
778	4395
779	4434
780	4520
781	4500
782	4310
783	4437
784	4471
785	4474
786	4583
787	4582
788	4465
789	4305
790	4312
791	4387
792	4387
793	4328
794	4463
795	4522
796	4292
797	4440
798	4587
799	4416
800	4369
801	4430
802	4385
803	4440
804	4470
805	4519
806	4369
807	4474
808	4328
809	4332
810	4253
811	4352
812	4360
813	4236
814	4345
815	4228
816	4382
817	4316
818	4637
819	4319
820	4386
821	4417
822	4617
823	4326
824	4211
825	4352
826	4263
827	4459
828	4383
829	4319
830	4415
831	4382
832	4312
833	4594
834	4256
835	4526
836	4447
837	4729
838	4110
839	4360
840	4245
841	4378
842	4439
843	4478
844	4492
845	4311
846	4342
847	4179
848	4252
849	4163
850	4218
851	4143
852	4391
853	4268
854	4126
855	4279
856	4153
857	4435
858	4237
859	4122
860	4330
861	4179
862	4204
863	4461
864	4273
865	4141
866	4143
867	4186
868	4219
869	4285
870	4023
871	4068
872	3983
873	4320
874	4116
875	4052
876	4289
877	4256
878	3956
879	4074
880	4000
881	4013
882	4128
883	4184
884	4062
885	4182
886	4028
887	4021
888	3915
889	3962
890	4060
891	4149
892	4143
893	3978
894	4099
895	3869
896	4125
897	3968
898	4021
899	3994
900	3972
901	4061
902	3854
903	4054
904	3788
905	3947
906	3926
907	3858
908	3977
909	4124
910	4001
911	3891
912	3898
913	3897
914	4029
915	3906
916	3932
917	4106
918	3806
919	4025
920	3886
921	3964
922	4032
923	4033
924	4052
925	3990
926	3893
927	3719
928	3885
929	3722
930	3938
931	3702
932	3895
933	3700
934	3812
935	3792
936	3699
937	3814
938	3696
939	3678
940	3911
941	3750
942	3917
943	3816
944	3877
945	3577
946	3748
947	3709
948	3711
949	3685
950	3584
951	3682
952	3531
953	3704
954	3626
955	3536
956	3609
957	3646
958	3682
959	3625
960	3708
961	3540
962	3597
963	3671
964	3467
965	3629
966	3686
967	3491
968	3468
969	3582
970	3454
971	3570
972	3613
973	3584
974	3727
975	3541
976	3565
977	3411
978	3459
979	3554
980	3570
981	3542
982	3593
983	3636
984	3422
985	3449
986	3477
987	3682
988	3464
989	3639
990	3454
991	3409
992	3620
993	3541
994	3562
995	3494
996	3561
997	3500
998	3547
999	3300
1000	3554
1001	3576
1002	3507
1003	3588
1004	3517
1005	3436
1006	3552
1007	3598
1008	3547
1009	3448
1010	3451
1011	3499
1012	3413
1013	3679
1014	3748
1015	3492
1016	3426
1017	3549
1018	3549
1019	3620
1020	3491
1021	3531
1022	3322
1023	3374
1024	3432
1025	3392
1026	3251
1027	3432
1028	3238
1029	3306
1030	3328
1031	3262
1032	3307
1033	3386
1034	3260
1035	3292
1036	3260
1037	3273
1038	3289
1039	3299
1040	3333
1041	3411
1042	3252
1043	3255
1044	3328
1045	3504
1046	3389
1047	3252
1048	3435
1049	3387
1050	3362
1051	3353
1052	3401
1053	3338
1054	3190
1055	3303
1056	3145
1057	3305
1058	3265
1059	3168
1060	3092
1061	3161
1062	3218
1063	3306
1064	2994
1065	2970
1066	2973
1067	3247
1068	3189
1069	3151
1070	3074
1071	3124
1072	2900
1073	3049
1074	3179
1075	3165
1076	3107
1077	3220
1078	3284
1079	3210
1080	3082
1081	3089
1082	3096
1083	3104
1084	3120
1085	3095
1086	3225
1087	3181
1088	2981
1089	3051
1090	3107
1091	3066
1092	2925
1093	3101
1094	3374
1095	3135
1096	2922
1097	3093
1098	2944
1099	2909
1100	3063
1101	2940
1102	2983
1103	2947
1104	3115
1105	2889
1106	2856
1107	2867
1108	2845
1109	2993
1110	2955
1111	3052
1112	2916
1113	2967
1114	2877
1115	2868
1116	3051
1117	2870
1118	3048
1119	2954
1120	2901
1121	2995
1122	3079
1123	2840
1124	2995
1125	2842
1126	3100
1127	2881
1128	2841
1129	2884
1130	2976
1131	2848
1132	2825
1133	2906
1134	2802
1135	2871
1136	2860
1137	2827
1138	3042
1139	2996
1140	2887
1141	2926
1142	2861
1143	2938
1144	2814
1145	2895
1146	2929
1147	2879
1148	3043
1149	2927
1150	2891
1151	3181
1152	2870
1153	3008
1154	2970
1155	3053
1156	3170
1157	2992
1158	2949
1159	2925
1160	3046
1161	2865
1162	3107
1163	3001
1164	2906
1165	2986
1166	2901
1167	2849
1168	2828
1169	2727
1170	2896
1171	3012
1172	2886
1173	2868
1174	2946
1175	2842
1176	2835
1177	2980
1178	2972
1179	2887
1180	2907
1181	2906
1182	3007
1183	3031
1184	2892
1185	3030
1186	2965
1187	3004
1188	2846
1189	2791
1190	3015
1191	2807
1192	2846
1193	2904
1194	3013
1195	2897
1196	2862
1197	2917
1198	2882
1199	2837
1200	2920
1201	2873
1202	2833
1203	2927
1204	2789
1205	2856
1206	2803
1207	2672
1208	2900
1209	2828
1210	2820
1211	2931
1212	2741
1213	2878
1214	2940
1215	2801
1216	2749
1217	2893
1218	2854
1219	2826
1220	2874
1221	2930
1222	2984
1223	2883
1224	3013
1225	2887
1226	2923
1227	2768
1228	2807
1229	2870
1230	2875
1231	2906
1232	2856
1233	2776
1234	2832
1235	2847
1236	2935
1237	2854
1238	2923
1239	2838
1240	2932
1241	2730
1242	2870
1243	2942
1244	2731
1245	2732
1246	2920
1247	2720
1248	2758
1249	2744
1250	2912
1251	2903
1252	2793
1253	2930
1254	2958
1255	2965
1256	2832
1257	2844
1258	2868
1259	2722
1260	2824
1261	2736
1262	3016
1263	3215
1264	3039
1265	2971
1266	2877
1267	3011
1268	2828
1269	2869
1270	2833
1271	2733
1272	2807
1273	2859
1274	2915
1275	2804
1276	2821
1277	2683
1278	2788
1279	2669
1280	2823
1281	2763
1282	2772
1283	2744
1284	2759
1285	2877
1286	2772
1287	2850
1288	2845
1289	2836
1290	2828
1291	2838
1292	2852
1293	2789
1294	2698
1295	2709
1296	3014
1297	2955
1298	3041
1299	3127
1300	3107
1301	3479
1302	3315
1303	3103
1304	3111
1305	3110
1306	3075
1307	3157
1308	3464
1309	3715
1310	3444
1311	3555
1312	3014
1313	3677
1314	3951
1315	3915
1316	3642
1317	3409
1318	3573
1319	3863
1320	3634
1321	4234
1322	4584
1323	4196
1324	5892
1325	6091
1326	4512
1327	3318
1328	3370
1329	3551
1330	3255
1331	4771
1332	4555
1333	3886
1334	4478
1335	4206
1336	3783
1337	3447
1338	3093
1339	3375
1340	3533
1341	4690
1342	5341
1343	3497
1344	2735
1345	2843
1346	2754
1347	2839
1348	2581
1349	2745
1350	2898
1351	2849
1352	2805
1353	2796
1354	2632
1355	2628
1356	2601
1357	2749
1358	2689
1359	2720
1360	2668
1361	2624
1362	2574
1363	2711
1364	2564
1365	2606
1366	2617
1367	2763
1368	2749
1369	2675
1370	2698
1371	2686
1372	2639
1373	2614
1374	2567
1375	2554
1376	2701
1377	2552
1378	2621
1379	2586
1380	2716
1381	2676
1382	2576
1383	2662
1384	2460
1385	2720
1386	2645
1387	2658
1388	2566
1389	2637
1390	2545
1391	2689
1392	2662
1393	2596
1394	2698
1395	2635
1396	2660
1397	2624
1398	2463
1399	2537
1400	2530
1401	2541
1402	2532
1403	2622
1404	2539
1405	2571
1406	2556
1407	2696
1408	2493
1409	2602
1410	2606
1411	2525
1412	2625
1413	2664
1414	2629
1415	2511
1416	2547
1417	2554
1418	2610
1419	2545
1420	2593
1421	2514
1422	2502
1423	2531
1424	2700
1425	2520
1426	2708
1427	2488
1428	2528
1429	2503
1430	2501
1431	2609
1432	2429
1433	2478
1434	2407
1435	2614
1436	2573
1437	2528
1438	2500
1439	2559
1440	2417
1441	2582
1442	2673
1443	2471
1444	2471
1445	2501
1446	2460
1447	2603
1448	2607
1449	2503
1450	2572
1451	2533
1452	2574
1453	2609
1454	2658
1455	2465
1456	2708
1457	2606
1458	2698
1459	2669
1460	2797
1461	2581
1462	2614
1463	2657
1464	2521
1465	2559
1466	2614
1467	2673
1468	2572
1469	2659
1470	2607
1471	2626
1472	2629
1473	2561
1474	2573
1475	2599
1476	2583
1477	2613
1478	2511
1479	2684
1480	2643
1481	2779
1482	2722
1483	2753
1484	2739
1485	2580
1486	2619
1487	2524
1488	2686
1489	2417
1490	2722
1491	2687
1492	2592
1493	2843
1494	2770
1495	2702
1496	2542
1497	2695
1498	2673
1499	2669
1500	2699
1501	2544
1502	2533
1503	2735
1504	2480
1505	2575
1506	2463
1507	2790
1508	2627
1509	2632
1510	2608
1511	2602
1512	2577
1513	2620
1514	2735
1515	2779
1516	2708
1517	2760
1518	2647
1519	2650
1520	2706
1521	2801
1522	2550
1523	2530
1524	2731
1525	2753
1526	2803
1527	2625
1528	2670
1529	2614
1530	2721
1531	2823
1532	2645
1533	2819
1534	2908
1535	2930
1536	2673
1537	2917
1538	2758
1539	2725
1540	2712
1541	2652
1542	2789
1543	2577
1544	2715
1545	2719
1546	2824
1547	2875
1548	2788
1549	2773
1550	2682
1551	2836
1552	2951
1553	2772
1554	2881
1555	2865
1556	2932
1557	2606
1558	2832
1559	2725
1560	2589
1561	2598
1562	2742
1563	2815
1564	2850
1565	2667
1566	2641
1567	2585
1568	2574
1569	2719
1570	2760
1571	2783
1572	2758
1573	2732
1574	2809
1575	2649
1576	2564
1577	2693
1578	2538
1579	2568
1580	2867
1581	2863
1582	2819
1583	2678
1584	2750
1585	2568
1586	2584
1587	2481
1588	2554
1589	2518
1590	2483
1591	2540
1592	2556
1593	2537
1594	2343
1595	2382
1596	2358
1597	2464
1598	2461
1599	2547
1600	2380
1601	2634
1602	2523
1603	2563
1604	2314
1605	2438
1606	2460
1607	2455
1608	2484
1609	2438
1610	2388
1611	2409
1612	2386
1613	2504
1614	2484
1615	2268
1616	2413
1617	2507
1618	2462
1619	2321
1620	2315
1621	2328
1622	2214
1623	2410
1624	2330
1625	2321
1626	2340
1627	2513
1628	2385
1629	2339
1630	2228
1631	2224
1632	2426
1633	2292
1634	2452
1635	2390
1636	2482
1637	2345
1638	2253
1639	2318
1640	2321
1641	2325
1642	2316
1643	2373
1644	2383
1645	2368
1646	2435
1647	2308
1648	2268
1649	2345
1650	2304
1651	2489
1652	2199
1653	2249
1654	2376
1655	2308
1656	2356
1657	2418
1658	2352
1659	2445
1660	2439
1661	2301
1662	2519
1663	2666
1664	2414
1665	2524
1666	2499
1667	2550
1668	2479
1669	2527
1670	2601
1671	2514
1672	2540
1673	2426
1674	2353
1675	2422
1676	2559
1677	2476
1678	2608
1679	2564
1680	2590
1681	2494
1682	2491
1683	2576
1684	2313
1685	2487
1686	2264
1687	2361
1688	2357
1689	2335
1690	2490
1691	2306
1692	2461
1693	2528
1694	2327
1695	2466
1696	2406
1697	2373
1698	2378
1699	2403
1700	2494
1701	2373
1702	2490
1703	2532
1704	2507
1705	2462
1706	2538
1707	2766
1708	2557
1709	2541
1710	2567
1711	2497
1712	2536
1713	2521
1714	2584
1715	2527
1716	2463
1717	2415
1718	2498
1719	2387
1720	2382
1721	2492
1722	2374
1723	2302
1724	2497
1725	2496
1726	2553
1727	2554
1728	2457
1729	2538
1730	2458
1731	2564
1732	2538
1733	2361
1734	2468
1735	2451
1736	2440
1737	2374
1738	2465
1739	2361
1740	2372
1741	2452
1742	2412
1743	2489
1744	2510
1745	2338
1746	2404
1747	2433
1748	2425
1749	2362
1750	2463
1751	2473
1752	2390
1753	2304
1754	2324
1755	2413
1756	2289
1757	2356
1758	2217
1759	2411
1760	2368
1761	2309
1762	2255
1763	2228
1764	2345
1765	2337
1766	2461
1767	2437
1768	2371
1769	2329
1770	2297
1771	2381
1772	2390
1773	2345
1774	2324
1775	2243
1776	2298
1777	2383
1778	2415
1779	2172
1780	2198
1781	2300
1782	2235
1783	2318
1784	2235
1785	2305
1786	2205
1787	2356
1788	2335
1789	2225
1790	2257
1791	2409
1792	2244
1793	2246
1794	2273
1795	2137
1796	2174
1797	2215
1798	2097
1799	2252
1800	2267
1801	2275
1802	2250
1803	2354
1804	2156
1805	2128
1806	2189
1807	2124
1808	2216
1809	2190
1810	2199
1811	2244
1812	2221
1813	2119
1814	2205
1815	2072
1816	2176
1817	2126
1818	2050
1819	2054
1820	2016
1821	2138
1822	2137
1823	2317
1824	2263
1825	2109
1826	2093
1827	2118
1828	2139
1829	2120
1830	2063
1831	2047
1832	1984
1833	1965
1834	2044
1835	2110
1836	1976
1837	1966
1838	2069
1839	1981
1840	1998
1841	1943
1842	2021
1843	2047
1844	1904
1845	1997
1846	1981
1847	1968
1848	2089
1849	1987
1850	2063
1851	1988
1852	1898
1853	1920
1854	2004
1855	2013
1856	2028
1857	1961
1858	1974
1859	1833
1860	2003
1861	2047
1862	1992
1863	1967
1864	1967
1865	1931
1866	1861
1867	1906
1868	1919
1869	2012
1870	1921
1871	1844
1872	1946
1873	1951
1874	1917
1875	1985
1876	1957
1877	1906
1878	1928
1879	2013
1880	2064
1881	1974
1882	2016
1883	2042
1884	1896
1885	1919
1886	2085
1887	2023
1888	2073
1889	1981
1890	2004
1891	1980
1892	1946
1893	1880
1894	1996
1895	1930
1896	1922
1897	2053
1898	1965
1899	1968
1900	1989
1901	1983
1902	1870
1903	2049
1904	1899
1905	2026
1906	2058
1907	2002
1908	1973
1909	1901
1910	1979
1911	2077
1912	2051
1913	2105
1914	1978
1915	2007
1916	2108
1917	2120
1918	2167
1919	2128
1920	2074
1921	2105
1922	2050
1923	2030
1924	2156
1925	1994
1926	2000
1927	1997
1928	1972
1929	2097
1930	2125
1931	2077
1932	2036
1933	2019
1934	2075
1935	2257
1936	2074
1937	2109
1938	2136
1939	2040
1940	2048
1941	2186
1942	2067
1943	2157
1944	2129
1945	2141
1946	2136
1947	2087
1948	2139
1949	2139
1950	2192
1951	2310
1952	2116
1953	2178
1954	2095
1955	2140
1956	2081
1957	2119
1958	2122
1959	2114
1960	2132
1961	2164
1962	2218
1963	2045
1964	2119
1965	2169
1966	2164
1967	2033
1968	2090
1969	2140
1970	2292
1971	2171
1972	2258
1973	2142
1974	2098
1975	2113
1976	2200
1977	2085
1978	2173
1979	2191
1980	2183
1981	2198
1982	2263
1983	2079
1984	2151
1985	2167
1986	2297
1987	2292
1988	2286
1989	2207
1990	2295
1991	2189
1992	2246
1993	2241
1994	2229
1995	2152
1996	2197
1997	2198
1998	2202
1999	2251
2000	2310
2001	2204
2002	2330
2003	2230
2004	2183
2005	2233
2006	2122
2007	2277
2008	2322
2009	2271
2010	2371
2011	2287
2012	2325
2013	2312
2014	2276
2015	2328
2016	2276
2017	2323
2018	2188
2019	2300
2020	2376
2021	2290
2022	2268
2023	2212
2024	2319
2025	2310
2026	2322
2027	2235
2028	2179
2029	2343
2030	2306
2031	2075
2032	2183
2033	2234
2034	2246
2035	2100
2036	2296
2037	2225
2038	2107
2039	2212
2040	2317
2041	2291
2042	2143
2043	2263
2044	2143
2045	2234
2046	2176
2047	2257
2048	2137
2049	2210
2050	2243
2051	2234
2052	2096
2053	2197
2054	2124
2055	2294
2056	2141
2057	2217
2058	2275
2059	2129
2060	2091
2061	2186
2062	2160
2063	2178
2064	2341
2065	2210
2066	2179
2067	2108
2068	2200
2069	2193
2070	2023
2071	2172
2072	2053
2073	2240
2074	2175
2075	2000
2076	2047
2077	2103
2078	2047
2079	2087
2080	2043
2081	2224
2082	2052
2083	2097
2084	1929
2085	1925
2086	1949
2087	1984
2088	2003
2089	1951
2090	1995
2091	2002
2092	2033
2093	1912
2094	1937
2095	2004
2096	1976
2097	2008
2098	1956
2099	2029
2100	1961
2101	2004
2102	1940
2103	1926
2104	1932
2105	1923
2106	1914
2107	1978
2108	1906
2109	1979
2110	1817
2111	1881
2112	1790
2113	1959
2114	1921
2115	1844
2116	1895
2117	1924
2118	1854
2119	1966
2120	1985
2121	1882
2122	2048
2123	1838
2124	1928
2125	1902
2126	1945
2127	1871
2128	1771
2129	1794
2130	1913
2131	1856
2132	1817
2133	1802
2134	1853
2135	1819
2136	1810
2137	1930
2138	1775
2139	1789
2140	1759
2141	1769
2142	1738
2143	1797
2144	1782
2145	1752
2146	1913
2147	1810
2148	1762
2149	1607
2150	1718
2151	1657
2152	1783
2153	1739
2154	1738
2155	1762
2156	1834
2157	1731
2158	1733
2159	1693
2160	1729
2161	1780
2162	1672
2163	1817
2164	1647
2165	1743
2166	1817
2167	1835
2168	1766
2169	1706
2170	1673
2171	1749
2172	1832
2173	1708
2174	1916
2175	1792
2176	1761
2177	1846
2178	1712
2179	1725
2180	1636
2181	1711
2182	1709
2183	1665
2184	1712
2185	1774
2186	1659
2187	1580
2188	1609
2189	1623
2190	1743
2191	1656
2192	1621
2193	1637
2194	1573
2195	1738
2196	1671
2197	1789
2198	1798
2199	1724
2200	1749
2201	1607
2202	1742
2203	1640
2204	1594
2205	1658
2206	1714
2207	1712
2208	1701
2209	1747
2210	1681
2211	1642
2212	1677
2213	1683
2214	1682
2215	1668
2216	1637
2217	1684
2218	1760
2219	1817
2220	1735
2221	1626
2222	1687
2223	1656
2224	1602
2225	1631
2226	1757
2227	1761
2228	1674
2229	1782
2230	1652
2231	1734
2232	1691
2233	1638
2234	1704
2235	1669
2236	1677
2237	1722
2238	1655
2239	1708
2240	1659
2241	1695
2242	1763
2243	1773
2244	1708
2245	1716
2246	1785
2247	1670
2248	1681
2249	1719
2250	1757
2251	1679
2252	1693
2253	1802
2254	1826
2255	1723
2256	1621
2257	1758
2258	1774
2259	1815
2260	1788
2261	1845
2262	1835
2263	1870
2264	1801
2265	1841
2266	1875
2267	1786
2268	1671
2269	1794
2270	1743
2271	1792
2272	1805
2273	1829
2274	1701
2275	1758
2276	1781
2277	1730
2278	1771
2279	1915
2280	1742
2281	1671
2282	1627
2283	1706
2284	1822
2285	1772
2286	1706
2287	1792
2288	1726
2289	1719
2290	1776
2291	1802
2292	1720
2293	1648
2294	1696
2295	1681
2296	1829
2297	1784
2298	1613
2299	1672
2300	1695
2301	1810
2302	1754
2303	1689
2304	1745
2305	1750
2306	1711
2307	1738
2308	1672
2309	1858
2310	1812
2311	1661
2312	1800
2313	1741
2314	1704
2315	1715
2316	1662
2317	1718
2318	1738
2319	1723
2320	1711
2321	1747
2322	1690
2323	1713
2324	1770
2325	1768
2326	1684
2327	1639
2328	1718
2329	1665
2330	1724
2331	1649
2332	1656
2333	1727
2334	1774
2335	1687
2336	1751
2337	1715
2338	1777
2339	1710
2340	1710
2341	1676
2342	1668
2343	1784
2344	1745
2345	1669
2346	1687
2347	1613
2348	1661
2349	1606
2350	1621
2351	1813
2352	1787
2353	1744
2354	1775
2355	1754
2356	1822
2357	1675
2358	1643
2359	1642
2360	1710
2361	1711
2362	1662
2363	1655
2364	1631
2365	1588
2366	1638
2367	1673
2368	1550
2369	1726
2370	1615
2371	1660
2372	1739
2373	1662
2374	1649
2375	1609
2376	1575
2377	1685
2378	1692
2379	1676
2380	1615
2381	1621
2382	1615
2383	1488
2384	1628
2385	1549
2386	1523
2387	1566
2388	1474
2389	1613
2390	1573
2391	1673
2392	1638
2393	1550
2394	1631
2395	1569
2396	1453
2397	1517
2398	1651
2399	1570
2400	1590
2401	1585
2402	1465
2403	1532
2404	1625
2405	1581
2406	1571
2407	1563
2408	1508
2409	1598
2410	1556
2411	1442
2412	1515
2413	1592
2414	1518
2415	1457
2416	1514
2417	1557
2418	1638
2419	1556
2420	1574
2421	1540
2422	1688
2423	1557
2424	1556
2425	1604
2426	1522
2427	1433
2428	1558
2429	1526
2430	1555
2431	1481
2432	1623
2433	1529
2434	1538
2435	1494
2436	1545
2437	1425
2438	1575
2439	1563
2440	1479
2441	1626
2442	1475
2443	1397
2444	1565
2445	1482
2446	1521
2447	1432
2448	1402
2449	1482
2450	1497
2451	1463
2452	1490
2453	1482
2454	1457
2455	1381
2456	1439
2457	1497
2458	1432
2459	1387
2460	1502
2461	1452
2462	1331
2463	1345
2464	1304
2465	1399
2466	1559
2467	1442
2468	1411
2469	1513
2470	1423
2471	1386
2472	1500
2473	1393
2474	1484
2475	1394
2476	1456
2477	1381
2478	1478
2479	1467
2480	1401
2481	1468
2482	1403
2483	1426
2484	1421
2485	1400
2486	1422
2487	1429
2488	1491
2489	1504
2490	1493
2491	1480
2492	1420
2493	1451
2494	1403
2495	1456
2496	1446
2497	1469
2498	1481
2499	1474
2500	1522
2501	1446
2502	1460
2503	1399
2504	1440
2505	1532
2506	1402
2507	1406
2508	1459
2509	1562
2510	1484
2511	1469
2512	1550
2513	1538
2514	1478
2515	1554
2516	1511
2517	1491
2518	1438
2519	1575
2520	1511
2521	1506
2522	1568
2523	1540
2524	1571
2525	1518
2526	1472
2527	1466
2528	1552
2529	1513
2530	1542
2531	1591
2532	1575
2533	1527
2534	1565
2535	1498
2536	1467
2537	1493
2538	1496
2539	1585
2540	1512
2541	1550
2542	1626
2543	1607
2544	1535
2545	1595
2546	1567
2547	1443
2548	1511
2549	1477
2550	1550
2551	1503
2552	1635
2553	1655
2554	1553
2555	1669
2556	1600
2557	1568
2558	1574
2559	1541
2560	1540
2561	1557
2562	1484
2563	1597
2564	1586
2565	1600
2566	1584
2567	1538
2568	1551
2569	1580
2570	1535
2571	1611
2572	1551
2573	1661
2574	1555
2575	1567
2576	1598
2577	1545
2578	1432
2579	1556
2580	1576
2581	1557
2582	1417
2583	1583
2584	1527
2585	1496
2586	1417
2587	1466
2588	1538
2589	1535
2590	1549
2591	1439
2592	1478
2593	1452
2594	1513
2595	1423
2596	1574
2597	1473
2598	1492
2599	1433
2600	1461
2601	1513
2602	1432
2603	1481
2604	1486
2605	1427
2606	1503
2607	1544
2608	1527
2609	1341
2610	1528
2611	1427
2612	1441
2613	1499
2614	1347
2615	1449
2616	1437
2617	1471
2618	1451
2619	1406
2620	1366
2621	1500
2622	1473
2623	1532
2624	1462
2625	1494
2626	1425
2627	1445
2628	1427
2629	1446
2630	1436
2631	1405
2632	1432
2633	1493
2634	1514
2635	1397
2636	1510
2637	1465
2638	1503
2639	1550
2640	1501
2641	1430
2642	1430
2643	1551
2644	1487
2645	1524
2646	1468
2647	1500
2648	1487
2649	1369
2650	1598
2651	1462
2652	1551
2653	1513
2654	1511
2655	1378
2656	1458
2657	1449
2658	1468
2659	1425
2660	1477
2661	1448
2662	1467
2663	1419
2664	1528
2665	1524
2666	1458
2667	1446
2668	1426
2669	1450
2670	1346
2671	1376
2672	1390
2673	1475
2674	1414
2675	1519
2676	1569
2677	1500
2678	1430
2679	1473
2680	1426
2681	1397
2682	1519
2683	1415
2684	1514
2685	1356
2686	1492
2687	1513
2688	1513
2689	1441
2690	1461
2691	1464
2692	1474
2693	1437
2694	1444
2695	1477
2696	1442
2697	1340
2698	1469
2699	1357
2700	1563
2701	1542
2702	1702
2703	1509
2704	1490
2705	1352
2706	1420
2707	1594
2708	1446
2709	1548
2710	1605
2711	1516
2712	1418
2713	1405
2714	1359
2715	1560
2716	1720
2717	1502
2718	1555
2719	1513
2720	1490
2721	1501
2722	1397
2723	1468
2724	1429
2725	1393
2726	1377
2727	1447
2728	1520
2729	1362
2730	1423
2731	1455
2732	1357
2733	1336
2734	1372
2735	1360
2736	1365
2737	1480
2738	1304
2739	1396
2740	1466
2741	1414
2742	1280
2743	1442
2744	1367
2745	1405
2746	1405
2747	1347
2748	1383
2749	1334
2750	1269
2751	1390
2752	1292
2753	1308
2754	1442
2755	1302
2756	1440
2757	1359
2758	1286
2759	1433
2760	1457
2761	1577
2762	1418
2763	1467
2764	1414
2765	1427
2766	1359
2767	1370
2768	1430
2769	1375
2770	1470
2771	1404
2772	1326
2773	1404
2774	1410
2775	1436
2776	1452
2777	1359
2778	1347
2779	1367
2780	1418
2781	1463
2782	1311
2783	1373
2784	1410
2785	1339
2786	1274
2787	1312
2788	1385
2789	1355
2790	1318
2791	1323
2792	1333
2793	1291
2794	1346
2795	1354
2796	1352
2797	1340
2798	1375
2799	1383
2800	1407
2801	1359
2802	1272
2803	1408
2804	1425
2805	1549
2806	1368
2807	1267
2808	1364
2809	1281
2810	1482
2811	1410
2812	1293
2813	1328
2814	1361
2815	1397
2816	1328
2817	1437
2818	1260
2819	1391
2820	1446
2821	1334
2822	1341
2823	1359
2824	1416
2825	1305
2826	1397
2827	1303
2828	1360
2829	1302
2830	1335
2831	1341
2832	1363
2833	1387
2834	1283
2835	1335
2836	1339
2837	1298
2838	1370
2839	1334
2840	1401
2841	1339
2842	1244
2843	1401
2844	1393
2845	1324
2846	1356
2847	1344
2848	1408
2849	1317
2850	1277
2851	1316
2852	1265
2853	1390
2854	1312
2855	1363
2856	1314
2857	1238
2858	1325
2859	1336
2860	1259
2861	1321
2862	1300
2863	1348
2864	1254
2865	1293
2866	1205
2867	1371
2868	1284
2869	1246
2870	1307
2871	1289
2872	1211
2873	1272
2874	1173
2875	1238
2876	1305
2877	1255
2878	1330
2879	1306
2880	1246
2881	1259
2882	1289
2883	1338
2884	1310
2885	1328
2886	1316
2887	1193
2888	1302
2889	1354
2890	1222
2891	1177
2892	1285
2893	1251
2894	1159
2895	1184
2896	1176
2897	1287
2898	1278
2899	1185
2900	1245
2901	1228
2902	1288
2903	1220
2904	1254
2905	1216
2906	1086
2907	1209
2908	1199
2909	1166
2910	1234
2911	1207
2912	1235
2913	1284
2914	1207
2915	1216
2916	1213
2917	1330
2918	1230
2919	1280
2920	1215
2921	1211
2922	1183
2923	1158
2924	1137
2925	1144
2926	1232
2927	1197
2928	1191
2929	1229
2930	1187
2931	1229
2932	1205
2933	1189
2934	1175
2935	1218
2936	1229
2937	1227
2938	1266
2939	1215
2940	1194
2941	1212
2942	1305
2943	1279
2944	1142
2945	1143
2946	1211
2947	1191
2948	1151
2949	1135
2950	1130
2951	1181
2952	1224
2953	1219
2954	1259
2955	1247
2956	1223
2957	1106
2958	1213
2959	1191
2960	1138
2961	1168
2962	1204
2963	1150
2964	1203
2965	1213
2966	1298
2967	1238
2968	1253
2969	1258
2970	1188
2971	1250
2972	1161
2973	1174
2974	1293
2975	1206
2976	1254
2977	1229
2978	1102
2979	1290
2980	1210
2981	1145
2982	1232
2983	1257
2984	1213
2985	1176
2986	1247
2987	1217
2988	1211
2989	1147
2990	1136
2991	1244
2992	1224
2993	1327
2994	1275
2995	1243
2996	1313
2997	1251
2998	1261
2999	1321
3000	1213
3001	1334
3002	1247
3003	1297
3004	1245
3005	1263
3006	1309
3007	1231
3008	1213
3009	1268
3010	1296
3011	1343
3012	1260
3013	1346
3014	1299
3015	1270
3016	1326
3017	1319
3018	1291
3019	1218
3020	1274
3021	1216
3022	1268
3023	1325
3024	1185
3025	1280
3026	1247
3027	1300
3028	1367
3029	1279
3030	1311
3031	1240
3032	1231
3033	1309
3034	1238
3035	1338
3036	1279
3037	1268
3038	1299
3039	1318
3040	1272
3041	1342
3042	1324
3043	1330
3044	1319
3045	1383
3046	1294
3047	1342
3048	1335
3049	1390
3050	1278
3051	1349
3052	1210
3053	1282
3054	1278
3055	1241
3056	1247
3057	1287
3058	1265
3059	1253
3060	1227
3061	1258
3062	1216
3063	1234
3064	1300
3065	1159
3066	1278
3067	1329
3068	1160
3069	1244
3070	1283
3071	1182
3072	1325
3073	1308
3074	1294
3075	1250
3076	1310
3077	1268
3078	1193
3079	1313
3080	1329
3081	1301
3082	1288
3083	1208
3084	1257
3085	1200
3086	1184
3087	1228
3088	1328
3089	1177
3090	1176
3091	1211
3092	1150
3093	1220
3094	1233
3095	1278
3096	1179
3097	1186
3098	1255
3099	1250
3100	1151
3101	1230
3102	1230
3103	1141
3104	1172
3105	1208
3106	1192
3107	1149
3108	1220
3109	1108
3110	1173
3111	1181
3112	1152
3113	1212
3114	1272
3115	1249
3116	1179
3117	1158
3118	1221
3119	1169
3120	1200
3121	1173
3122	1141
3123	1161
3124	1144
3125	1160
3126	1226
3127	1128
3128	1139
3129	1152
3130	1180
3131	1148
3132	1214
3133	1159
3134	1181
3135	1070
3136	1264
3137	1040
3138	1187
3139	1223
3140	1113
3141	1224
3142	1140
3143	1207
3144	1126
3145	1164
3146	1158
3147	1129
3148	1213
3149	1159
3150	1135
3151	1137
3152	1188
3153	1189
3154	1162
3155	1172
3156	1174
3157	1214
3158	1226
3159	1060
3160	1154
3161	1138
3162	1171
3163	1179
3164	1130
3165	1224
3166	1190
3167	1165
3168	1118
3169	1129
3170	1129
3171	1105
3172	1203
3173	1111
3174	1103
3175	1239
3176	1156
3177	1123
3178	1116
3179	1142
3180	1154
3181	1196
3182	1283
3183	1210
3184	1211
3185	1116
3186	1167
3187	1125
3188	1131
3189	1227
3190	1102
3191	1204
3192	1223
3193	1150
3194	1171
3195	1165
3196	1224
3197	1229
3198	1087
3199	1169
3200	1137
3201	1133
3202	1124
3203	1154
3204	1226
3205	1151
3206	1173
3207	1308
3208	1157
3209	1185
3210	1244
3211	1233
3212	1161
3213	1203
3214	1208
3215	1156
3216	1168
3217	1221
3218	1137
3219	1186
3220	1220
3221	1258
3222	1196
3223	1170
3224	1140
3225	1058
3226	1163
3227	1222
3228	1163
3229	1156
3230	1185
3231	1165
3232	1153
3233	1285
3234	1214
3235	1212
3236	1160
3237	1233
3238	1236
3239	1207
3240	1179
3241	1171
3242	1264
3243	1175
3244	1173
3245	1154
3246	1080
3247	1172
3248	1190
3249	1208
3250	1205
3251	1267
3252	1177
3253	1162
3254	1198
3255	1183
3256	1153
3257	1153
3258	1193
3259	1193
3260	1243
3261	1183
3262	1203
3263	1206
3264	1181
3265	1246
3266	1263
3267	1244
3268	1160
3269	1137
3270	1257
3271	1194
3272	1222
3273	1251
3274	1215
3275	1180
3276	1230
3277	1312
3278	1245
3279	1289
3280	1186
3281	1245
3282	1163
3283	1230
3284	1233
3285	1294
3286	1218
3287	1265
3288	1219
3289	1204
3290	1232
3291	1174
3292	1370
3293	1248
3294	1217
3295	1293
3296	1226
3297	1209
3298	1247
3299	1224
3300	1359
3301	1302
3302	1185
3303	1196
3304	1136
3305	1221
3306	1340
3307	1263
3308	1209
3309	1286
3310	1244
3311	1190
3312	1255
3313	1295
3314	1293
3315	1342
3316	1249
3317	1281
3318	1423
3319	1265
3320	1218
3321	1257
3322	1250
3323	1257
3324	1187
3325	1294
3326	1247
3327	1266
3328	1205
3329	1220
3330	1184
3331	1162
3332	1300
3333	1258
3334	1164
3335	1316
3336	1307
3337	1106
3338	1243
3339	1229
3340	1283
3341	1224
3342	1271
3343	1276
3344	1139
3345	1252
3346	1089
3347	1277
3348	1211
3349	1162
3350	1182
3351	1198
3352	1181
3353	1190
3354	1140
3355	1154
3356	1294
3357	1248
3358	1153
3359	1206
3360	1113
3361	1064
3362	1191
3363	1207
3364	1076
3365	1120
3366	1206
3367	1113
3368	1247
3369	1119
3370	1161
3371	1087
3372	1097
3373	1136
3374	1116
3375	1130
3376	1054
3377	1146
3378	1100
3379	1000
3380	1127
3381	1126
3382	1100
3383	1164
3384	1132
3385	1114
3386	1021
3387	1047
3388	1140
3389	1109
3390	1105
3391	1044
3392	1035
3393	1078
3394	1105
3395	1107
3396	1074
3397	1037
3398	1022
3399	1086
3400	1089
3401	1059
3402	1097
3403	1085
3404	1066
3405	1123
3406	1152
3407	1049
3408	1074
3409	1094
3410	1070
3411	1074
3412	1029
3413	1023
3414	1073
3415	1022
3416	1081
3417	1045
3418	1112
3419	1022
3420	1014
3421	1062
3422	1053
3423	1063
3424	1027
3425	1092
3426	1129
3427	1035
3428	1104
3429	1049
3430	1138
3431	1088
3432	1057
3433	1022
3434	1084
3435	1107
3436	1042
3437	1107
3438	1026
3439	1052
3440	1128
3441	1055
3442	1041
3443	1045
3444	1046
3445	1090
3446	1045
3447	1091
3448	1019
3449	1113
3450	1113
3451	1062
3452	1044
3453	1037
3454	1041
3455	1030
3456	1070
3457	998
3458	1022
3459	984
3460	1078
3461	1012
3462	1069
3463	1047
3464	994
3465	1078
3466	1051
3467	1043
3468	1056
3469	1027
3470	1088
3471	1041
3472	998
3473	962
3474	1067
3475	1072
3476	996
3477	999
3478	1070
3479	997
3480	1057
3481	1007
3482	979
3483	1053
3484	1099
3485	1026
3486	914
3487	1003
3488	1078
3489	1011
3490	1068
3491	955
3492	1008
3493	1077
3494	1092
3495	1021
3496	1035
3497	1005
3498	1011
3499	1034
3500	940
3501	978
3502	1022
3503	998
3504	1029
3505	993
3506	1097
3507	1005
3508	1048
3509	956
3510	935
3511	1025
3512	963
3513	1082
3514	1039
3515	1032
3516	952
3517	1025
3518	956
3519	1028
3520	1042
3521	1083
3522	1086
3523	1075
3524	1044
3525	934
3526	966
3527	954
3528	1070
3529	966
3530	1004
3531	953
3532	994
3533	1012
3534	967
3535	990
3536	954
3537	1000
3538	1008
3539	999
3540	975
3541	1013
3542	949
3543	1023
3544	982
3545	973
3546	1021
3547	989
3548	1042
3549	986
3550	936
3551	975
3552	1020
3553	1055
3554	967
3555	951
3556	941
3557	893
3558	1051
3559	933
3560	1037
3561	924
3562	983
3563	940
3564	916
3565	998
3566	936
3567	939
3568	947
3569	1079
3570	1028
3571	985
3572	1019
3573	1018
3574	960
3575	1050
3576	957
3577	985
3578	994
3579	937
3580	974
3581	1063
3582	970
3583	907
3584	1005
3585	957
3586	986
3587	907
3588	925
3589	912
3590	973
3591	992
3592	979
3593	983
3594	978
3595	922
3596	996
3597	954
3598	937
3599	1074
3600	925
3601	953
3602	1004
3603	913
3604	930
3605	1039
3606	878
3607	994
3608	945
3609	1009
3610	979
3611	963
3612	912
3613	971
3614	937
3615	1043
3616	916
3617	1036
3618	879
3619	941
3620	992
3621	920
3622	951
3623	964
3624	977
3625	962
3626	931
3627	951
3628	939
3629	969
3630	947
3631	914
3632	969
3633	970
3634	907
3635	1001
3636	941
3637	1035
3638	1019
3639	910
3640	934
3641	956
3642	940
3643	963
3644	943
3645	921
3646	993
3647	956
3648	1018
3649	910
3650	973
3651	942
3652	993
3653	1007
3654	1012
3655	905
3656	1002
3657	948
3658	1038
3659	923
3660	944
3661	924
3662	939
3663	986
3664	979
3665	972
3666	1010
3667	919
3668	933
3669	947
3670	1039
3671	1016
3672	955
3673	981
3674	980
3675	986
3676	934
3677	1023
3678	1018
3679	923
3680	1022
3681	946
3682	949
3683	999
3684	993
3685	950
3686	897
3687	974
3688	1027
3689	1025
3690	983
3691	983
3692	983
3693	1029
3694	988
3695	962
3696	935
3697	1042
3698	1063
3699	1109
3700	1080
3701	1073
3702	937
3703	1078
3704	1077
3705	963
3706	1008
3707	1040
3708	1028
3709	1033
3710	1066
3711	1102
3712	1114
3713	1033
3714	935
3715	1060
3716	1030
3717	1059
3718	997
3719	1014
3720	971
3721	984
3722	950
3723	1006
3724	955
3725	1031
3726	942
3727	1072
3728	1005
3729	1080
3730	977
3731	948
3732	978
3733	957
3734	1008
3735	972
3736	996
3737	1080
3738	1042
3739	960
3740	971
3741	947
3742	1024
3743	940
3744	1034
3745	1098
3746	1010
3747	906
3748	1016
3749	998
3750	1020
3751	998
3752	1035
3753	1054
3754	994
3755	1029
3756	1037
3757	1002
3758	1046
3759	998
3760	1021
3761	1026
3762	1038
3763	998
3764	999
3765	968
3766	1027
3767	1054
3768	1142
3769	994
3770	1051
3771	1051
3772	1014
3773	1022
3774	1125
3775	1004
3776	1047
3777	954
3778	1064
3779	993
3780	1024
3781	1083
3782	932
3783	1029
3784	1079
3785	978
3786	934
3787	964
3788	983
3789	1045
3790	1012
3791	906
3792	899
3793	961
3794	954
3795	966
3796	1003
3797	967
3798	906
3799	1019
3800	909
3801	953
3802	983
3803	958
3804	987
3805	946
3806	919
3807	961
3808	929
3809	881
3810	971
3811	962
3812	877
3813	945
3814	903
3815	945
3816	960
3817	883
3818	1007
3819	955
3820	957
3821	923
3822	932
3823	876
3824	837
3825	898
3826	889
3827	884
3828	987
3829	939
3830	893
3831	914
3832	892
3833	917
3834	910
3835	861
3836	936
3837	917
3838	914
3839	887
3840	940
3841	926
3842	904
3843	917
3844	869
3845	853
3846	883
3847	880
3848	917
3849	839
3850	881
3851	958
3852	903
3853	919
3854	955
3855	872
3856	915
3857	992
3858	903
3859	876
3860	966
3861	1014
3862	992
3863	925
3864	888
3865	892
3866	967
3867	863
3868	920
3869	913
3870	857
3871	954
3872	933
3873	997
3874	973
3875	856
3876	1004
3877	891
3878	896
3879	966
3880	953
3881	931
3882	923
3883	965
3884	949
3885	898
3886	941
3887	897
3888	959
3889	999
3890	965
3891	944
3892	998
3893	844
3894	981
3895	894
3896	955
3897	992
3898	879
3899	882
3900	962
3901	917
3902	903
3903	1026
3904	1006
3905	883
3906	908
3907	997
3908	989
3909	1040
3910	1003
3911	992
3912	907
3913	988
3914	1047
3915	1153
3916	914
3917	986
3918	977
3919	1126
3920	1061
3921	997
3922	1030
3923	951
3924	968
3925	1000
3926	1148
3927	1010
3928	1051
3929	1124
3930	1050
3931	1050
3932	989
3933	1042
3934	1002
3935	973
3936	1060
3937	971
3938	1087
3939	1022
3940	976
3941	894
3942	979
3943	963
3944	1040
3945	1055
3946	932
3947	1000
3948	958
3949	957
3950	1099
3951	1190
3952	1120
3953	1117
3954	1176
3955	1009
3956	1175
3957	1211
3958	1201
3959	1253
3960	1265
3961	1318
3962	1160
3963	1192
3964	1130
3965	1311
3966	1177
3967	1166
3968	1268
3969	1145
3970	1277
3971	1246
3972	1335
3973	1035
3974	1170
3975	1128
3976	1364
3977	1227
3978	1376
3979	1223
3980	1257
3981	1139
3982	1219
3983	1223
3984	1098
3985	1146
3986	1020
3987	1087
3988	1076
3989	933
3990	1049
3991	966
3992	1107
3993	1094
3994	1131
3995	1178
3996	1048
3997	1214
3998	1158
3999	1435
4000	1250
4001	1088
4002	1128
4003	1155
4004	1189
4005	1202
4006	1120
4007	1054
4008	1244
4009	1201
4010	1288
4011	1187
4012	1361
4013	1335
4014	1186
4015	1426
4016	1146
4017	1165
4018	1190
4019	1346
4020	1280
4021	1619
4022	1245
4023	1104
4024	1198
4025	1132
4026	1175
4027	1297
4028	1112
4029	1272
4030	1535
4031	1222
4032	2109
4033	1107
4034	1065
4035	1213
4036	1124
4037	1061
4038	1166
4039	1104
4040	993
4041	1039
4042	1078
4043	976
4044	1047
4045	1026
4046	981
4047	1048
4048	978
4049	1015
4050	1108
4051	994
4052	1125
4053	1141
4054	1086
4055	1120
4056	1075
4057	1079
4058	1055
4059	1180
4060	1216
4061	1237
4062	1109
4063	1062
4064	1186
4065	1213
4066	1104
4067	1128
4068	1050
4069	917
4070	1090
4071	1136
4072	1405
4073	1012
4074	1016
4075	1169
4076	1007
4077	1155
4078	1156
4079	1191
4080	1076
4081	1079
4082	1112
4083	1070
4084	972
4085	1028
4086	1235
4087	1181
4088	1077
4089	1061
4090	1103
4091	1006
4092	1004
4093	1169
4094	962
4095	1114
4096	1103
4097	1270
4098	1250
4099	961
4100	1047
4101	1004
4102	991
4103	1033
4104	1030
4105	866
4106	969
4107	1024
4108	961
4109	981
4110	1105
4111	1187
4112	949
4113	967
4114	974
4115	1008
4116	1048
4117	907
4118	943
4119	1043
4120	1043
4121	1018
4122	1125
4123	874
4124	944
4125	954
4126	1022
4127	1013
4128	925
4129	890
4130	879
4131	993
4132	936
4133	924
4134	1018
4135	918
4136	874
4137	872
4138	940
4139	928
4140	904
4141	985
4142	874
4143	873
4144	900
4145	839
4146	828
4147	872
4148	810
4149	921
4150	894
4151	884
4152	864
4153	914
4154	920
4155	805
4156	865
4157	870
4158	869
4159	810
4160	892
4161	847
4162	842
4163	845
4164	673
4165	801
4166	793
4167	979
4168	784
4169	733
4170	844
4171	875
4172	821
4173	826
4174	779
4175	814
4176	758
4177	776
4178	777
4179	761
4180	795
4181	844
4182	847
4183	829
4184	814
4185	878
4186	783
4187	840
4188	778
4189	750
4190	767
4191	805
4192	795
4193	775
4194	762
4195	736
4196	797
4197	786
4198	754
4199	808
4200	838
4201	763
4202	781
4203	870
4204	807
4205	762
4206	781
4207	817
4208	848
4209	770
4210	816
4211	730
4212	781
4213	771
4214	817
4215	859
4216	796
4217	830
4218	825
4219	728
4220	731
4221	772
4222	819
4223	807
4224	779
4225	769
4226	774
4227	825
4228	833
4229	850
4230	792
4231	736
4232	782
4233	780
4234	769
4235	708
4236	793
4237	742
4238	845
4239	778
4240	786
4241	748
4242	723
4243	741
4244	804
4245	686
4246	749
4247	795
4248	756
4249	813
4250	802
4251	813
4252	767
4253	817
4254	751
4255	716
4256	761
4257	803
4258	759
4259	854
4260	780
4261	839
4262	791
4263	811
4264	802
4265	830
4266	801
4267	810
4268	835
4269	696
4270	764
4271	802
4272	828
4273	802
4274	826
4275	730
4276	859
4277	742
4278	783
4279	811
4280	835
4281	707
4282	778
4283	802
4284	758
4285	753
4286	776
4287	779
4288	859
4289	770
4290	790
4291	777
4292	799
4293	757
4294	785
4295	762
4296	776
4297	754
4298	837
4299	808
4300	870
4301	814
4302	808
4303	879
4304	975
4305	820
4306	795
4307	813
4308	804
4309	817
4310	822
4311	817
4312	866
4313	835
4314	917
4315	957
4316	825
4317	845
4318	816
4319	866
4320	842
4321	799
4322	867
4323	877
4324	752
4325	776
4326	756
4327	771
4328	783
4329	821
4330	773
4331	750
4332	935
4333	802
4334	734
4335	858
4336	804
4337	763
4338	764
4339	774
4340	760
4341	691
4342	807
4343	831
4344	794
4345	727
4346	776
4347	787
4348	753
4349	766
4350	754
4351	784
4352	788
4353	762
4354	801
4355	816
4356	692
4357	766
4358	727
4359	743
4360	703
4361	733
4362	761
4363	763
4364	745
4365	763
4366	658
4367	829
4368	765
4369	740
4370	748
4371	751
4372	732
4373	750
4374	751
4375	831
4376	740
4377	757
4378	705
4379	786
4380	686
4381	675
4382	749
4383	693
4384	730
4385	766
4386	761
4387	758
4388	771
4389	729
4390	670
4391	757
4392	729
4393	652
4394	754
4395	705
4396	734
4397	685
4398	690
4399	743
4400	716
4401	767
4402	780
4403	741
4404	717
4405	748
4406	739
4407	737
4408	699
4409	747
4410	712
4411	759
4412	741
4413	767
4414	738
4415	774
4416	748
4417	708
4418	729
4419	682
4420	751
4421	744
4422	736
4423	775
4424	704
4425	695
4426	807
4427	723
4428	771
4429	726
4430	717
4431	770
4432	656
4433	685
4434	705
4435	672
4436	685
4437	652
4438	710
4439	664
4440	679
4441	672
4442	667
4443	669
4444	710
4445	678
4446	707
4447	698
4448	764
4449	728
4450	767
4451	725
4452	736
4453	730
4454	715
4455	693
4456	716
4457	683
4458	801
4459	662
4460	678
4461	738
4462	679
4463	719
4464	692
4465	693
4466	734
4467	692
4468	725
4469	730
4470	691
4471	720
4472	703
4473	763
4474	732
4475	760
4476	716
4477	773
4478	717
4479	763
4480	642
4481	783
4482	695
4483	687
4484	721
4485	633
4486	757
4487	686
4488	657
4489	656
4490	705
4491	712
4492	700
4493	738
4494	746
4495	692
4496	714
4497	759
4498	741
4499	703
4500	665
4501	716
4502	686
4503	688
4504	683
4505	751
4506	661
4507	722
4508	800
4509	680
4510	704
4511	773
4512	649
4513	657
4514	693
4515	725
4516	725
4517	756
4518	692
4519	741
4520	723
4521	751
4522	733
4523	724
4524	755
4525	750
4526	783
4527	733
4528	717
4529	740
4530	770
4531	682
4532	731
4533	716
4534	674
4535	663
4536	688
4537	693
4538	799
4539	641
4540	720
4541	680
4542	719
4543	734
4544	678
4545	695
4546	730
4547	734
4548	694
4549	684
4550	704
4551	728
4552	648
4553	716
4554	688
4555	690
4556	724
4557	657
4558	786
4559	707
4560	757
4561	713
4562	654
4563	787
4564	689
4565	704
4566	706
4567	733
4568	715
4569	672
4570	697
4571	647
4572	699
4573	718
4574	640
4575	710
4576	705
4577	721
4578	695
4579	641
4580	797
4581	677
4582	774
4583	676
4584	687
4585	621
4586	648
4587	627
4588	654
4589	630
4590	621
4591	621
4592	636
4593	576
4594	657
4595	643
4596	613
4597	665
4598	649
4599	651
4600	725
4601	632
4602	649
4603	662
4604	602
4605	627
4606	642
4607	660
4608	637
4609	574
4610	670
4611	690
4612	651
4613	702
4614	577
4615	692
4616	743
4617	668
4618	630
4619	634
4620	635
4621	669
4622	650
4623	616
4624	643
4625	631
4626	665
4627	580
4628	658
4629	652
4630	676
4631	623
4632	624
4633	677
4634	641
4635	711
4636	635
4637	698
4638	701
4639	633
4640	622
4641	686
4642	688
4643	703
4644	723
4645	753
4646	739
4647	677
4648	668
4649	708
4650	692
4651	627
4652	693
4653	657
4654	705
4655	611
4656	624
4657	634
4658	634
4659	657
4660	611
4661	655
4662	663
4663	683
4664	633
4665	626
4666	707
4667	607
4668	597
4669	561
4670	694
4671	690
4672	695
4673	697
4674	730
4675	656
4676	672
4677	692
4678	605
4679	663
4680	718
4681	652
4682	628
4683	636
4684	691
4685	626
4686	674
4687	623
4688	656
4689	624
4690	676
4691	611
4692	693
4693	703
4694	672
4695	692
4696	653
4697	612
4698	718
4699	629
4700	648
4701	604
4702	652
4703	678
4704	678
4705	616
4706	661
4707	689
4708	652
4709	659
4710	645
4711	622
4712	730
4713	634
4714	661
4715	654
4716	629
4717	638
4718	639
4719	624
4720	658
4721	667
4722	620
4723	643
4724	645
4725	632
4726	622
4727	646
4728	628
4729	625
4730	669
4731	654
4732	687
4733	608
4734	621
4735	697
4736	613
4737	611
4738	708
4739	653
4740	656
4741	662
4742	624
4743	654
4744	650
4745	642
4746	638
4747	671
4748	586
4749	661
4750	641
4751	707
4752	674
4753	643
4754	677
4755	681
4756	661
4757	670
4758	648
4759	687
4760	721
4761	602
4762	665
4763	670
4764	651
4765	622
4766	611
4767	664
4768	689
4769	696
4770	627
4771	648
4772	708
4773	658
4774	708
4775	672
4776	671
4777	664
4778	600
4779	629
4780	732
4781	650
4782	694
4783	706
4784	700
4785	680
4786	692
4787	675
4788	612
4789	621
4790	713
4791	665
4792	677
4793	686
4794	695
4795	656
4796	615
4797	666
4798	651
4799	652
4800	704
4801	630
4802	700
4803	635
4804	890
4805	754
4806	673
4807	717
4808	677
4809	630
4810	724
4811	720
4812	714
4813	724
4814	681
4815	757
4816	702
4817	720
4818	708
4819	692
4820	694
4821	631
4822	661
4823	704
4824	725
4825	672
4826	773
4827	739
4828	674
4829	784
4830	684
4831	695
4832	745
4833	671
4834	737
4835	720
4836	773
4837	806
4838	729
4839	732
4840	773
4841	651
4842	712
4843	769
4844	726
4845	761
4846	741
4847	742
4848	715
4849	768
4850	815
4851	757
4852	882
4853	739
4854	776
4855	784
4856	704
4857	708
4858	740
4859	763
4860	808
4861	782
4862	751
4863	784
4864	798
4865	771
4866	804
4867	792
4868	684
4869	779
4870	680
4871	759
4872	692
4873	691
4874	752
4875	709
4876	708
4877	774
4878	709
4879	693
4880	685
4881	629
4882	720
4883	715
4884	662
4885	738
4886	785
4887	735
4888	706
4889	651
4890	737
4891	672
4892	735
4893	687
4894	785
4895	625
4896	744
4897	676
4898	635
4899	739
4900	715
4901	705
4902	658
4903	710
4904	696
4905	661
4906	753
4907	702
4908	658
4909	635
4910	608
4911	660
4912	614
4913	648
4914	734
4915	718
4916	695
4917	660
4918	636
4919	620
4920	649
4921	688
4922	637
4923	694
4924	592
4925	690
4926	595
4927	702
4928	732
4929	593
4930	651
4931	609
4932	666
4933	636
4934	693
4935	683
4936	601
4937	586
4938	618
4939	683
4940	653
4941	619
4942	619
4943	633
4944	641
4945	670
4946	698
4947	710
4948	625
4949	646
4950	657
4951	628
4952	707
4953	697
4954	632
4955	678
4956	626
4957	689
4958	656
4959	646
4960	694
4961	667
4962	636
4963	682
4964	554
4965	652
4966	600
4967	657
4968	714
4969	637
4970	603
4971	608
4972	570
4973	631
4974	643
4975	593
4976	642
4977	646
4978	591
4979	591
4980	619
4981	675
4982	640
4983	650
4984	593
4985	585
4986	554
4987	629
4988	647
4989	593
4990	586
4991	544
4992	660
4993	636
4994	629
4995	644
4996	650
4997	600
4998	609
4999	605
5000	571
5001	613
5002	627
5003	622
5004	614
5005	652
5006	589
5007	616
5008	594
5009	559
5010	591
5011	531
5012	601
5013	562
5014	571
5015	600
5016	532
5017	589
5018	572
5019	648
5020	640
5021	563
5022	530
5023	586
5024	570
5025	591
5026	614
5027	640
5028	640
5029	608
5030	570
5031	547
5032	665
5033	589
5034	564
5035	556
5036	554
5037	607
5038	570
5039	580
5040	597
5041	653
5042	577
5043	676
5044	570
5045	570
5046	547
5047	576
5048	572
5049	541
5050	619
5051	604
5052	531
5053	529
5054	586
5055	579
5056	625
5057	617
5058	581
5059	560
5060	576
5061	609
5062	541
5063	557
5064	524
5065	596
5066	608
5067	595
5068	574
5069	551
5070	492
5071	610
5072	601
5073	617
5074	585
5075	570
5076	562
5077	563
5078	592
5079	624
5080	606
5081	532
5082	540
5083	605
5084	586
5085	582
5086	601
5087	624
5088	609
5089	565
5090	567
5091	595
5092	585
5093	581
5094	588
5095	539
5096	547
5097	537
5098	601
5099	585
5100	498
5101	466
5102	553
5103	562
5104	552
5105	540
5106	575
5107	544
5108	545
5109	596
5110	491
5111	551
5112	563
5113	555
5114	593
5115	533
5116	523
5117	564
5118	530
5119	462
5120	548
5121	607
5122	564
5123	608
5124	489
5125	622
5126	554
5127	518
5128	504
5129	512
5130	571
5131	528
5132	537
5133	511
5134	539
5135	573
5136	517
5137	559
5138	530
5139	539
5140	541
5141	542
5142	517
5143	560
5144	531
5145	495
5146	536
5147	545
5148	566
5149	543
5150	534
5151	528
5152	556
5153	550
5154	628
5155	518
5156	554
5157	518
5158	518
5159	515
5160	584
5161	521
5162	542
5163	602
5164	536
5165	538
5166	533
5167	522
5168	558
5169	517
5170	545
5171	508
5172	500
5173	549
5174	539
5175	540
5176	588
5177	519
5178	531
5179	522
5180	555
5181	571
5182	557
5183	520
5184	542
5185	552
5186	502
5187	564
5188	509
5189	588
5190	553
5191	589
5192	472
5193	550
5194	504
5195	560
5196	544
5197	555
5198	553
5199	559
5200	509
5201	541
5202	511
5203	543
5204	605
5205	500
5206	566
5207	574
5208	596
5209	546
5210	540
5211	469
5212	523
5213	556
5214	546
5215	494
5216	510
5217	572
5218	577
5219	573
5220	518
5221	549
5222	536
5223	541
5224	495
5225	520
5226	527
5227	527
5228	536
5229	506
5230	529
5231	562
5232	533
5233	565
5234	574
5235	584
5236	535
5237	528
5238	621
5239	521
5240	498
5241	567
5242	580
5243	521
5244	552
5245	566
5246	611
5247	564
5248	564
5249	518
5250	558
5251	519
5252	536
5253	524
5254	578
5255	541
5256	590
5257	530
5258	515
5259	512
5260	502
5261	540
5262	500
5263	524
5264	481
5265	527
5266	532
5267	510
5268	513
5269	551
5270	528
5271	545
5272	527
5273	533
5274	493
5275	507
5276	553
5277	498
5278	510
5279	499
5280	477
5281	540
5282	495
5283	511
5284	578
5285	540
5286	484
5287	534
5288	537
5289	535
5290	548
5291	567
5292	554
5293	508
5294	535
5295	478
5296	592
5297	516
5298	514
5299	558
5300	547
5301	480
5302	518
5303	528
5304	521
5305	492
5306	517
5307	482
5308	610
5309	559
5310	528
5311	458
5312	549
5313	513
5314	537
5315	575
5316	506
5317	507
5318	477
5319	514
5320	500
5321	539
5322	525
5323	464
5324	536
5325	535
5326	560
5327	533
5328	491
5329	539
5330	520
5331	491
5332	502
5333	508
5334	485
5335	515
5336	548
5337	490
5338	487
5339	570
5340	524
5341	514
5342	507
5343	499
5344	506
5345	486
5346	531
5347	470
5348	552
5349	515
5350	546
5351	547
5352	462
5353	489
5354	534
5355	508
5356	518
5357	499
5358	495
5359	476
5360	550
5361	515
5362	519
5363	507
5364	528
5365	520
5366	496
5367	508
5368	516
5369	551
5370	438
5371	498
5372	520
5373	526
5374	553
5375	508
5376	502
5377	501
5378	478
5379	538
5380	500
5381	564
5382	522
5383	510
5384	476
5385	482
5386	503
5387	516
5388	512
5389	533
5390	507
5391	542
5392	540
5393	523
5394	532
5395	535
5396	501
5397	578
5398	564
5399	469
5400	539
5401	472
5402	499
5403	550
5404	522
5405	514
5406	530
5407	474
5408	559
5409	568
5410	522
5411	503
5412	541
5413	553
5414	516
5415	520
5416	560
5417	541
5418	601
5419	576
5420	551
5421	577
5422	491
5423	525
5424	495
5425	493
5426	566
5427	545
5428	539
5429	556
5430	532
5431	519
5432	543
5433	548
5434	564
5435	511
5436	609
5437	617
5438	563
5439	576
5440	526
5441	623
5442	561
5443	559
5444	603
5445	583
5446	621
5447	587
5448	586
5449	560
5450	545
5451	515
5452	530
5453	579
5454	598
5455	575
5456	603
5457	595
5458	568
5459	587
5460	566
5461	591
5462	598
5463	593
5464	629
5465	613
5466	614
5467	562
5468	635
5469	697
5470	638
5471	669
5472	769
5473	727
5474	784
5475	701
5476	659
5477	816
5478	758
5479	849
5480	806
5481	803
5482	829
5483	805
5484	972
5485	823
5486	884
5487	918
5488	898
5489	818
5490	826
5491	893
5492	781
5493	939
5494	956
5495	926
5496	1022
5497	1085
5498	1006
5499	1010
5500	901
5501	837
5502	951
5503	851
5504	917
5505	805
5506	927
5507	957
5508	830
5509	946
5510	874
5511	958
5512	853
5513	937
5514	830
5515	1033
5516	942
5517	954
5518	960
5519	1092
5520	999
5521	1039
5522	1017
5523	867
5524	979
5525	1106
5526	1010
5527	931
5528	1010
5529	1064
5530	996
5531	921
5532	1008
5533	1107
5534	1020
5535	1156
5536	1210
5537	947
5538	1051
5539	897
5540	1144
5541	1071
5542	1041
5543	1162
5544	1031
5545	1034
5546	1058
5547	893
5548	1027
5549	931
5550	962
5551	1020
5552	986
5553	990
5554	974
5555	1010
5556	1154
5557	891
5558	990
5559	977
5560	1011
5561	818
5562	1008
5563	920
5564	900
5565	954
5566	1051
5567	999
5568	844
5569	946
5570	972
5571	849
5572	1052
5573	959
5574	944
5575	931
5576	831
5577	821
5578	951
5579	890
5580	878
5581	854
5582	878
5583	906
5584	800
5585	816
5586	799
5587	932
5588	696
5589	779
5590	878
5591	832
5592	883
5593	831
5594	712
5595	744
5596	790
5597	684
5598	729
5599	714
5600	710
5601	891
5602	761
5603	690
5604	701
5605	728
5606	726
5607	705
5608	695
5609	722
5610	703
5611	701
5612	687
5613	753
5614	719
5615	753
5616	697
5617	626
5618	756
5619	708
5620	722
5621	630
5622	641
5623	685
5624	677
5625	694
5626	699
5627	675
5628	713
5629	735
5630	607
5631	642
5632	736
5633	692
5634	715
5635	672
5636	617
5637	658
5638	668
5639	632
5640	651
5641	684
5642	626
5643	615
5644	651
5645	668
5646	671
5647	736
5648	623
5649	589
5650	595
5651	692
5652	570
5653	646
5654	652
5655	593
5656	624
5657	651
5658	607
5659	582
5660	507
5661	611
5662	603
5663	635
5664	617
5665	540
5666	636
5667	545
5668	596
5669	573
5670	579
5671	591
5672	580
5673	590
5674	566
5675	516
5676	537
5677	531
5678	534
5679	574
5680	586
5681	579
5682	528
5683	522
5684	554
5685	536
5686	544
5687	509
5688	607
5689	557
5690	563
5691	552
5692	557
5693	521
5694	576
5695	597
5696	549
5697	564
5698	632
5699	571
5700	542
5701	592
5702	558
5703	621
5704	608
5705	612
5706	582
5707	583
5708	561
5709	626
5710	574
5711	552
5712	616
5713	605
5714	623
5715	586
5716	624
5717	619
5718	604
5719	643
5720	569
5721	608
5722	592
5723	608
5724	589
5725	610
5726	660
5727	743
5728	658
5729	627
5730	669
5731	628
5732	649
5733	621
5734	602
5735	603
5736	617
5737	552
5738	631
5739	630
5740	627
5741	702
5742	614
5743	616
5744	674
5745	663
5746	633
5747	686
5748	563
5749	597
5750	631
5751	632
5752	642
5753	696
5754	646
5755	544
5756	582
5757	630
5758	582
5759	634
5760	699
5761	695
5762	584
5763	688
5764	633
5765	641
5766	655
5767	628
5768	660
5769	593
5770	714
5771	677
5772	674
5773	640
5774	663
5775	648
5776	665
5777	706
5778	733
5779	681
5780	706
5781	663
5782	697
5783	710
5784	712
5785	650
5786	680
5787	829
5788	767
5789	769
5790	747
5791	806
5792	686
5793	784
5794	641
5795	669
5796	606
5797	722
5798	715
5799	707
5800	685
5801	634
5802	617
5803	626
5804	670
5805	611
5806	683
5807	636
5808	680
5809	609
5810	634
5811	629
5812	672
5813	574
5814	563
5815	630
5816	559
5817	601
5818	586
5819	567
5820	635
5821	563
5822	687

