## htsjdk.samtools.metrics.StringHeader
# CollectInsertSizeMetrics HISTOGRAM_FILE=/work/ugbogu/pipeline/data/nbl/GSE189367/results/picard/SRR17011004_insert_size_histogram.pdf MINIMUM_PCT=0.5 INPUT=/work/ugbogu/pipeline/data/nbl/GSE189367/results/star/SRR17011004.Aligned.sortedByCoord.out.bam OUTPUT=/work/ugbogu/pipeline/data/nbl/GSE189367/results/picard/SRR17011004_insert_size_metrics.txt    DEVIATIONS=10.0 METRIC_ACCUMULATION_LEVEL=[ALL_READS] INCLUDE_DUPLICATES=false ASSUME_SORTED=true STOP_AFTER=0 VERBOSITY=INFO QUIET=false VALIDATION_STRINGENCY=STRICT COMPRESSION_LEVEL=5 MAX_RECORDS_IN_RAM=500000 CREATE_INDEX=false CREATE_MD5_FILE=false USE_JDK_DEFLATER=false USE_JDK_INFLATER=false
## htsjdk.samtools.metrics.StringHeader
# Started on: Thu Apr 09 21:39:25 UTC 2026

## METRICS CLASS	picard.analysis.InsertSizeMetrics
MEDIAN_INSERT_SIZE	MODE_INSERT_SIZE	MEDIAN_ABSOLUTE_DEVIATION	MIN_INSERT_SIZE	MAX_INSERT_SIZE	MEAN_INSERT_SIZE	STANDARD_DEVIATION	READ_PAIRS	PAIR_ORIENTATION	WIDTH_OF_10_PERCENT	WIDTH_OF_20_PERCENT	WIDTH_OF_30_PERCENT	WIDTH_OF_40_PERCENT	WIDTH_OF_50_PERCENT	WIDTH_OF_60_PERCENT	WIDTH_OF_70_PERCENT	WIDTH_OF_80_PERCENT	WIDTH_OF_90_PERCENT	WIDTH_OF_95_PERCENT	WIDTH_OF_99_PERCENT	SAMPLE	LIBRARY	READ_GROUP
562	134	442	27	2735702	937.662205	1178.616794	24283839	FR	439	659	767	833	885	1273	3297	7215	19571	57181	154625			

## HISTOGRAM	java.lang.Integer
insert_size	All_Reads.fr_count
27	1
28	2
30	1
31	5
32	1
33	12
34	12
35	119
36	132
37	131
38	163
39	155
40	192
41	180
42	218
43	270
44	245
45	302
46	279
47	279
48	369
49	409
50	451
51	546
52	479
53	566
54	606
55	591
56	669
57	826
58	1032
59	1083
60	1145
61	1234
62	1513
63	1573
64	1683
65	1774
66	1892
67	2342
68	2734
69	2904
70	3219
71	3751
72	3871
73	4741
74	5101
75	10067
76	7249
77	6880
78	8893
79	8213
80	8642
81	9955
82	10583
83	11651
84	12557
85	13440
86	14655
87	16096
88	17187
89	18429
90	20084
91	22236
92	24525
93	26195
94	28587
95	30441
96	32528
97	35691
98	38048
99	41080
100	43464
101	45041
102	47101
103	49316
104	53790
105	58252
106	60251
107	61658
108	63115
109	66119
110	66918
111	68202
112	69639
113	71771
114	73523
115	75304
116	77295
117	79931
118	82614
119	82551
120	83768
121	87428
122	86025
123	89375
124	90841
125	88635
126	88510
127	88789
128	88952
129	88744
130	90113
131	90475
132	89801
133	93467
134	94649
135	91368
136	90758
137	90353
138	88769
139	88816
140	89282
141	88505
142	87093
143	87867
144	86802
145	85016
146	83679
147	81156
148	82904
149	81738
150	79906
151	81642
152	79766
153	79614
154	79937
155	77789
156	76809
157	76771
158	75673
159	73225
160	73161
161	71930
162	71212
163	69580
164	68334
165	67536
166	66537
167	65900
168	64987
169	64915
170	65103
171	62969
172	62257
173	61413
174	60173
175	60637
176	59158
177	57921
178	57339
179	57023
180	56924
181	55917
182	54838
183	53277
184	52583
185	51774
186	51276
187	51206
188	50401
189	49097
190	48791
191	48249
192	47324
193	47144
194	46129
195	45717
196	44457
197	44536
198	43616
199	43558
200	43336
201	42703
202	42615
203	41829
204	40982
205	40694
206	40092
207	39312
208	39065
209	38683
210	37844
211	37849
212	37396
213	36849
214	36124
215	36497
216	34969
217	35126
218	34886
219	34073
220	33966
221	34248
222	33184
223	32992
224	32287
225	32102
226	31968
227	31870
228	31157
229	31227
230	31648
231	30669
232	30669
233	30662
234	29709
235	29251
236	29428
237	28376
238	28212
239	27839
240	27087
241	27198
242	26549
243	26036
244	25837
245	25919
246	25349
247	25561
248	25178
249	24757
250	24729
251	24078
252	24201
253	23621
254	23325
255	23274
256	23317
257	23163
258	22824
259	22786
260	22142
261	22091
262	21905
263	21975
264	21516
265	21382
266	20738
267	20437
268	20726
269	20286
270	20014
271	20200
272	19583
273	19659
274	19615
275	19230
276	19324
277	18786
278	18586
279	18463
280	18195
281	18342
282	17786
283	17963
284	17485
285	17563
286	17299
287	16928
288	17176
289	16763
290	16882
291	16617
292	16539
293	16090
294	15955
295	15935
296	15716
297	15661
298	15788
299	15299
300	14857
301	14926
302	14667
303	14706
304	14513
305	14412
306	14454
307	14312
308	14060
309	14164
310	13642
311	13628
312	13502
313	13409
314	13510
315	13532
316	12789
317	13093
318	13000
319	12741
320	12764
321	12865
322	12790
323	12429
324	12044
325	12216
326	11567
327	11843
328	11617
329	11741
330	11934
331	11597
332	11820
333	11679
334	11544
335	11157
336	11540
337	11375
338	10932
339	10935
340	10842
341	10671
342	10744
343	10471
344	10544
345	10544
346	10629
347	10063
348	10351
349	10191
350	10183
351	10049
352	10334
353	9914
354	9933
355	9706
356	9594
357	9446
358	9765
359	9975
360	9840
361	9638
362	9367
363	9306
364	8844
365	9436
366	8997
367	9138
368	9051
369	8796
370	8645
371	8613
372	8445
373	8622
374	8707
375	8492
376	8303
377	8279
378	8450
379	8078
380	8240
381	8070
382	8100
383	8051
384	8222
385	7941
386	8237
387	8364
388	7957
389	7526
390	7875
391	8066
392	7760
393	7810
394	7780
395	7363
396	7743
397	7811
398	7562
399	7589
400	7453
401	7567
402	7383
403	7546
404	6998
405	7091
406	7032
407	6948
408	6967
409	7095
410	6960
411	6953
412	6949
413	6928
414	7006
415	6552
416	6771
417	6886
418	6846
419	6869
420	6508
421	6592
422	6610
423	6704
424	6683
425	6639
426	6584
427	6468
428	6944
429	6866
430	6211
431	6485
432	6615
433	6340
434	6594
435	6371
436	6442
437	6346
438	6104
439	6126
440	6190
441	6365
442	6259
443	6263
444	6376
445	6231
446	6134
447	6240
448	6145
449	6035
450	6419
451	6030
452	6151
453	6030
454	6279
455	6128
456	5995
457	5948
458	6121
459	5773
460	5830
461	5641
462	5614
463	5751
464	5806
465	5595
466	5700
467	5639
468	5589
469	5623
470	5562
471	5630
472	5589
473	5583
474	5424
475	5503
476	5269
477	5653
478	5501
479	5409
480	5413
481	5260
482	5450
483	5293
484	5252
485	5518
486	5204
487	5329
488	5447
489	5488
490	5317
491	5073
492	5481
493	5310
494	5326
495	5532
496	5187
497	5215
498	5426
499	5340
500	5321
501	5210
502	5096
503	5369
504	5249
505	5393
506	5069
507	5459
508	5355
509	5478
510	5409
511	5319
512	5290
513	5345
514	5176
515	5244
516	5047
517	5307
518	5327
519	5417
520	5201
521	5331
522	5211
523	5285
524	5107
525	5197
526	5129
527	5250
528	5096
529	5102
530	5354
531	5099
532	5068
533	5242
534	5014
535	5338
536	5240
537	5487
538	5279
539	5185
540	5415
541	5281
542	5316
543	5364
544	5188
545	5134
546	5210
547	5089
548	4844
549	4862
550	5089
551	5079
552	5132
553	5109
554	4953
555	5061
556	5072
557	4870
558	4950
559	4993
560	4950
561	4830
562	5198
563	4812
564	5155
565	5127
566	5066
567	4895
568	5125
569	4968
570	5040
571	5061
572	4837
573	4866
574	5054
575	4962
576	4808
577	4868
578	5029
579	4683
580	4919
581	4788
582	4972
583	4974
584	4952
585	4928
586	5087
587	4883
588	4913
589	5048
590	4844
591	4812
592	4716
593	4902
594	4624
595	4808
596	4795
597	4848
598	4831
599	4959
600	4641
601	4831
602	4627
603	4656
604	4726
605	4647
606	4593
607	4808
608	4489
609	4609
610	4667
611	4561
612	4532
613	4464
614	4702
615	4749
616	4626
617	4653
618	4608
619	4738
620	4779
621	4535
622	4540
623	4542
624	4668
625	4658
626	4762
627	4753
628	4734
629	4530
630	4540
631	4439
632	4573
633	4599
634	4662
635	4594
636	4672
637	4457
638	4599
639	4576
640	4809
641	4511
642	4501
643	4359
644	4384
645	4604
646	4676
647	4468
648	4293
649	5006
650	4485
651	4499
652	4561
653	4545
654	4436
655	4571
656	4308
657	4440
658	4396
659	4508
660	4520
661	4382
662	4488
663	4603
664	4506
665	4520
666	4508
667	4585
668	4644
669	4525
670	4405
671	4547
672	4575
673	4440
674	4445
675	4272
676	4391
677	4369
678	4590
679	4467
680	4432
681	4491
682	4537
683	4333
684	4310
685	4467
686	4219
687	4363
688	4417
689	4353
690	4544
691	4619
692	4571
693	4619
694	4590
695	4663
696	4602
697	4703
698	4315
699	4666
700	4277
701	4573
702	4474
703	4517
704	4387
705	4407
706	4613
707	4467
708	4423
709	4628
710	4505
711	4544
712	4420
713	4301
714	4451
715	4544
716	4550
717	4390
718	4403
719	4365
720	4338
721	4453
722	4276
723	4516
724	4574
725	4471
726	4515
727	4470
728	4318
729	4443
730	4425
731	4258
732	4271
733	4290
734	4695
735	4451
736	4416
737	4425
738	4513
739	4374
740	4300
741	4469
742	4635
743	4298
744	4439
745	4480
746	4053
747	4470
748	4199
749	4375
750	4403
751	4329
752	4368
753	4438
754	4265
755	4220
756	4130
757	4312
758	4350
759	4460
760	4247
761	4191
762	4541
763	4106
764	4412
765	4410
766	4189
767	4248
768	4248
769	4294
770	4478
771	4176
772	4141
773	4126
774	4242
775	4103
776	4114
777	4217
778	4181
779	4069
780	4213
781	4144
782	4118
783	4067
784	4057
785	4145
786	4198
787	4182
788	4329
789	3935
790	4014
791	4036
792	4160
793	4121
794	4186
795	4214
796	4232
797	3952
798	4169
799	4036
800	3866
801	3945
802	4173
803	4167
804	4214
805	4027
806	4143
807	3998
808	4049
809	3950
810	3937
811	3921
812	4028
813	3960
814	3815
815	3879
816	3968
817	3800
818	3794
819	3818
820	3818
821	3847
822	3842
823	3729
824	3783
825	3593
826	3822
827	3788
828	3887
829	3770
830	4009
831	3823
832	3810
833	3726
834	3814
835	3820
836	3692
837	3988
838	3841
839	3997
840	3692
841	3991
842	3771
843	3910
844	3986
845	3848
846	3829
847	3670
848	3907
849	3581
850	3727
851	3761
852	3652
853	3552
854	3689
855	4083
856	3865
857	3868
858	3843
859	3685
860	4063
861	3905
862	3723
863	3573
864	4005
865	3732
866	3885
867	3838
868	3844
869	3835
870	3659
871	3951
872	3834
873	3939
874	3932
875	3510
876	4112
877	3842
878	3870
879	3693
880	3851
881	3706
882	3928
883	3786
884	3652
885	3847
886	3770
887	3896
888	3748
889	3827
890	4064
891	4010
892	3890
893	4048
894	4009
895	3732
896	3719
897	3571
898	3782
899	3472
900	3781
901	3834
902	3676
903	3769
904	3714
905	3832
906	3652
907	3654
908	3786
909	3758
910	3733
911	3791
912	3726
913	3728
914	3730
915	3563
916	3799
917	3679
918	3720
919	3922
920	3875
921	3865
922	3973
923	3778
924	3810
925	3702
926	3546
927	3649
928	3561
929	3875
930	3633
931	3676
932	3742
933	3640
934	3698
935	3875
936	3766
937	3885
938	3556
939	3700
940	3717
941	3695
942	3758
943	3660
944	3725
945	3601
946	3550
947	3684
948	3688
949	3580
950	3624
951	3763
952	3525
953	3710
954	3463
955	3365
956	3641
957	3625
958	3598
959	3502
960	3470
961	3444
962	3530
963	3549
964	3387
965	3539
966	3727
967	3488
968	3563
969	3343
970	3421
971	3460
972	3456
973	3411
974	3575
975	3446
976	3501
977	3500
978	3221
979	3474
980	3464
981	3329
982	3314
983	3354
984	3402
985	3314
986	3301
987	3267
988	3431
989	3329
990	3373
991	3318
992	3285
993	3313
994	3439
995	3526
996	3448
997	3154
998	3417
999	3451
1000	3516
1001	3304
1002	3340
1003	3261
1004	3205
1005	3374
1006	3238
1007	3404
1008	3319
1009	3177
1010	3217
1011	3246
1012	3298
1013	3277
1014	3350
1015	3322
1016	3295
1017	3305
1018	3308
1019	3317
1020	3307
1021	3205
1022	3212
1023	3191
1024	3218
1025	3142
1026	3223
1027	3182
1028	3159
1029	3352
1030	3086
1031	3131
1032	3059
1033	3022
1034	3112
1035	3023
1036	3174
1037	3147
1038	2956
1039	3090
1040	3080
1041	3150
1042	3056
1043	3052
1044	3079
1045	3151
1046	3022
1047	3006
1048	3059
1049	3147
1050	3035
1051	2979
1052	3144
1053	3067
1054	3208
1055	2950
1056	2999
1057	2966
1058	3158
1059	2967
1060	3196
1061	3104
1062	2932
1063	3011
1064	3065
1065	2925
1066	2936
1067	2972
1068	2991
1069	2987
1070	2975
1071	2859
1072	2916
1073	2961
1074	2907
1075	2892
1076	3063
1077	3044
1078	3168
1079	2917
1080	2958
1081	2916
1082	3016
1083	2997
1084	2899
1085	2893
1086	3089
1087	2973
1088	2982
1089	2914
1090	2943
1091	2943
1092	2775
1093	2814
1094	2917
1095	3024
1096	3100
1097	2938
1098	2923
1099	3049
1100	2805
1101	2987
1102	2973
1103	2936
1104	3094
1105	2928
1106	3094
1107	3096
1108	3160
1109	3042
1110	3014
1111	2997
1112	3073
1113	3160
1114	3067
1115	3065
1116	2929
1117	3055
1118	3013
1119	3009
1120	3212
1121	2962
1122	2986
1123	3004
1124	3234
1125	3034
1126	2884
1127	3110
1128	3001
1129	3075
1130	3192
1131	3085
1132	3018
1133	3155
1134	3006
1135	2999
1136	3060
1137	3100
1138	3254
1139	3121
1140	3032
1141	3247
1142	3017
1143	3157
1144	3015
1145	3109
1146	3239
1147	3178
1148	3184
1149	3077
1150	3071
1151	3463
1152	3187
1153	3088
1154	2950
1155	3066
1156	3156
1157	3343
1158	3283
1159	3267
1160	3047
1161	3289
1162	3264
1163	3186
1164	3295
1165	3144
1166	3174
1167	3218
1168	3134
1169	2984
1170	2923
1171	2912
1172	2949
1173	3079
1174	3168
1175	3101
1176	2998
1177	3072
1178	3135
1179	3103
1180	3138
1181	3067
1182	3044
1183	3292
1184	3053
1185	3166
1186	3209
1187	3063
1188	3123
1189	2970
1190	3001
1191	3033
1192	3245
1193	3245
1194	3179
1195	3013
1196	3022
1197	3037
1198	2992
1199	2954
1200	3020
1201	3105
1202	3074
1203	3072
1204	2945
1205	3020
1206	2939
1207	2976
1208	2979
1209	2985
1210	3103
1211	3028
1212	3005
1213	2973
1214	3038
1215	2996
1216	2856
1217	3007
1218	3033
1219	2996
1220	2880
1221	2921
1222	3054
1223	3024
1224	3045
1225	2942
1226	3121
1227	3108
1228	3154
1229	3013
1230	3121
1231	3119
1232	2978
1233	2936
1234	2957
1235	3044
1236	3054
1237	3109
1238	3078
1239	3065
1240	2840
1241	2901
1242	2884
1243	2815
1244	2817
1245	2947
1246	3005
1247	3027
1248	2976
1249	2850
1250	2960
1251	3105
1252	3045
1253	3062
1254	3071
1255	3187
1256	3012
1257	2962
1258	3021
1259	3118
1260	3021
1261	3028
1262	3103
1263	3232
1264	3109
1265	3160
1266	3177
1267	3180
1268	3078
1269	3098
1270	2897
1271	2828
1272	3005
1273	3016
1274	2976
1275	2881
1276	2830
1277	2848
1278	2933
1279	2894
1280	2732
1281	2873
1282	2883
1283	2788
1284	2825
1285	2779
1286	2754
1287	2932
1288	2935
1289	2830
1290	2767
1291	2744
1292	2962
1293	2789
1294	2708
1295	2757
1296	2768
1297	2909
1298	2768
1299	2951
1300	2934
1301	2823
1302	2758
1303	2772
1304	2913
1305	2886
1306	3011
1307	2904
1308	2851
1309	2903
1310	2771
1311	2865
1312	2756
1313	2943
1314	3369
1315	3079
1316	2805
1317	2964
1318	2861
1319	2872
1320	2808
1321	2697
1322	2670
1323	2626
1324	2948
1325	2682
1326	2831
1327	2778
1328	2582
1329	2743
1330	2760
1331	2759
1332	2718
1333	2696
1334	2641
1335	2776
1336	2588
1337	2806
1338	2600
1339	2683
1340	2589
1341	2545
1342	2614
1343	2740
1344	2547
1345	2561
1346	2597
1347	2569
1348	2663
1349	2727
1350	2628
1351	2824
1352	2769
1353	2689
1354	2633
1355	2717
1356	2595
1357	2638
1358	2650
1359	2616
1360	2663
1361	2717
1362	2602
1363	2662
1364	2661
1365	2563
1366	2568
1367	2524
1368	2642
1369	2688
1370	2649
1371	2594
1372	2561
1373	2679
1374	2571
1375	2584
1376	2465
1377	2523
1378	2506
1379	2712
1380	2580
1381	2552
1382	2525
1383	2635
1384	2673
1385	2609
1386	2586
1387	2588
1388	2646
1389	2572
1390	2479
1391	2569
1392	2502
1393	2400
1394	2458
1395	2410
1396	2581
1397	2548
1398	2466
1399	2507
1400	2446
1401	2441
1402	2489
1403	2394
1404	2554
1405	2522
1406	2448
1407	2496
1408	2523
1409	2476
1410	2338
1411	2513
1412	2454
1413	2516
1414	2454
1415	2443
1416	2514
1417	2456
1418	2460
1419	2433
1420	2468
1421	2399
1422	2446
1423	2463
1424	2449
1425	2487
1426	2519
1427	2523
1428	2484
1429	2465
1430	2399
1431	2456
1432	2376
1433	2519
1434	2395
1435	2502
1436	2473
1437	2540
1438	2446
1439	2488
1440	2531
1441	2438
1442	2480
1443	2540
1444	2516
1445	2473
1446	2262
1447	2607
1448	2481
1449	2388
1450	2495
1451	2520
1452	2534
1453	2456
1454	2458
1455	2526
1456	2451
1457	2372
1458	2588
1459	2616
1460	2628
1461	2572
1462	2556
1463	2720
1464	2500
1465	2649
1466	2584
1467	2579
1468	2525
1469	2530
1470	2448
1471	2464
1472	2406
1473	2603
1474	2682
1475	2589
1476	2517
1477	2694
1478	2614
1479	2524
1480	2441
1481	2503
1482	2408
1483	2538
1484	2526
1485	2619
1486	2643
1487	2642
1488	2567
1489	2852
1490	2719
1491	2696
1492	2743
1493	2732
1494	2811
1495	2762
1496	2695
1497	2779
1498	2834
1499	2868
1500	2809
1501	2778
1502	2692
1503	2516
1504	2630
1505	2591
1506	2738
1507	2840
1508	2723
1509	2569
1510	2747
1511	2788
1512	2623
1513	2835
1514	2740
1515	2700
1516	2652
1517	2756
1518	2750
1519	2782
1520	2620
1521	2753
1522	2615
1523	2717
1524	2776
1525	2832
1526	2860
1527	2789
1528	2638
1529	2561
1530	2708
1531	2590
1532	2763
1533	2709
1534	2659
1535	2746
1536	2923
1537	2718
1538	2688
1539	2743
1540	2938
1541	2709
1542	2890
1543	2721
1544	2772
1545	2742
1546	2824
1547	2841
1548	2743
1549	2825
1550	2689
1551	2844
1552	2758
1553	2889
1554	2784
1555	2896
1556	2947
1557	2825
1558	2848
1559	2950
1560	2698
1561	2728
1562	2644
1563	2782
1564	2772
1565	2657
1566	2818
1567	2695
1568	2759
1569	2651
1570	2815
1571	2763
1572	2661
1573	2903
1574	2813
1575	2726
1576	2514
1577	2296
1578	2488
1579	2604
1580	2868
1581	2682
1582	2769
1583	2695
1584	2721
1585	2969
1586	2767
1587	2908
1588	2658
1589	2677
1590	2755
1591	2658
1592	2706
1593	2660
1594	2716
1595	2705
1596	2367
1597	2603
1598	2572
1599	2551
1600	2440
1601	2591
1602	2567
1603	2927
1604	2578
1605	2767
1606	2653
1607	2830
1608	2546
1609	2602
1610	2556
1611	2463
1612	2452
1613	2607
1614	2577
1615	2634
1616	2535
1617	2595
1618	2282
1619	2610
1620	2461
1621	2572
1622	2545
1623	2459
1624	2335
1625	2483
1626	2535
1627	2551
1628	2442
1629	2558
1630	2410
1631	2438
1632	2506
1633	2448
1634	2453
1635	2488
1636	2515
1637	2562
1638	2324
1639	2612
1640	2592
1641	2397
1642	2544
1643	2444
1644	2432
1645	2606
1646	2415
1647	2458
1648	2543
1649	2576
1650	2527
1651	2641
1652	2539
1653	2501
1654	2605
1655	2354
1656	2459
1657	2459
1658	2383
1659	2436
1660	2402
1661	2453
1662	2324
1663	2370
1664	2621
1665	2519
1666	2471
1667	2665
1668	2663
1669	2596
1670	2548
1671	2491
1672	2528
1673	2563
1674	2466
1675	2652
1676	2482
1677	2478
1678	2491
1679	2577
1680	2454
1681	2567
1682	2506
1683	2565
1684	2311
1685	2397
1686	2446
1687	2399
1688	2609
1689	2305
1690	2444
1691	2452
1692	2529
1693	2476
1694	2529
1695	2520
1696	2559
1697	2515
1698	2508
1699	2364
1700	2433
1701	2424
1702	2647
1703	2515
1704	2352
1705	2556
1706	2584
1707	2596
1708	2386
1709	2611
1710	2604
1711	2462
1712	2606
1713	2343
1714	2554
1715	2565
1716	2484
1717	2477
1718	2548
1719	2432
1720	2540
1721	2466
1722	2447
1723	2683
1724	2504
1725	2457
1726	2482
1727	2625
1728	2540
1729	2350
1730	2515
1731	2485
1732	2354
1733	2603
1734	2414
1735	2495
1736	2412
1737	2229
1738	2411
1739	2417
1740	2490
1741	2392
1742	2294
1743	2317
1744	2343
1745	2279
1746	2451
1747	2385
1748	2429
1749	2485
1750	2539
1751	2261
1752	2303
1753	2411
1754	2456
1755	2325
1756	2380
1757	2314
1758	2392
1759	2300
1760	2420
1761	2287
1762	2549
1763	2375
1764	2367
1765	2388
1766	2199
1767	2344
1768	2403
1769	2391
1770	2300
1771	2419
1772	2347
1773	2452
1774	2388
1775	2303
1776	2184
1777	2257
1778	2201
1779	2271
1780	2275
1781	2308
1782	2350
1783	2175
1784	2233
1785	2161
1786	2124
1787	2148
1788	2233
1789	2259
1790	2209
1791	2149
1792	2112
1793	2154
1794	2206
1795	2038
1796	2128
1797	2055
1798	2110
1799	2051
1800	2183
1801	2065
1802	2109
1803	2173
1804	2090
1805	2093
1806	2164
1807	2064
1808	2113
1809	2213
1810	2123
1811	2166
1812	2118
1813	2054
1814	2137
1815	2082
1816	2145
1817	2003
1818	2109
1819	2101
1820	2071
1821	2039
1822	2106
1823	2083
1824	2133
1825	2097
1826	2109
1827	2135
1828	2027
1829	2080
1830	1814
1831	2172
1832	2071
1833	1941
1834	2047
1835	2077
1836	2036
1837	2017
1838	2121
1839	2051
1840	2063
1841	2035
1842	1939
1843	1978
1844	2030
1845	1967
1846	2064
1847	1876
1848	2068
1849	2089
1850	1985
1851	2043
1852	2131
1853	2040
1854	2124
1855	2058
1856	2088
1857	1962
1858	1935
1859	1959
1860	2025
1861	2139
1862	2054
1863	1887
1864	2026
1865	1984
1866	2048
1867	1925
1868	1961
1869	2046
1870	1987
1871	2018
1872	2018
1873	1918
1874	2061
1875	1991
1876	1978
1877	1936
1878	2069
1879	1921
1880	2074
1881	2015
1882	1953
1883	2009
1884	2023
1885	1982
1886	1950
1887	2030
1888	2056
1889	1898
1890	2041
1891	1867
1892	2003
1893	1873
1894	2036
1895	2032
1896	2086
1897	2086
1898	2010
1899	2161
1900	2109
1901	2034
1902	2218
1903	2085
1904	1960
1905	2027
1906	1899
1907	2055
1908	2043
1909	2130
1910	1977
1911	1998
1912	2077
1913	2129
1914	2130
1915	2066
1916	2058
1917	2113
1918	2221
1919	2151
1920	2128
1921	2127
1922	2123
1923	2130
1924	2027
1925	2032
1926	1993
1927	2016
1928	2154
1929	2129
1930	2170
1931	2217
1932	2103
1933	1948
1934	2070
1935	2027
1936	2052
1937	2100
1938	1975
1939	2033
1940	2004
1941	2027
1942	2088
1943	2098
1944	2058
1945	2007
1946	2019
1947	2021
1948	2211
1949	2043
1950	2143
1951	2148
1952	2116
1953	2307
1954	2061
1955	2029
1956	2222
1957	2180
1958	2202
1959	2030
1960	2243
1961	2076
1962	2140
1963	2274
1964	2117
1965	2108
1966	2064
1967	2254
1968	2045
1969	2116
1970	2116
1971	2296
1972	2188
1973	2096
1974	2042
1975	2246
1976	2226
1977	2157
1978	2166
1979	2120
1980	2242
1981	2238
1982	2252
1983	2236
1984	2153
1985	2231
1986	2311
1987	2270
1988	2225
1989	2184
1990	2261
1991	2231
1992	2459
1993	2387
1994	2339
1995	2291
1996	2368
1997	2092
1998	2338
1999	2252
2000	2334
2001	2348
2002	2404
2003	2379
2004	2350
2005	2292
2006	2320
2007	2372
2008	2416
2009	2373
2010	2425
2011	2240
2012	2414
2013	2464
2014	2411
2015	2425
2016	2351
2017	2380
2018	2437
2019	2254
2020	2300
2021	2409
2022	2424
2023	2332
2024	2248
2025	2471
2026	2267
2027	2245
2028	2280
2029	2089
2030	2291
2031	2265
2032	2249
2033	2293
2034	2223
2035	2226
2036	2177
2037	2163
2038	2374
2039	2339
2040	2255
2041	2271
2042	2324
2043	2358
2044	2170
2045	2281
2046	2294
2047	2191
2048	2325
2049	2297
2050	2195
2051	2197
2052	2287
2053	2277
2054	2238
2055	2361
2056	2439
2057	2220
2058	2251
2059	2223
2060	2168
2061	2167
2062	2286
2063	2178
2064	2276
2065	2121
2066	2162
2067	2125
2068	2110
2069	2158
2070	2328
2071	2156
2072	2140
2073	2079
2074	2233
2075	2099
2076	2063
2077	1850
2078	2067
2079	2163
2080	1964
2081	2082
2082	2007
2083	2041
2084	2047
2085	1976
2086	1975
2087	2105
2088	2127
2089	2077
2090	2003
2091	2113
2092	1935
2093	2065
2094	1937
2095	1921
2096	1947
2097	2061
2098	1904
2099	2017
2100	1959
2101	1917
2102	1938
2103	1904
2104	2005
2105	2000
2106	1948
2107	1970
2108	2058
2109	1924
2110	2090
2111	1886
2112	1785
2113	1882
2114	1802
2115	1932
2116	1744
2117	1707
2118	1824
2119	1901
2120	1973
2121	1978
2122	1961
2123	1947
2124	1931
2125	1906
2126	1802
2127	1812
2128	1818
2129	1911
2130	1998
2131	1862
2132	2052
2133	1983
2134	1942
2135	2116
2136	1926
2137	1919
2138	1971
2139	1798
2140	1814
2141	1888
2142	1813
2143	1920
2144	1765
2145	1904
2146	1848
2147	1827
2148	1789
2149	1850
2150	1766
2151	1796
2152	1825
2153	1898
2154	1665
2155	1773
2156	1791
2157	1809
2158	1831
2159	1898
2160	1796
2161	1867
2162	1737
2163	1840
2164	1730
2165	1824
2166	1904
2167	1721
2168	1948
2169	1687
2170	1803
2171	1879
2172	1848
2173	1843
2174	1876
2175	1893
2176	1772
2177	1807
2178	1830
2179	2052
2180	1790
2181	1811
2182	1910
2183	1808
2184	1899
2185	1892
2186	1882
2187	1830
2188	1797
2189	1835
2190	1704
2191	1747
2192	1881
2193	1685
2194	1807
2195	1773
2196	1912
2197	1905
2198	1911
2199	1802
2200	1870
2201	1656
2202	1910
2203	1852
2204	1966
2205	1760
2206	1763
2207	1791
2208	1777
2209	2002
2210	1922
2211	1858
2212	1904
2213	1868
2214	1736
2215	1898
2216	1711
2217	1853
2218	1775
2219	1911
2220	1803
2221	1699
2222	1814
2223	1718
2224	1812
2225	1861
2226	1969
2227	1795
2228	1983
2229	1645
2230	1799
2231	1772
2232	1934
2233	1893
2234	1877
2235	1897
2236	1925
2237	1932
2238	1835
2239	1858
2240	1892
2241	1890
2242	1938
2243	1867
2244	1951
2245	1838
2246	1849
2247	1933
2248	1884
2249	1944
2250	1906
2251	1838
2252	1816
2253	1790
2254	1915
2255	1959
2256	1809
2257	1827
2258	1856
2259	1870
2260	1843
2261	1849
2262	2024
2263	1900
2264	1850
2265	1917
2266	1826
2267	1820
2268	1788
2269	1894
2270	1852
2271	1882
2272	1887
2273	1899
2274	1799
2275	1809
2276	1835
2277	1791
2278	1846
2279	1828
2280	1736
2281	1728
2282	1859
2283	1737
2284	1766
2285	1825
2286	1826
2287	1758
2288	1744
2289	1697
2290	1702
2291	1705
2292	1731
2293	1777
2294	1780
2295	1741
2296	1785
2297	1770
2298	1704
2299	1722
2300	1683
2301	1637
2302	1884
2303	1666
2304	1644
2305	1763
2306	1701
2307	1655
2308	1802
2309	1607
2310	1718
2311	1739
2312	1768
2313	1668
2314	1729
2315	1750
2316	1637
2317	1722
2318	1720
2319	1805
2320	1831
2321	1660
2322	1661
2323	1537
2324	1666
2325	1734
2326	1796
2327	1709
2328	1693
2329	1725
2330	1688
2331	1671
2332	1641
2333	1640
2334	1680
2335	1659
2336	1708
2337	1652
2338	1660
2339	1762
2340	1673
2341	1661
2342	1673
2343	1649
2344	1744
2345	1644
2346	1554
2347	1666
2348	1624
2349	1669
2350	1617
2351	1611
2352	1607
2353	1698
2354	1574
2355	1669
2356	1601
2357	1743
2358	1739
2359	1568
2360	1754
2361	1550
2362	1516
2363	1636
2364	1632
2365	1636
2366	1504
2367	1515
2368	1753
2369	1554
2370	1575
2371	1588
2372	1469
2373	1678
2374	1597
2375	1518
2376	1609
2377	1613
2378	1615
2379	1663
2380	1599
2381	1592
2382	1584
2383	1600
2384	1484
2385	1536
2386	1518
2387	1405
2388	1502
2389	1506
2390	1552
2391	1603
2392	1540
2393	1600
2394	1593
2395	1682
2396	1488
2397	1392
2398	1570
2399	1593
2400	1606
2401	1509
2402	1569
2403	1541
2404	1419
2405	1573
2406	1522
2407	1489
2408	1506
2409	1464
2410	1504
2411	1494
2412	1473
2413	1443
2414	1368
2415	1459
2416	1501
2417	1596
2418	1498
2419	1489
2420	1475
2421	1580
2422	1604
2423	1503
2424	1440
2425	1394
2426	1427
2427	1510
2428	1543
2429	1426
2430	1466
2431	1419
2432	1472
2433	1498
2434	1378
2435	1465
2436	1513
2437	1419
2438	1467
2439	1533
2440	1399
2441	1535
2442	1529
2443	1446
2444	1440
2445	1487
2446	1529
2447	1438
2448	1422
2449	1334
2450	1485
2451	1463
2452	1487
2453	1513
2454	1361
2455	1448
2456	1482
2457	1370
2458	1438
2459	1398
2460	1405
2461	1456
2462	1424
2463	1427
2464	1483
2465	1490
2466	1450
2467	1562
2468	1432
2469	1406
2470	1455
2471	1501
2472	1476
2473	1555
2474	1419
2475	1373
2476	1421
2477	1448
2478	1382
2479	1529
2480	1508
2481	1463
2482	1520
2483	1483
2484	1572
2485	1541
2486	1473
2487	1543
2488	1542
2489	1515
2490	1556
2491	1360
2492	1376
2493	1469
2494	1392
2495	1536
2496	1489
2497	1460
2498	1493
2499	1488
2500	1413
2501	1479
2502	1566
2503	1396
2504	1500
2505	1539
2506	1481
2507	1555
2508	1481
2509	1541
2510	1530
2511	1371
2512	1581
2513	1524
2514	1550
2515	1509
2516	1458
2517	1582
2518	1455
2519	1609
2520	1466
2521	1490
2522	1462
2523	1402
2524	1485
2525	1525
2526	1440
2527	1611
2528	1519
2529	1535
2530	1516
2531	1519
2532	1586
2533	1507
2534	1543
2535	1489
2536	1485
2537	1556
2538	1488
2539	1484
2540	1494
2541	1541
2542	1589
2543	1472
2544	1431
2545	1411
2546	1524
2547	1550
2548	1464
2549	1336
2550	1449
2551	1643
2552	1583
2553	1514
2554	1372
2555	1576
2556	1375
2557	1640
2558	1486
2559	1492
2560	1401
2561	1347
2562	1472
2563	1485
2564	1537
2565	1504
2566	1568
2567	1486
2568	1640
2569	1464
2570	1525
2571	1511
2572	1476
2573	1520
2574	1380
2575	1431
2576	1445
2577	1414
2578	1476
2579	1391
2580	1442
2581	1484
2582	1468
2583	1386
2584	1508
2585	1517
2586	1368
2587	1575
2588	1506
2589	1350
2590	1484
2591	1453
2592	1431
2593	1326
2594	1482
2595	1418
2596	1434
2597	1387
2598	1433
2599	1336
2600	1397
2601	1363
2602	1353
2603	1485
2604	1452
2605	1466
2606	1458
2607	1377
2608	1350
2609	1325
2610	1302
2611	1376
2612	1521
2613	1382
2614	1345
2615	1414
2616	1406
2617	1414
2618	1513
2619	1406
2620	1341
2621	1392
2622	1448
2623	1457
2624	1420
2625	1307
2626	1487
2627	1462
2628	1335
2629	1381
2630	1349
2631	1370
2632	1336
2633	1484
2634	1454
2635	1420
2636	1565
2637	1504
2638	1512
2639	1610
2640	1507
2641	1498
2642	1437
2643	1591
2644	1566
2645	1637
2646	1513
2647	1574
2648	1441
2649	1466
2650	1638
2651	1382
2652	1641
2653	1719
2654	2144
2655	1701
2656	1584
2657	1450
2658	1360
2659	1425
2660	1434
2661	1444
2662	1395
2663	1451
2664	1582
2665	1462
2666	1482
2667	1530
2668	1524
2669	1547
2670	1445
2671	1364
2672	1368
2673	1469
2674	1406
2675	1413
2676	1533
2677	1564
2678	1527
2679	1587
2680	1608
2681	1566
2682	1588
2683	1594
2684	1640
2685	1527
2686	1708
2687	1637
2688	1597
2689	1518
2690	1636
2691	1622
2692	1531
2693	1667
2694	1407
2695	1558
2696	1476
2697	1514
2698	1406
2699	1493
2700	1491
2701	1565
2702	1646
2703	1601
2704	1606
2705	1529
2706	1575
2707	1558
2708	1593
2709	1741
2710	1808
2711	1800
2712	1518
2713	1474
2714	1405
2715	1409
2716	1395
2717	1572
2718	1513
2719	1581
2720	1602
2721	1579
2722	1528
2723	1427
2724	1468
2725	1370
2726	1422
2727	1386
2728	1466
2729	1513
2730	1355
2731	1370
2732	1343
2733	1406
2734	1485
2735	1377
2736	1408
2737	1534
2738	1468
2739	1422
2740	1479
2741	1397
2742	1372
2743	1365
2744	1422
2745	1403
2746	1441
2747	1502
2748	1260
2749	1388
2750	1350
2751	1379
2752	1362
2753	1247
2754	1380
2755	1422
2756	1285
2757	1287
2758	1376
2759	1354
2760	1372
2761	1393
2762	1371
2763	1452
2764	1482
2765	1422
2766	1411
2767	1523
2768	1438
2769	1410
2770	1460
2771	1460
2772	1438
2773	1378
2774	1441
2775	1467
2776	1470
2777	1382
2778	1365
2779	1444
2780	1254
2781	1417
2782	1362
2783	1341
2784	1313
2785	1346
2786	1341
2787	1309
2788	1417
2789	1316
2790	1340
2791	1332
2792	1393
2793	1360
2794	1297
2795	1294
2796	1336
2797	1355
2798	1367
2799	1278
2800	1332
2801	1381
2802	1296
2803	1382
2804	1354
2805	1329
2806	1310
2807	1352
2808	1351
2809	1314
2810	1355
2811	1366
2812	1363
2813	1411
2814	1342
2815	1355
2816	1440
2817	1428
2818	1444
2819	1404
2820	1245
2821	1426
2822	1451
2823	1421
2824	1321
2825	1391
2826	1262
2827	1400
2828	1377
2829	1340
2830	1193
2831	1312
2832	1345
2833	1282
2834	1248
2835	1266
2836	1258
2837	1365
2838	1309
2839	1214
2840	1365
2841	1275
2842	1240
2843	1342
2844	1269
2845	1357
2846	1345
2847	1437
2848	1291
2849	1292
2850	1394
2851	1390
2852	1267
2853	1368
2854	1449
2855	1319
2856	1386
2857	1376
2858	1399
2859	1405
2860	1296
2861	1470
2862	1392
2863	1581
2864	1385
2865	1455
2866	1295
2867	1317
2868	1437
2869	1268
2870	1242
2871	1325
2872	1234
2873	1291
2874	1384
2875	1298
2876	1340
2877	1344
2878	1346
2879	1327
2880	1236
2881	1242
2882	1353
2883	1302
2884	1355
2885	1340
2886	1366
2887	1319
2888	1364
2889	1322
2890	1388
2891	1304
2892	1379
2893	1390
2894	1395
2895	1401
2896	1261
2897	1287
2898	1372
2899	1368
2900	1276
2901	1389
2902	1351
2903	1325
2904	1314
2905	1369
2906	1300
2907	1291
2908	1249
2909	1238
2910	1375
2911	1283
2912	1377
2913	1252
2914	1285
2915	1240
2916	1289
2917	1338
2918	1315
2919	1300
2920	1282
2921	1226
2922	1297
2923	1293
2924	1246
2925	1325
2926	1149
2927	1220
2928	1263
2929	1314
2930	1243
2931	1306
2932	1328
2933	1215
2934	1260
2935	1196
2936	1329
2937	1244
2938	1232
2939	1273
2940	1252
2941	1166
2942	1401
2943	1324
2944	1191
2945	1285
2946	1262
2947	1303
2948	1276
2949	1166
2950	1221
2951	1206
2952	1262
2953	1220
2954	1281
2955	1212
2956	1339
2957	1302
2958	1268
2959	1297
2960	1309
2961	1216
2962	1251
2963	1201
2964	1273
2965	1236
2966	1255
2967	1245
2968	1240
2969	1295
2970	1274
2971	1316
2972	1221
2973	1227
2974	1262
2975	1325
2976	1316
2977	1387
2978	1231
2979	1292
2980	1246
2981	1257
2982	1276
2983	1178
2984	1233
2985	1210
2986	1264
2987	1230
2988	1250
2989	1348
2990	1298
2991	1297
2992	1241
2993	1319
2994	1266
2995	1201
2996	1237
2997	1252
2998	1384
2999	1229
3000	1224
3001	1259
3002	1299
3003	1295
3004	1345
3005	1309
3006	1266
3007	1228
3008	1309
3009	1316
3010	1240
3011	1361
3012	1363
3013	1317
3014	1206
3015	1226
3016	1274
3017	1259
3018	1244
3019	1196
3020	1232
3021	1324
3022	1258
3023	1217
3024	1341
3025	1276
3026	1313
3027	1212
3028	1247
3029	1326
3030	1293
3031	1293
3032	1196
3033	1269
3034	1134
3035	1259
3036	1265
3037	1261
3038	1224
3039	1240
3040	1229
3041	1252
3042	1091
3043	1242
3044	1235
3045	1249
3046	1298
3047	1300
3048	1223
3049	1387
3050	1356
3051	1258
3052	1373
3053	1391
3054	1204
3055	1473
3056	1323
3057	1383
3058	1303
3059	1343
3060	1271
3061	1318
3062	1363
3063	1374
3064	1229
3065	1260
3066	1447
3067	1326
3068	1291
3069	1309
3070	1382
3071	1320
3072	1299
3073	1393
3074	1301
3075	1256
3076	1213
3077	1344
3078	1447
3079	1378
3080	1217
3081	1321
3082	1377
3083	1275
3084	1374
3085	1277
3086	1393
3087	1334
3088	1365
3089	1227
3090	1221
3091	1226
3092	1309
3093	1224
3094	1324
3095	1349
3096	1285
3097	1244
3098	1235
3099	1282
3100	1209
3101	1368
3102	1253
3103	1239
3104	1361
3105	1303
3106	1257
3107	1240
3108	1231
3109	1293
3110	1297
3111	1192
3112	1251
3113	1112
3114	1243
3115	1249
3116	1235
3117	1166
3118	1291
3119	1215
3120	1257
3121	1216
3122	1235
3123	1254
3124	1135
3125	1395
3126	1237
3127	1290
3128	1238
3129	1165
3130	1199
3131	1219
3132	1153
3133	1199
3134	1295
3135	1177
3136	1115
3137	1163
3138	1134
3139	1203
3140	1282
3141	1190
3142	1167
3143	1240
3144	1289
3145	1281
3146	1179
3147	1283
3148	1254
3149	1300
3150	1141
3151	1214
3152	1184
3153	1162
3154	1181
3155	1188
3156	1157
3157	1227
3158	1254
3159	1193
3160	1143
3161	1190
3162	1228
3163	1252
3164	1240
3165	1338
3166	1316
3167	1364
3168	1194
3169	1185
3170	1195
3171	1205
3172	1196
3173	1198
3174	1218
3175	1234
3176	1303
3177	1137
3178	1304
3179	1294
3180	1183
3181	1184
3182	1119
3183	1227
3184	1151
3185	1167
3186	1200
3187	1232
3188	1155
3189	1255
3190	1203
3191	1203
3192	1167
3193	1190
3194	1231
3195	1219
3196	1333
3197	1294
3198	1143
3199	1185
3200	1215
3201	1126
3202	1250
3203	1157
3204	1230
3205	1316
3206	1211
3207	1203
3208	1185
3209	1215
3210	1148
3211	1260
3212	1166
3213	1236
3214	1211
3215	1256
3216	1182
3217	1178
3218	1170
3219	1237
3220	1281
3221	1203
3222	1276
3223	1162
3224	1234
3225	1316
3226	1294
3227	1252
3228	1117
3229	1176
3230	1216
3231	1200
3232	1185
3233	1237
3234	1229
3235	1311
3236	1259
3237	1341
3238	1300
3239	1281
3240	1208
3241	1300
3242	1175
3243	1245
3244	1213
3245	1237
3246	1217
3247	1177
3248	1302
3249	1225
3250	1275
3251	1112
3252	1237
3253	1227
3254	1223
3255	1259
3256	1295
3257	1235
3258	1258
3259	1251
3260	1263
3261	1325
3262	1341
3263	1284
3264	1278
3265	1281
3266	1358
3267	1252
3268	1383
3269	1295
3270	1202
3271	1274
3272	1279
3273	1348
3274	1243
3275	1156
3276	1326
3277	1303
3278	1269
3279	1314
3280	1213
3281	1277
3282	1204
3283	1224
3284	1238
3285	1270
3286	1251
3287	1254
3288	1256
3289	1326
3290	1277
3291	1252
3292	1267
3293	1326
3294	1267
3295	1337
3296	1339
3297	1227
3298	1344
3299	1257
3300	1258
3301	1236
3302	1319
3303	1381
3304	1375
3305	1434
3306	1247
3307	1346
3308	1354
3309	1314
3310	1388
3311	1350
3312	1287
3313	1346
3314	1242
3315	1326
3316	1260
3317	1368
3318	1404
3319	1359
3320	1289
3321	1327
3322	1290
3323	1235
3324	1266
3325	1262
3326	1209
3327	1271
3328	1277
3329	1278
3330	1290
3331	1233
3332	1214
3333	1297
3334	1197
3335	1237
3336	1252
3337	1259
3338	1258
3339	1208
3340	1294
3341	1263
3342	1263
3343	1331
3344	1323
3345	1277
3346	1232
3347	1255
3348	1290
3349	1241
3350	1242
3351	1222
3352	1194
3353	1154
3354	1195
3355	1151
3356	1233
3357	1067
3358	1166
3359	1273
3360	1127
3361	1137
3362	1146
3363	1079
3364	1201
3365	1161
3366	1164
3367	1173
3368	1087
3369	1114
3370	1161
3371	1065
3372	1136
3373	1118
3374	1178
3375	1161
3376	997
3377	1106
3378	1127
3379	1061
3380	1068
3381	1058
3382	1049
3383	1066
3384	1118
3385	1073
3386	1106
3387	1051
3388	1066
3389	1158
3390	1129
3391	1100
3392	1023
3393	1005
3394	1083
3395	1093
3396	1150
3397	1124
3398	1014
3399	1048
3400	1005
3401	1080
3402	1066
3403	1015
3404	1078
3405	1108
3406	1034
3407	1085
3408	1162
3409	1012
3410	1124
3411	1154
3412	1090
3413	1064
3414	1046
3415	954
3416	1084
3417	1077
3418	1101
3419	1076
3420	1079
3421	1064
3422	1110
3423	1038
3424	1069
3425	1199
3426	1037
3427	1044
3428	1144
3429	1107
3430	1097
3431	1182
3432	1082
3433	985
3434	1059
3435	1137
3436	1057
3437	935
3438	1101
3439	1018
3440	1028
3441	1047
3442	1126
3443	1135
3444	1105
3445	1102
3446	1078
3447	1059
3448	1035
3449	1010
3450	1018
3451	1048
3452	1118
3453	1102
3454	1122
3455	1088
3456	1081
3457	1054
3458	1036
3459	1000
3460	1140
3461	989
3462	997
3463	1087
3464	1048
3465	1006
3466	1032
3467	1084
3468	987
3469	1071
3470	1058
3471	960
3472	1000
3473	988
3474	1093
3475	978
3476	1060
3477	1007
3478	1015
3479	975
3480	1100
3481	1055
3482	956
3483	990
3484	1004
3485	1030
3486	1028
3487	965
3488	1075
3489	1046
3490	986
3491	985
3492	1004
3493	1018
3494	1069
3495	992
3496	939
3497	1027
3498	1003
3499	987
3500	1021
3501	1083
3502	1027
3503	1043
3504	1076
3505	968
3506	986
3507	986
3508	938
3509	994
3510	991
3511	1019
3512	977
3513	898
3514	1008
3515	1021
3516	1033
3517	983
3518	1055
3519	1021
3520	1010
3521	954
3522	1006
3523	1013
3524	1003
3525	1055
3526	1041
3527	1022
3528	983
3529	1000
3530	982
3531	946
3532	1035
3533	1030
3534	966
3535	1089
3536	899
3537	984
3538	946
3539	1003
3540	955
3541	992
3542	959
3543	965
3544	959
3545	971
3546	1064
3547	919
3548	1068
3549	952
3550	925
3551	987
3552	980
3553	993
3554	1043
3555	961
3556	968
3557	988
3558	1101
3559	985
3560	987
3561	1069
3562	953
3563	929
3564	990
3565	1021
3566	965
3567	1022
3568	1010
3569	1021
3570	956
3571	1014
3572	966
3573	982
3574	1091
3575	1031
3576	1037
3577	979
3578	1049
3579	990
3580	983
3581	1050
3582	1082
3583	1071
3584	1035
3585	999
3586	1078
3587	1018
3588	1012
3589	1033
3590	1026
3591	1066
3592	1038
3593	1073
3594	1120
3595	1123
3596	1020
3597	1090
3598	1039
3599	1066
3600	1062
3601	977
3602	978
3603	1006
3604	1059
3605	1018
3606	1121
3607	1171
3608	998
3609	1007
3610	1098
3611	1076
3612	1037
3613	1009
3614	948
3615	1091
3616	1076
3617	1112
3618	1038
3619	1166
3620	1076
3621	957
3622	1083
3623	1141
3624	965
3625	1062
3626	1091
3627	1037
3628	1074
3629	1015
3630	1063
3631	1030
3632	1021
3633	1099
3634	930
3635	931
3636	1006
3637	1026
3638	1036
3639	998
3640	1028
3641	1025
3642	920
3643	1015
3644	1033
3645	1049
3646	1003
3647	1076
3648	1025
3649	1079
3650	1015
3651	1018
3652	1067
3653	977
3654	1039
3655	1013
3656	1051
3657	978
3658	963
3659	1005
3660	1029
3661	999
3662	1010
3663	946
3664	1058
3665	1083
3666	1029
3667	1137
3668	925
3669	992
3670	974
3671	1036
3672	1074
3673	1022
3674	1052
3675	1071
3676	1043
3677	1142
3678	935
3679	1033
3680	1073
3681	1080
3682	1095
3683	1130
3684	997
3685	942
3686	1019
3687	1077
3688	1006
3689	1015
3690	1098
3691	1055
3692	1036
3693	937
3694	1004
3695	1057
3696	1045
3697	1075
3698	1097
3699	1176
3700	1102
3701	1228
3702	1071
3703	1081
3704	1091
3705	1173
3706	1100
3707	1026
3708	1094
3709	1082
3710	1095
3711	1073
3712	1125
3713	1265
3714	1043
3715	1068
3716	1069
3717	1097
3718	1044
3719	970
3720	996
3721	1103
3722	1065
3723	997
3724	1152
3725	1126
3726	1069
3727	1112
3728	1166
3729	1153
3730	1068
3731	1017
3732	1164
3733	938
3734	937
3735	1033
3736	1105
3737	1011
3738	976
3739	1099
3740	971
3741	983
3742	1108
3743	1024
3744	1082
3745	1115
3746	1090
3747	1023
3748	1060
3749	1063
3750	1063
3751	1139
3752	1092
3753	1120
3754	1095
3755	1055
3756	1023
3757	977
3758	1081
3759	1134
3760	986
3761	1095
3762	980
3763	1026
3764	1016
3765	998
3766	1042
3767	975
3768	1070
3769	1093
3770	1048
3771	1163
3772	1008
3773	1076
3774	1058
3775	1030
3776	933
3777	1006
3778	1002
3779	966
3780	967
3781	1028
3782	984
3783	1002
3784	1020
3785	983
3786	1059
3787	999
3788	1017
3789	937
3790	1021
3791	986
3792	903
3793	907
3794	985
3795	1024
3796	960
3797	1012
3798	1005
3799	999
3800	973
3801	979
3802	936
3803	973
3804	953
3805	912
3806	972
3807	986
3808	958
3809	921
3810	928
3811	870
3812	915
3813	948
3814	877
3815	948
3816	898
3817	990
3818	946
3819	897
3820	1060
3821	930
3822	904
3823	940
3824	814
3825	912
3826	976
3827	848
3828	899
3829	852
3830	909
3831	887
3832	854
3833	902
3834	848
3835	716
3836	859
3837	929
3838	802
3839	828
3840	900
3841	825
3842	895
3843	848
3844	872
3845	834
3846	1010
3847	838
3848	797
3849	841
3850	844
3851	909
3852	951
3853	870
3854	917
3855	857
3856	931
3857	884
3858	844
3859	904
3860	875
3861	869
3862	881
3863	907
3864	800
3865	822
3866	861
3867	969
3868	883
3869	855
3870	816
3871	860
3872	910
3873	951
3874	892
3875	920
3876	901
3877	809
3878	919
3879	867
3880	848
3881	921
3882	913
3883	935
3884	837
3885	852
3886	811
3887	841
3888	968
3889	861
3890	941
3891	877
3892	831
3893	928
3894	888
3895	872
3896	952
3897	1006
3898	948
3899	919
3900	922
3901	908
3902	922
3903	937
3904	878
3905	981
3906	872
3907	933
3908	837
3909	1067
3910	937
3911	930
3912	891
3913	1017
3914	950
3915	1023
3916	1040
3917	952
3918	993
3919	918
3920	1087
3921	912
3922	1051
3923	1015
3924	960
3925	960
3926	945
3927	1057
3928	1040
3929	1212
3930	939
3931	1043
3932	1116
3933	1141
3934	918
3935	992
3936	1019
3937	1005
3938	1105
3939	1017
3940	990
3941	893
3942	999
3943	902
3944	984
3945	1023
3946	1009
3947	1055
3948	939
3949	1014
3950	1013
3951	975
3952	1005
3953	986
3954	1003
3955	954
3956	1085
3957	1000
3958	1011
3959	1053
3960	982
3961	983
3962	1028
3963	1008
3964	977
3965	1006
3966	1011
3967	969
3968	938
3969	1008
3970	968
3971	1006
3972	1015
3973	971
3974	952
3975	960
3976	1008
3977	971
3978	994
3979	985
3980	951
3981	910
3982	988
3983	984
3984	947
3985	962
3986	941
3987	980
3988	990
3989	1002
3990	974
3991	965
3992	905
3993	979
3994	927
3995	937
3996	838
3997	909
3998	910
3999	934
4000	945
4001	916
4002	970
4003	975
4004	935
4005	926
4006	907
4007	941
4008	967
4009	996
4010	971
4011	921
4012	972
4013	949
4014	918
4015	968
4016	893
4017	928
4018	936
4019	994
4020	884
4021	952
4022	931
4023	868
4024	957
4025	1082
4026	948
4027	1005
4028	959
4029	934
4030	956
4031	1033
4032	1107
4033	987
4034	1070
4035	1179
4036	970
4037	1022
4038	933
4039	895
4040	912
4041	946
4042	926
4043	1004
4044	934
4045	796
4046	916
4047	924
4048	909
4049	920
4050	911
4051	920
4052	907
4053	890
4054	902
4055	879
4056	947
4057	892
4058	973
4059	939
4060	947
4061	849
4062	925
4063	867
4064	931
4065	890
4066	975
4067	982
4068	919
4069	865
4070	1015
4071	937
4072	906
4073	878
4074	826
4075	941
4076	930
4077	875
4078	852
4079	871
4080	944
4081	894
4082	886
4083	916
4084	935
4085	815
4086	940
4087	905
4088	826
4089	939
4090	802
4091	934
4092	894
4093	929
4094	893
4095	834
4096	895
4097	887
4098	953
4099	924
4100	966
4101	936
4102	896
4103	897
4104	797
4105	923
4106	844
4107	971
4108	869
4109	809
4110	830
4111	896
4112	825
4113	866
4114	782
4115	790
4116	892
4117	877
4118	834
4119	827
4120	851
4121	920
4122	874
4123	899
4124	854
4125	935
4126	876
4127	889
4128	925
4129	890
4130	881
4131	819
4132	808
4133	790
4134	803
4135	873
4136	862
4137	802
4138	861
4139	887
4140	791
4141	816
4142	755
4143	865
4144	812
4145	745
4146	818
4147	758
4148	873
4149	845
4150	840
4151	813
4152	754
4153	789
4154	808
4155	754
4156	837
4157	788
4158	881
4159	833
4160	814
4161	916
4162	853
4163	810
4164	852
4165	809
4166	790
4167	781
4168	779
4169	674
4170	810
4171	839
4172	808
4173	885
4174	884
4175	867
4176	805
4177	790
4178	760
4179	777
4180	726
4181	798
4182	811
4183	859
4184	743
4185	825
4186	844
4187	817
4188	790
4189	782
4190	831
4191	794
4192	779
4193	834
4194	834
4195	728
4196	816
4197	761
4198	744
4199	807
4200	829
4201	837
4202	808
4203	771
4204	769
4205	817
4206	780
4207	704
4208	768
4209	809
4210	760
4211	710
4212	717
4213	777
4214	760
4215	817
4216	807
4217	734
4218	861
4219	740
4220	818
4221	838
4222	777
4223	785
4224	776
4225	881
4226	739
4227	784
4228	821
4229	762
4230	809
4231	798
4232	803
4233	772
4234	795
4235	788
4236	866
4237	766
4238	853
4239	756
4240	801
4241	829
4242	817
4243	832
4244	774
4245	807
4246	793
4247	826
4248	787
4249	847
4250	745
4251	737
4252	846
4253	825
4254	731
4255	786
4256	821
4257	707
4258	763
4259	786
4260	816
4261	793
4262	785
4263	888
4264	836
4265	830
4266	760
4267	815
4268	920
4269	913
4270	810
4271	873
4272	873
4273	786
4274	876
4275	913
4276	800
4277	776
4278	869
4279	785
4280	839
4281	819
4282	840
4283	863
4284	896
4285	801
4286	834
4287	864
4288	710
4289	791
4290	799
4291	811
4292	830
4293	773
4294	828
4295	904
4296	954
4297	764
4298	867
4299	821
4300	873
4301	852
4302	824
4303	787
4304	748
4305	841
4306	847
4307	821
4308	902
4309	791
4310	867
4311	816
4312	826
4313	839
4314	766
4315	855
4316	773
4317	850
4318	805
4319	808
4320	749
4321	746
4322	783
4323	808
4324	748
4325	770
4326	790
4327	804
4328	745
4329	794
4330	770
4331	919
4332	795
4333	822
4334	728
4335	761
4336	771
4337	775
4338	843
4339	727
4340	775
4341	722
4342	782
4343	797
4344	693
4345	658
4346	691
4347	709
4348	737
4349	731
4350	779
4351	717
4352	706
4353	745
4354	762
4355	712
4356	769
4357	725
4358	705
4359	752
4360	760
4361	760
4362	733
4363	716
4364	715
4365	720
4366	716
4367	701
4368	726
4369	728
4370	771
4371	731
4372	713
4373	708
4374	766
4375	726
4376	738
4377	693
4378	753
4379	745
4380	703
4381	752
4382	708
4383	683
4384	723
4385	670
4386	805
4387	757
4388	737
4389	765
4390	685
4391	664
4392	687
4393	747
4394	774
4395	772
4396	749
4397	674
4398	628
4399	656
4400	679
4401	681
4402	729
4403	737
4404	695
4405	730
4406	685
4407	701
4408	786
4409	720
4410	698
4411	678
4412	720
4413	766
4414	700
4415	682
4416	682
4417	705
4418	706
4419	664
4420	715
4421	682
4422	749
4423	760
4424	716
4425	723
4426	713
4427	707
4428	679
4429	680
4430	648
4431	706
4432	760
4433	591
4434	684
4435	714
4436	686
4437	670
4438	724
4439	724
4440	641
4441	684
4442	661
4443	734
4444	643
4445	647
4446	650
4447	726
4448	670
4449	670
4450	728
4451	705
4452	726
4453	673
4454	626
4455	649
4456	681
4457	644
4458	602
4459	712
4460	722
4461	718
4462	660
4463	684
4464	738
4465	643
4466	729
4467	604
4468	730
4469	679
4470	695
4471	696
4472	648
4473	655
4474	713
4475	778
4476	690
4477	630
4478	678
4479	704
4480	696
4481	686
4482	684
4483	738
4484	653
4485	665
4486	736
4487	666
4488	677
4489	672
4490	708
4491	668
4492	629
4493	639
4494	620
4495	705
4496	667
4497	714
4498	815
4499	694
4500	643
4501	703
4502	720
4503	711
4504	692
4505	715
4506	674
4507	778
4508	694
4509	641
4510	664
4511	660
4512	691
4513	743
4514	670
4515	639
4516	769
4517	763
4518	712
4519	699
4520	722
4521	679
4522	686
4523	671
4524	684
4525	655
4526	683
4527	633
4528	751
4529	671
4530	627
4531	736
4532	749
4533	713
4534	712
4535	657
4536	710
4537	719
4538	683
4539	688
4540	720
4541	784
4542	699
4543	715
4544	722
4545	670
4546	677
4547	711
4548	723
4549	703
4550	695
4551	725
4552	714
4553	704
4554	606
4555	665
4556	705
4557	614
4558	637
4559	655
4560	648
4561	671
4562	676
4563	658
4564	643
4565	646
4566	711
4567	643
4568	663
4569	713
4570	675
4571	566
4572	670
4573	652
4574	693
4575	692
4576	647
4577	662
4578	605
4579	609
4580	646
4581	654
4582	626
4583	690
4584	629
4585	650
4586	680
4587	619
4588	624
4589	688
4590	665
4591	663
4592	630
4593	640
4594	653
4595	656
4596	640
4597	702
4598	668
4599	632
4600	659
4601	664
4602	681
4603	645
4604	673
4605	665
4606	663
4607	660
4608	643
4609	674
4610	699
4611	689
4612	694
4613	655
4614	681
4615	690
4616	722
4617	622
4618	706
4619	738
4620	724
4621	685
4622	684
4623	765
4624	643
4625	606
4626	713
4627	680
4628	722
4629	745
4630	739
4631	758
4632	774
4633	679
4634	713
4635	650
4636	717
4637	675
4638	703
4639	720
4640	747
4641	675
4642	732
4643	761
4644	649
4645	708
4646	754
4647	648
4648	741
4649	714
4650	761
4651	712
4652	652
4653	690
4654	737
4655	746
4656	663
4657	712
4658	723
4659	663
4660	697
4661	626
4662	763
4663	687
4664	685
4665	767
4666	698
4667	670
4668	621
4669	701
4670	674
4671	697
4672	686
4673	757
4674	735
4675	674
4676	671
4677	751
4678	732
4679	669
4680	721
4681	710
4682	686
4683	706
4684	728
4685	651
4686	742
4687	698
4688	803
4689	713
4690	636
4691	683
4692	731
4693	662
4694	768
4695	639
4696	617
4697	669
4698	762
4699	684
4700	726
4701	767
4702	617
4703	710
4704	687
4705	628
4706	719
4707	693
4708	715
4709	611
4710	736
4711	654
4712	705
4713	696
4714	697
4715	636
4716	683
4717	706
4718	708
4719	778
4720	770
4721	667
4722	667
4723	660
4724	672
4725	581
4726	699
4727	712
4728	693
4729	710
4730	678
4731	725
4732	757
4733	728
4734	713
4735	781
4736	686
4737	685
4738	701
4739	635
4740	743
4741	765
4742	684
4743	752
4744	691
4745	784
4746	675
4747	771
4748	671
4749	653
4750	668
4751	646
4752	664
4753	699
4754	777
4755	752
4756	703
4757	767
4758	774
4759	779
4760	663
4761	751
4762	700
4763	723
4764	767
4765	774
4766	705
4767	798
4768	801
4769	752
4770	710
4771	710
4772	689
4773	684
4774	694
4775	780
4776	739
4777	738
4778	786
4779	673
4780	680
4781	665
4782	761
4783	667
4784	721
4785	668
4786	686
4787	672
4788	675
4789	608
4790	675
4791	637
4792	798
4793	737
4794	801
4795	730
4796	740
4797	732
4798	699
4799	700
4800	689
4801	725
4802	753
4803	703
4804	712
4805	758
4806	721
4807	701
4808	687
4809	695
4810	712
4811	698
4812	707
4813	773
4814	751
4815	770
4816	712
4817	748
4818	779
4819	619
4820	609
4821	764
4822	696
4823	665
4824	711
4825	724
4826	697
4827	730
4828	700
4829	709
4830	707
4831	767
4832	746
4833	717
4834	702
4835	706
4836	748
4837	743
4838	752
4839	744
4840	866
4841	751
4842	816
4843	746
4844	766
4845	791
4846	767
4847	734
4848	688
4849	812
4850	818
4851	740
4852	857
4853	913
4854	1145
4855	670
4856	680
4857	689
4858	690
4859	739
4860	689
4861	816
4862	766
4863	726
4864	718
4865	686
4866	752
4867	739
4868	668
4869	778
4870	784
4871	739
4872	742
4873	679
4874	772
4875	643
4876	640
4877	619
4878	659
4879	647
4880	689
4881	683
4882	689
4883	635
4884	701
4885	644
4886	695
4887	650
4888	628
4889	754
4890	690
4891	700
4892	658
4893	623
4894	653
4895	661
4896	711
4897	643
4898	712
4899	681
4900	625
4901	609
4902	590
4903	624
4904	606
4905	641
4906	700
4907	625
4908	697
4909	663
4910	707
4911	614
4912	633
4913	600
4914	673
4915	646
4916	647
4917	621
4918	638
4919	613
4920	617
4921	594
4922	713
4923	629
4924	640
4925	652
4926	648
4927	611
4928	656
4929	592
4930	681
4931	678
4932	665
4933	695
4934	635
4935	638
4936	579
4937	644
4938	618
4939	693
4940	635
4941	689
4942	624
4943	569
4944	613
4945	686
4946	654
4947	653
4948	657
4949	655
4950	616
4951	611
4952	662
4953	584
4954	613
4955	626
4956	621
4957	654
4958	687
4959	619
4960	679
4961	691
4962	650
4963	627
4964	756
4965	596
4966	700
4967	650
4968	671
4969	749
4970	658
4971	585
4972	629
4973	614
4974	676
4975	573
4976	611
4977	606
4978	574
4979	621
4980	542
4981	569
4982	573

