## htsjdk.samtools.metrics.StringHeader
# CollectInsertSizeMetrics HISTOGRAM_FILE=/work/ugbogu/pipeline/data/nbl/GSE189367/results/picard/SRR17011007_insert_size_histogram.pdf MINIMUM_PCT=0.5 INPUT=/work/ugbogu/pipeline/data/nbl/GSE189367/results/star/SRR17011007.Aligned.sortedByCoord.out.bam OUTPUT=/work/ugbogu/pipeline/data/nbl/GSE189367/results/picard/SRR17011007_insert_size_metrics.txt    DEVIATIONS=10.0 METRIC_ACCUMULATION_LEVEL=[ALL_READS] INCLUDE_DUPLICATES=false ASSUME_SORTED=true STOP_AFTER=0 VERBOSITY=INFO QUIET=false VALIDATION_STRINGENCY=STRICT COMPRESSION_LEVEL=5 MAX_RECORDS_IN_RAM=500000 CREATE_INDEX=false CREATE_MD5_FILE=false USE_JDK_DEFLATER=false USE_JDK_INFLATER=false
## htsjdk.samtools.metrics.StringHeader
# Started on: Fri Apr 10 01:15:34 UTC 2026

## METRICS CLASS	picard.analysis.InsertSizeMetrics
MEDIAN_INSERT_SIZE	MODE_INSERT_SIZE	MEDIAN_ABSOLUTE_DEVIATION	MIN_INSERT_SIZE	MAX_INSERT_SIZE	MEAN_INSERT_SIZE	STANDARD_DEVIATION	READ_PAIRS	PAIR_ORIENTATION	WIDTH_OF_10_PERCENT	WIDTH_OF_20_PERCENT	WIDTH_OF_30_PERCENT	WIDTH_OF_40_PERCENT	WIDTH_OF_50_PERCENT	WIDTH_OF_60_PERCENT	WIDTH_OF_70_PERCENT	WIDTH_OF_80_PERCENT	WIDTH_OF_90_PERCENT	WIDTH_OF_95_PERCENT	WIDTH_OF_99_PERCENT	SAMPLE	LIBRARY	READ_GROUP
693	133	569	23	3178044	1164.518123	1492.393866	38623794	FR	549	873	1009	1085	1139	1473	3779	8261	22267	61069	169061			

## HISTOGRAM	java.lang.Integer
insert_size	All_Reads.fr_count
23	1
24	1
25	3
26	3
27	2
28	7
29	3
30	10
31	6
32	7
33	11
34	66
35	455
36	596
37	531
38	534
39	503
40	534
41	671
42	721
43	635
44	582
45	628
46	837
47	695
48	842
49	955
50	1036
51	1069
52	1093
53	1142
54	1078
55	1192
56	1304
57	1358
58	1617
59	1916
60	1890
61	2178
62	2499
63	2641
64	2559
65	2863
66	3231
67	3881
68	4037
69	4418
70	4919
71	6358
72	6107
73	7807
74	7727
75	18951
76	9683
77	9155
78	11039
79	11480
80	11748
81	13145
82	14074
83	16575
84	17001
85	18054
86	19693
87	21150
88	23223
89	25517
90	27479
91	30691
92	33860
93	35922
94	38595
95	42025
96	44471
97	49428
98	52662
99	56408
100	59407
101	61964
102	64916
103	69200
104	74991
105	79143
106	81589
107	86325
108	88849
109	93812
110	96600
111	98496
112	102031
113	105823
114	108401
115	111944
116	115271
117	117972
118	123812
119	121902
120	125998
121	131571
122	130364
123	138341
124	139158
125	135708
126	134276
127	135109
128	134829
129	134392
130	135704
131	136605
132	136713
133	141761
134	141124
135	136800
136	139370
137	137456
138	136229
139	135777
140	135644
141	134528
142	133072
143	131972
144	130460
145	131117
146	127556
147	127746
148	127504
149	126116
150	123518
151	125433
152	121568
153	120348
154	119579
155	119221
156	117423
157	115600
158	113477
159	111380
160	111709
161	109181
162	107913
163	106183
164	104683
165	102605
166	103062
167	101594
168	100667
169	100359
170	98634
171	97181
172	95591
173	94024
174	91646
175	91620
176	90522
177	88176
178	87564
179	86584
180	85399
181	84442
182	83760
183	82242
184	80845
185	79101
186	78495
187	77816
188	77287
189	74566
190	73831
191	73737
192	73527
193	71884
194	70287
195	69435
196	68564
197	68126
198	66983
199	66175
200	65879
201	65495
202	64558
203	63735
204	62324
205	61640
206	61327
207	60455
208	59830
209	59611
210	58237
211	58313
212	57627
213	55994
214	55711
215	55258
216	54423
217	53573
218	53600
219	53454
220	52800
221	52317
222	51328
223	50618
224	50063
225	49163
226	49190
227	48871
228	48324
229	48267
230	48286
231	46201
232	46450
233	46577
234	45549
235	45777
236	44806
237	43781
238	43407
239	43156
240	42570
241	41982
242	41836
243	40468
244	39968
245	39690
246	39502
247	38281
248	39019
249	37915
250	37366
251	37671
252	37010
253	36939
254	35618
255	35281
256	35754
257	34690
258	34553
259	35102
260	34453
261	33895
262	33747
263	33156
264	33001
265	32354
266	32181
267	31883
268	32081
269	31406
270	30824
271	30791
272	30080
273	30530
274	29649
275	29490
276	29353
277	28976
278	28759
279	28388
280	28136
281	27226
282	26997
283	27039
284	26885
285	26434
286	26437
287	25299
288	26142
289	25772
290	25402
291	24683
292	24639
293	23957
294	24537
295	24323
296	24452
297	23597
298	23456
299	23380
300	23067
301	23383
302	22663
303	22436
304	22406
305	21755
306	21814
307	21649
308	21104
309	21504
310	20947
311	20399
312	20775
313	20345
314	20381
315	20391
316	19938
317	19683
318	19631
319	19443
320	19016
321	19131
322	18808
323	18997
324	18663
325	18708
326	18281
327	18155
328	18250
329	17700
330	17425
331	17434
332	17620
333	17369
334	17152
335	16874
336	16889
337	16831
338	16773
339	16475
340	16207
341	16358
342	16303
343	16086
344	15983
345	15887
346	16040
347	16119
348	15554
349	15885
350	15099
351	15399
352	15527
353	15218
354	15036
355	15102
356	14467
357	15067
358	14647
359	14770
360	14685
361	14672
362	14528
363	14466
364	14333
365	13828
366	14115
367	14152
368	14067
369	13911
370	13616
371	13711
372	13533
373	13304
374	13488
375	13110
376	13435
377	13098
378	12830
379	13036
380	12883
381	12680
382	12461
383	12450
384	12805
385	12686
386	12714
387	12036
388	12080
389	11951
390	12235
391	12240
392	12423
393	12188
394	11806
395	11771
396	12030
397	11922
398	11768
399	11763
400	11769
401	11585
402	11495
403	11416
404	11379
405	11461
406	11078
407	10715
408	11047
409	10709
410	11065
411	11182
412	10997
413	10891
414	10664
415	10425
416	10570
417	10770
418	10797
419	10510
420	10481
421	10504
422	10268
423	10555
424	10338
425	10309
426	10123
427	10412
428	10055
429	10482
430	10233
431	9861
432	10224
433	10006
434	9925
435	9756
436	9476
437	9635
438	9499
439	9555
440	9347
441	9800
442	9629
443	9673
444	9680
445	9766
446	9615
447	9607
448	9196
449	9571
450	9347
451	9247
452	9412
453	9711
454	9394
455	9550
456	8671
457	8959
458	8859
459	9263
460	8747
461	8914
462	8812
463	8924
464	8882
465	8558
466	8868
467	8733
468	8642
469	8704
470	8544
471	8608
472	8596
473	8493
474	8365
475	8312
476	8193
477	8360
478	8302
479	8214
480	8348
481	8028
482	8192
483	8080
484	8152
485	8525
486	8201
487	8508
488	8366
489	8366
490	8105
491	8031
492	8175
493	7964
494	7869
495	8106
496	8136
497	8130
498	8030
499	8242
500	7932
501	8097
502	8075
503	7981
504	8191
505	8021
506	8311
507	8281
508	8162
509	8262
510	8056
511	8104
512	8089
513	8128
514	7989
515	7991
516	8117
517	8091
518	7867
519	8153
520	8306
521	7988
522	7970
523	7888
524	7947
525	8033
526	8139
527	8033
528	7740
529	7995
530	7778
531	7777
532	7714
533	7966
534	8115
535	8300
536	8147
537	7947
538	7961
539	7961
540	8011
541	7917
542	7818
543	8058
544	8001
545	7810
546	7712
547	7917
548	7879
549	7593
550	7890
551	7642
552	7709
553	7781
554	7844
555	8071
556	7795
557	7579
558	7936
559	7479
560	7600
561	7422
562	7761
563	7715
564	7740
565	7607
566	7441
567	7824
568	7833
569	7613
570	7715
571	7667
572	7416
573	7562
574	7606
575	7752
576	7694
577	7806
578	7879
579	7845
580	7690
581	7605
582	7547
583	7878
584	7438
585	7830
586	7532
587	7488
588	7600
589	7375
590	7527
591	7310
592	7754
593	7541
594	7570
595	7532
596	7369
597	7542
598	7410
599	7320
600	7390
601	7379
602	7497
603	7214
604	7301
605	7711
606	7225
607	7441
608	7143
609	7345
610	7198
611	7123
612	7396
613	7229
614	7230
615	7413
616	7085
617	7346
618	7308
619	7196
620	7287
621	7139
622	7217
623	7019
624	7335
625	7304
626	7007
627	7381
628	7204
629	6877
630	7114
631	7048
632	7067
633	7062
634	7374
635	7238
636	7154
637	6977
638	7085
639	7197
640	6938
641	6942
642	6844
643	6818
644	7048
645	6923
646	6969
647	7113
648	6833
649	7459
650	6814
651	6795
652	6991
653	6882
654	7031
655	6861
656	6868
657	6859
658	6740
659	7305
660	7042
661	6732
662	6755
663	6993
664	6984
665	7112
666	6798
667	6673
668	6892
669	6851
670	6950
671	6863
672	6771
673	6733
674	6593
675	6684
676	6776
677	6606
678	6913
679	6727
680	6836
681	6642
682	6835
683	6612
684	6747
685	7099
686	6663
687	6902
688	6880
689	6624
690	6918
691	6925
692	7067
693	7087
694	6844
695	7035
696	6906
697	6937
698	6943
699	6864
700	6825
701	6798
702	6903
703	6840
704	6641
705	6884
706	6839
707	6763
708	6700
709	6891
710	6783
711	6924
712	6804
713	6799
714	6867
715	6919
716	6838
717	6894
718	6738
719	6585
720	6710
721	6542
722	6812
723	6879
724	6828
725	6761
726	6672
727	6840
728	6623
729	6652
730	6681
731	6634
732	6485
733	6789
734	6797
735	6771
736	6951
737	6695
738	6756
739	6653
740	6524
741	6756
742	6808
743	6742
744	6722
745	6733
746	6454
747	6434
748	6656
749	6522
750	6568
751	6726
752	6298
753	6661
754	6489
755	6776
756	6480
757	6447
758	6668
759	6595
760	6592
761	6446
762	6656
763	6594
764	6624
765	6438
766	6826
767	6489
768	6640
769	6543
770	6454
771	6463
772	6571
773	6348
774	6403
775	6621
776	6297
777	6380
778	6224
779	6315
780	6492
781	6203
782	6432
783	6212
784	6330
785	6265
786	6300
787	6520
788	6671
789	6244
790	6436
791	6429
792	6438
793	6307
794	6543
795	6417
796	6242
797	6420
798	6527
799	6131
800	6342
801	6302
802	6422
803	6272
804	6591
805	6202
806	6411
807	6417
808	6387
809	6281
810	6153
811	6139
812	6120
813	6183
814	6180
815	6130
816	6382
817	6365
818	6224
819	6095
820	6038
821	6185
822	6135
823	5797
824	6091
825	6008
826	6197
827	6209
828	6103
829	5983
830	6268
831	5995
832	5864
833	6022
834	5876
835	5934
836	6118
837	6316
838	6229
839	6153
840	5971
841	5875
842	6031
843	6214
844	5815
845	5927
846	6026
847	6056
848	6003
849	5921
850	5932
851	5970
852	5809
853	5950
854	5960
855	5946
856	5887
857	5974
858	5962
859	5932
860	5939
861	6114
862	6014
863	5998
864	5928
865	5799
866	5921
867	6014
868	5873
869	5819
870	5957
871	5955
872	5658
873	5670
874	5716
875	5819
876	5906
877	5805
878	5695
879	5918
880	5748
881	5796
882	5783
883	5622
884	5692
885	6075
886	5901
887	6002
888	5854
889	5912
890	5870
891	5952
892	5861
893	5789
894	5753
895	5827
896	5496
897	5923
898	5745
899	5736
900	5756
901	5576
902	5705
903	5697
904	5647
905	5615
906	5760
907	5856
908	5731
909	5717
910	5873
911	5538
912	5704
913	5816
914	5922
915	5548
916	5749
917	5713
918	5495
919	6009
920	5746
921	5739
922	5932
923	5676
924	5546
925	5763
926	5745
927	5743
928	5606
929	5744
930	5657
931	5684
932	5871
933	5588
934	5665
935	5786
936	5563
937	5552
938	5707
939	5707
940	5781
941	5783
942	5660
943	5436
944	5887
945	5511
946	5583
947	5611
948	5671
949	5448
950	5668
951	5472
952	5452
953	5498
954	5383
955	5663
956	5455
957	5398
958	5651
959	5706
960	5159
961	5379
962	5435
963	5427
964	5354
965	5321
966	5594
967	5491
968	5441
969	5324
970	5448
971	5416
972	5320
973	5378
974	5399
975	5394
976	5527
977	5455
978	5235
979	5427
980	5358
981	5262
982	5457
983	5178
984	5306
985	5300
986	5389
987	5219
988	5264
989	5205
990	5461
991	5100
992	5092
993	5164
994	5289
995	5131
996	5204
997	5131
998	5346
999	5264
1000	5118
1001	5160
1002	5133
1003	4925
1004	5212
1005	5285
1006	5174
1007	5191
1008	5096
1009	4985
1010	5202
1011	5003
1012	5240
1013	5090
1014	5230
1015	5124
1016	5082
1017	5239
1018	5214
1019	5164
1020	5128
1021	5105
1022	5099
1023	5086
1024	4994
1025	4913
1026	5243
1027	4906
1028	5152
1029	5135
1030	5047
1031	5158
1032	4976
1033	4882
1034	4809
1035	4973
1036	5054
1037	5137
1038	4959
1039	5102
1040	4739
1041	4891
1042	4866
1043	4751
1044	4881
1045	4888
1046	5149
1047	5006
1048	4970
1049	4879
1050	4980
1051	5070
1052	5096
1053	4932
1054	4815
1055	4771
1056	4876
1057	4895
1058	5044
1059	5033
1060	4711
1061	4820
1062	4793
1063	5022
1064	4943
1065	4730
1066	5001
1067	4936
1068	4977
1069	4862
1070	4968
1071	4753
1072	4913
1073	4713
1074	4906
1075	4749
1076	4701
1077	4661
1078	4912
1079	4771
1080	4721
1081	4784
1082	4849
1083	4800
1084	4772
1085	4726
1086	4899
1087	4735
1088	4616
1089	4726
1090	4628
1091	4690
1092	4613
1093	4812
1094	5064
1095	4881
1096	4679
1097	4837
1098	4726
1099	4777
1100	4817
1101	4794
1102	4855
1103	4691
1104	4915
1105	5010
1106	4843
1107	4575
1108	4835
1109	4870
1110	4892
1111	4982
1112	4760
1113	4821
1114	4844
1115	5003
1116	4539
1117	4547
1118	4750
1119	4795
1120	4847
1121	4929
1122	4664
1123	4717
1124	4917
1125	4863
1126	4838
1127	4862
1128	4823
1129	4757
1130	4734
1131	4559
1132	4638
1133	4617
1134	4763
1135	4574
1136	4803
1137	4675
1138	4851
1139	4916
1140	4801
1141	4838
1142	4906
1143	4854
1144	4742
1145	4654
1146	4637
1147	4859
1148	4800
1149	4790
1150	4768
1151	4883
1152	4803
1153	4874
1154	4777
1155	4707
1156	5103
1157	4920
1158	4799
1159	4757
1160	4701
1161	4748
1162	4902
1163	5010
1164	5139
1165	5144
1166	4767
1167	4900
1168	4685
1169	4580
1170	4699
1171	4909
1172	4680
1173	4721
1174	4833
1175	4887
1176	4773
1177	4624
1178	4857
1179	4681
1180	5009
1181	4759
1182	4842
1183	4761
1184	4868
1185	4739
1186	4857
1187	5015
1188	4774
1189	4574
1190	4704
1191	4819
1192	4721
1193	4810
1194	4640
1195	4780
1196	4768
1197	4984
1198	4675
1199	4694
1200	4804
1201	4888
1202	4614
1203	4895
1204	4809
1205	4916
1206	4730
1207	4736
1208	4848
1209	4871
1210	4905
1211	4676
1212	4969
1213	4577
1214	4824
1215	4835
1216	4768
1217	4647
1218	4779
1219	4709
1220	4863
1221	4722
1222	4933
1223	4858
1224	4802
1225	4722
1226	5036
1227	4931
1228	4937
1229	4869
1230	4969
1231	4983
1232	4800
1233	4668
1234	4805
1235	4928
1236	4742
1237	4742
1238	4674
1239	4887
1240	4748
1241	4777
1242	4640
1243	4705
1244	4738
1245	4747
1246	4786
1247	4786
1248	4525
1249	4632
1250	4770
1251	4703
1252	4650
1253	4712
1254	5030
1255	4997
1256	5102
1257	4765
1258	5116
1259	4780
1260	4774
1261	4619
1262	4785
1263	4936
1264	5001
1265	5098
1266	4781
1267	4951
1268	4791
1269	5016
1270	4907
1271	4860
1272	4843
1273	4604
1274	4630
1275	4588
1276	4410
1277	4533
1278	4595
1279	4614
1280	4696
1281	4832
1282	4578
1283	4626
1284	4656
1285	4485
1286	4676
1287	4707
1288	4487
1289	4483
1290	4680
1291	4565
1292	4681
1293	4558
1294	4485
1295	4583
1296	4471
1297	4704
1298	4498
1299	4545
1300	4537
1301	4649
1302	4361
1303	4471
1304	4565
1305	4633
1306	4589
1307	4456
1308	4719
1309	4494
1310	4502
1311	4536
1312	4370
1313	4704
1314	5020
1315	4642
1316	4490
1317	4916
1318	4757
1319	4538
1320	4368
1321	4427
1322	4639
1323	4470
1324	4372
1325	4319
1326	4517
1327	4472
1328	4305
1329	4205
1330	4262
1331	4327
1332	4413
1333	4375
1334	4218
1335	4148
1336	4325
1337	4259
1338	4426
1339	4218
1340	4268
1341	4133
1342	4373
1343	4327
1344	4245
1345	4090
1346	4264
1347	4218
1348	4242
1349	4363
1350	4416
1351	4411
1352	4445
1353	4437
1354	4171
1355	4153
1356	4290
1357	4148
1358	4224
1359	4362
1360	4150
1361	4297
1362	4245
1363	4469
1364	4231
1365	4216
1366	4249
1367	4098
1368	4184
1369	4226
1370	4198
1371	4218
1372	4043
1373	4239
1374	4309
1375	3986
1376	4341
1377	4263
1378	4088
1379	4016
1380	4234
1381	4125
1382	4186
1383	4242
1384	4234
1385	4141
1386	4261
1387	4247
1388	4194
1389	4068
1390	4102
1391	4030
1392	4072
1393	4118
1394	4110
1395	4106
1396	4008
1397	4184
1398	3989
1399	3869
1400	3987
1401	3899
1402	3997
1403	3894
1404	4019
1405	4020
1406	4001
1407	4087
1408	4133
1409	4107
1410	3905
1411	3990
1412	3987
1413	3987
1414	3841
1415	3970
1416	3895
1417	3914
1418	3991
1419	3862
1420	3970
1421	4267
1422	3901
1423	3850
1424	4047
1425	4005
1426	4010
1427	4193
1428	3947
1429	4114
1430	4195
1431	4006
1432	3894
1433	4009
1434	4027
1435	3985
1436	4019
1437	3983
1438	3870
1439	3898
1440	3883
1441	3914
1442	3984
1443	4047
1444	4018
1445	3941
1446	3861
1447	4009
1448	3990
1449	3884
1450	3978
1451	3835
1452	3900
1453	4010
1454	4029
1455	3959
1456	3949
1457	4110
1458	4078
1459	4115
1460	4102
1461	4349
1462	3962
1463	4096
1464	3981
1465	3860
1466	3903
1467	4087
1468	3982
1469	4025
1470	4280
1471	3986
1472	4092
1473	4252
1474	4165
1475	4187
1476	4124
1477	4042
1478	3955
1479	4063
1480	3926
1481	4166
1482	4052
1483	4221
1484	4217
1485	4080
1486	4041
1487	4265
1488	4059
1489	4271
1490	4245
1491	4179
1492	4271
1493	4265
1494	4547
1495	4147
1496	4261
1497	4301
1498	4367
1499	4372
1500	4483
1501	4432
1502	4229
1503	4022
1504	4208
1505	4105
1506	4304
1507	4405
1508	4239
1509	4237
1510	4453
1511	4312
1512	4212
1513	4080
1514	4221
1515	4217
1516	4232
1517	4459
1518	4022
1519	4250
1520	4124
1521	4400
1522	4201
1523	4451
1524	4369
1525	4380
1526	4467
1527	4429
1528	4323
1529	4194
1530	4223
1531	4156
1532	4318
1533	4315
1534	4084
1535	4383
1536	4438
1537	4325
1538	4141
1539	4468
1540	4312
1541	4358
1542	4280
1543	4087
1544	4417
1545	4450
1546	4335
1547	4437
1548	4229
1549	4318
1550	4377
1551	4252
1552	4536
1553	4408
1554	4238
1555	4295
1556	4653
1557	4387
1558	4411
1559	4412
1560	4270
1561	4266
1562	4085
1563	4299
1564	4234
1565	4329
1566	4227
1567	4282
1568	4409
1569	4300
1570	4158
1571	4310
1572	4268
1573	4547
1574	4697
1575	4433
1576	4037
1577	4078
1578	4123
1579	4070
1580	4218
1581	4269
1582	4519
1583	4302
1584	4391
1585	4381
1586	4403
1587	4430
1588	4130
1589	4284
1590	4241
1591	4284
1592	4165
1593	4189
1594	4343
1595	3934
1596	4189
1597	4117
1598	3885
1599	4145
1600	4155
1601	4366
1602	4076
1603	4247
1604	4115
1605	4184
1606	3955
1607	4202
1608	4081
1609	4157
1610	4083
1611	3960
1612	3937
1613	3908
1614	4061
1615	4104
1616	3950
1617	3951
1618	4146
1619	4060
1620	4129
1621	4182
1622	3873
1623	4022
1624	4350
1625	4174
1626	4209
1627	4217
1628	4065
1629	4018
1630	3996
1631	3932
1632	4083
1633	3720
1634	4064
1635	4026
1636	3908
1637	4056
1638	3937
1639	3982
1640	4084
1641	4052
1642	3921
1643	4009
1644	4027
1645	4181
1646	4007
1647	3999
1648	3847
1649	4118
1650	4214
1651	4031
1652	3951
1653	4126
1654	4075
1655	3783
1656	4061
1657	3876
1658	4072
1659	3992
1660	3982
1661	4050
1662	4079
1663	3994
1664	4007
1665	4016
1666	4008
1667	4154
1668	3996
1669	4000
1670	4317
1671	4203
1672	4224
1673	4155
1674	3922
1675	3952
1676	3809
1677	3793
1678	3967
1679	4079
1680	3897
1681	4090
1682	3953
1683	3906
1684	3823
1685	3821
1686	3656
1687	4027
1688	4017
1689	3758
1690	3893
1691	4115
1692	3992
1693	3977
1694	4083
1695	3657
1696	3787
1697	3952
1698	3973
1699	3822
1700	3817
1701	4121
1702	4029
1703	4122
1704	3866
1705	3992
1706	3892
1707	4073
1708	3854
1709	4205
1710	4011
1711	4054
1712	4053
1713	3883
1714	4071
1715	4084
1716	3969
1717	3978
1718	4019
1719	4003
1720	4051
1721	3919
1722	3909
1723	4101
1724	4035
1725	3897
1726	3864
1727	4098
1728	4019
1729	3923
1730	3909
1731	4147
1732	3885
1733	3995
1734	4125
1735	3868
1736	4202
1737	4095
1738	4015
1739	3915
1740	4059
1741	4094
1742	3983
1743	4144
1744	3883
1745	3756
1746	4323
1747	4062
1748	3987
1749	4210
1750	4062
1751	3995
1752	3974
1753	4055
1754	4174
1755	3881
1756	3912
1757	3864
1758	3895
1759	3759
1760	4055
1761	3731
1762	3808
1763	3733
1764	3903
1765	3689
1766	3704
1767	3907
1768	3863
1769	3702
1770	3900
1771	3877
1772	3966
1773	3985
1774	3858
1775	3804
1776	3604
1777	3788
1778	3677
1779	3696
1780	3561
1781	3681
1782	3587
1783	3659
1784	3569
1785	3629
1786	3479
1787	3645
1788	3755
1789	3640
1790	3628
1791	3368
1792	3463
1793	3558
1794	3519
1795	3604
1796	3473
1797	3591
1798	3250
1799	3618
1800	3585
1801	3424
1802	3468
1803	3324
1804	3335
1805	3372
1806	3514
1807	3603
1808	3472
1809	3416
1810	3495
1811	3394
1812	3303
1813	3281
1814	3336
1815	3436
1816	3265
1817	3334
1818	3517
1819	3483
1820	3418
1821	3454
1822	3290
1823	3341
1824	3325
1825	3689
1826	3313
1827	3384
1828	3241
1829	3330
1830	3119
1831	3337
1832	3375
1833	3261
1834	3321
1835	3336
1836	3329
1837	3287
1838	3322
1839	3237
1840	3385
1841	3435
1842	3489
1843	3286
1844	3183
1845	3457
1846	3339
1847	3368
1848	3295
1849	3380
1850	3163
1851	3277
1852	3337
1853	3421
1854	3466
1855	3269
1856	3304
1857	3486
1858	3217
1859	3364
1860	3187
1861	3394
1862	3355
1863	3550
1864	3437
1865	3333
1866	3215
1867	3311
1868	3408
1869	3375
1870	3383
1871	3258
1872	3378
1873	3230
1874	3421
1875	3445
1876	3254
1877	3329
1878	3286
1879	3381
1880	3367
1881	3281
1882	3374
1883	3368
1884	3361
1885	3298
1886	3395
1887	3453
1888	3407
1889	3288
1890	3199
1891	3406
1892	3504
1893	3396
1894	3372
1895	3413
1896	3379
1897	3421
1898	3450
1899	3429
1900	3502
1901	3421
1902	3474
1903	3412
1904	3559
1905	3359
1906	3482
1907	3529
1908	3501
1909	3423
1910	3342
1911	3235
1912	3468
1913	3484
1914	3484
1915	3370
1916	3663
1917	3474
1918	3619
1919	3416
1920	3451
1921	3479
1922	3433
1923	3341
1924	3413
1925	3678
1926	3438
1927	3544
1928	3397
1929	3528
1930	3406
1931	3466
1932	3457
1933	3341
1934	3455
1935	3406
1936	3367
1937	3386
1938	3497
1939	3390
1940	3338
1941	3507
1942	3340
1943	3472
1944	3507
1945	3611
1946	3278
1947	3290
1948	3394
1949	3331
1950	3403
1951	3483
1952	3626
1953	3529
1954	3381
1955	3183
1956	3327
1957	3349
1958	3462
1959	3386
1960	3451
1961	3324
1962	3467
1963	3602
1964	3260
1965	3503
1966	3269
1967	3323
1968	3209
1969	3334
1970	3449
1971	3658
1972	3547
1973	3561
1974	3536
1975	3387
1976	3379
1977	3507
1978	3410
1979	3553
1980	3570
1981	3623
1982	3569
1983	3543
1984	3509
1985	3433
1986	3588
1987	3493
1988	3529
1989	3438
1990	3696
1991	3477
1992	3922
1993	3597
1994	3696
1995	3765
1996	3470
1997	3532
1998	3525
1999	3569
2000	3683
2001	3622
2002	3759
2003	3740
2004	3562
2005	3609
2006	3582
2007	3559
2008	3811
2009	3823
2010	3683
2011	3783
2012	3538
2013	3624
2014	3679
2015	3712
2016	3630
2017	3624
2018	3640
2019	3728
2020	3526
2021	3763
2022	3662
2023	3684
2024	3861
2025	3607
2026	3632
2027	3535
2028	3621
2029	3565
2030	3633
2031	3637
2032	3507
2033	3734
2034	3452
2035	3441
2036	3563
2037	3624
2038	3625
2039	3762
2040	3829
2041	3469
2042	3615
2043	3501
2044	3416
2045	3535
2046	3542
2047	3356
2048	3563
2049	3509
2050	3401
2051	3612
2052	3362
2053	3488
2054	3497
2055	3641
2056	3637
2057	3541
2058	3373
2059	3485
2060	3457
2061	3613
2062	3445
2063	3577
2064	3440
2065	3472
2066	3335
2067	3380
2068	3482
2069	3357
2070	3338
2071	3426
2072	3401
2073	3368
2074	3428
2075	3167
2076	3379
2077	3470
2078	3472
2079	3282
2080	3256
2081	3226
2082	3504
2083	3309
2084	3343
2085	3114
2086	3324
2087	3335
2088	3267
2089	3182
2090	3416
2091	3140
2092	3207
2093	3067
2094	3008
2095	3217
2096	3129
2097	3142
2098	3141
2099	2990
2100	3103
2101	3230
2102	3258
2103	3130
2104	3150
2105	3095
2106	3230
2107	2943
2108	3209
2109	3164
2110	3048
2111	3108
2112	3064
2113	3030
2114	2881
2115	3010
2116	3156
2117	2984
2118	3241
2119	3150
2120	3249
2121	2999
2122	3101
2123	3151
2124	3179
2125	2994
2126	3146
2127	3107
2128	3133
2129	3020
2130	3185
2131	3185
2132	3154
2133	3137
2134	3189
2135	3043
2136	2986
2137	3072
2138	3097
2139	2881
2140	2934
2141	2992
2142	2915
2143	3129
2144	2977
2145	3066
2146	3251
2147	3135
2148	2974
2149	2832
2150	2897
2151	3142
2152	3084
2153	2940
2154	2997
2155	3017
2156	2950
2157	3012
2158	2997
2159	3079
2160	2864
2161	3057
2162	2890
2163	2894
2164	2796
2165	3004
2166	3167
2167	2738
2168	3023
2169	3032
2170	3055
2171	2983
2172	2895
2173	3098
2174	2944
2175	2963
2176	3052
2177	2990
2178	3126
2179	3060
2180	2996
2181	3021
2182	3041
2183	2935
2184	3027
2185	3097
2186	3019
2187	2991
2188	3002
2189	2949
2190	3049
2191	2917
2192	2966
2193	2951
2194	2931
2195	2902
2196	3214
2197	3113
2198	2948
2199	3068
2200	2969
2201	2928
2202	3186
2203	3164
2204	3073
2205	3056
2206	3066
2207	3049
2208	3039
2209	3127
2210	2917
2211	2983
2212	2977
2213	2987
2214	2781
2215	2825
2216	2961
2217	3015
2218	2943
2219	3023
2220	3045
2221	2978
2222	3019
2223	2911
2224	3019
2225	2830
2226	3141
2227	3003
2228	2935
2229	2811
2230	2985
2231	3007
2232	3039
2233	3153
2234	3053
2235	3030
2236	3243
2237	3086
2238	3039
2239	3185
2240	2971
2241	2948
2242	3155
2243	3084
2244	3059
2245	3025
2246	3098
2247	3251
2248	2924
2249	2965
2250	3128
2251	2992
2252	3082
2253	3177
2254	3145
2255	2917
2256	2974
2257	2979
2258	3016
2259	3178
2260	3308
2261	3058
2262	2942
2263	3101
2264	3075
2265	3055
2266	3003
2267	2807
2268	2997
2269	3111
2270	3116
2271	2879
2272	3028
2273	2983
2274	2977
2275	2865
2276	3123
2277	2919
2278	2939
2279	2961
2280	3027
2281	2793
2282	2888
2283	2869
2284	2848
2285	2787
2286	2968
2287	2955
2288	2885
2289	2934
2290	2889
2291	3029
2292	2898
2293	2909
2294	2962
2295	2966
2296	2824
2297	2965
2298	2891
2299	2733
2300	2841
2301	2806
2302	2894
2303	2871
2304	2891
2305	2910
2306	2747
2307	2836
2308	2766
2309	2874
2310	2839
2311	2722
2312	2731
2313	2861
2314	2838
2315	2717
2316	2937
2317	2675
2318	3117
2319	2803
2320	2936
2321	2889
2322	2836
2323	2955
2324	2807
2325	2820
2326	2887
2327	2875
2328	2754
2329	2769
2330	2848
2331	2734
2332	2741
2333	2670
2334	2794
2335	2808
2336	2788
2337	2812
2338	2757
2339	2865
2340	2616
2341	2909
2342	2809
2343	2821
2344	2863
2345	2635
2346	2747
2347	2714
2348	2844
2349	2723
2350	2861
2351	2762
2352	2649
2353	2881
2354	2579
2355	2809
2356	2698
2357	2718
2358	2732
2359	2691
2360	2678
2361	2658
2362	2818
2363	2834
2364	2532
2365	2581
2366	2799
2367	2557
2368	2598
2369	2596
2370	2656
2371	2498
2372	2690
2373	2612
2374	2637
2375	2725
2376	2580
2377	2827
2378	2530
2379	2713
2380	2529
2381	2571
2382	2704
2383	2726
2384	2651
2385	2442
2386	2609
2387	2616
2388	2636
2389	2513
2390	2488
2391	2584
2392	2579
2393	2589
2394	2492
2395	2533
2396	2437
2397	2485
2398	2493
2399	2544
2400	2412
2401	2527
2402	2539
2403	2486
2404	2576
2405	2660
2406	2556
2407	2458
2408	2586
2409	2563
2410	2385
2411	2455
2412	2539
2413	2541
2414	2429
2415	2487
2416	2438
2417	2543
2418	2308
2419	2433
2420	2497
2421	2587
2422	2377
2423	2573
2424	2413
2425	2481
2426	2336
2427	2407
2428	2434
2429	2634
2430	2479
2431	2388
2432	2324
2433	2367
2434	2387
2435	2370
2436	2412
2437	2353
2438	2269
2439	2469
2440	2366
2441	2406
2442	2502
2443	2302
2444	2496
2445	2388
2446	2506
2447	2459
2448	2275
2449	2450
2450	2442
2451	2332
2452	2539
2453	2452
2454	2319
2455	2451
2456	2432
2457	2463
2458	2447
2459	2333
2460	2332
2461	2315
2462	2407
2463	2386
2464	2341
2465	2388
2466	2507
2467	2357
2468	2401
2469	2249
2470	2392
2471	2496
2472	2525
2473	2561
2474	2601
2475	2369
2476	2338
2477	2428
2478	2422
2479	2474
2480	2442
2481	2549
2482	2435
2483	2457
2484	2491
2485	2423
2486	2363
2487	2350
2488	2481
2489	2405
2490	2447
2491	2387
2492	2390
2493	2541
2494	2492
2495	2529
2496	2529
2497	2406
2498	2452
2499	2505
2500	2411
2501	2497
2502	2423
2503	2439
2504	2464
2505	2531
2506	2349
2507	2478
2508	2476
2509	2456
2510	2346
2511	2458
2512	2427
2513	2506
2514	2588
2515	2546
2516	2551
2517	2513
2518	2397
2519	2484
2520	2412
2521	2455
2522	2416
2523	2506
2524	2540
2525	2550
2526	2473
2527	2482
2528	2591
2529	2536
2530	2477
2531	2618
2532	2582
2533	2613
2534	2492
2535	2583
2536	2477
2537	2473
2538	2425
2539	2493
2540	2526
2541	2492
2542	2448
2543	2561
2544	2564
2545	2464
2546	2465
2547	2610
2548	2482
2549	2317
2550	2503
2551	2502
2552	2444
2553	2583
2554	2486
2555	2388
2556	2634
2557	2552
2558	2545
2559	2590
2560	2622
2561	2484
2562	2399
2563	2470
2564	2515
2565	2699
2566	2608
2567	2624
2568	2331
2569	2538
2570	2573
2571	2511
2572	2471
2573	2461
2574	2444
2575	2522
2576	2378
2577	2391
2578	2492
2579	2516
2580	2420
2581	2502
2582	2440
2583	2405
2584	2250
2585	2413
2586	2463
2587	2324
2588	2479
2589	2452
2590	2476
2591	2393
2592	2393
2593	2398
2594	2271
2595	2345
2596	2382
2597	2449
2598	2346
2599	2399
2600	2504
2601	2399
2602	2450
2603	2355
2604	2490
2605	2344
2606	2325
2607	2337
2608	2377
2609	2454
2610	2464
2611	2464
2612	2381
2613	2348
2614	2367
2615	2485
2616	2438
2617	2471
2618	2373
2619	2322
2620	2419
2621	2377
2622	2461
2623	2419
2624	2524
2625	2515
2626	2471
2627	2351
2628	2271
2629	2330
2630	2276
2631	2394
2632	2365
2633	2493
2634	2290
2635	2529
2636	2634
2637	2602
2638	2508
2639	2525
2640	2662
2641	2598
2642	2539
2643	2562
2644	2456
2645	2592
2646	2465
2647	2473
2648	2456
2649	2419
2650	2358
2651	2556
2652	2722
2653	2674
2654	2669
2655	2485
2656	2466
2657	2512
2658	2539
2659	2317
2660	2244
2661	2466
2662	2236
2663	2401
2664	2507
2665	2505
2666	2518
2667	2613
2668	2431
2669	2475
2670	2527
2671	2291
2672	2454
2673	2374
2674	2323
2675	2386
2676	2471
2677	2521
2678	2410
2679	2655
2680	2538
2681	2402
2682	2669
2683	2594
2684	2756
2685	2637
2686	2639
2687	2532
2688	2487
2689	2645
2690	2614
2691	2491
2692	2396
2693	2496
2694	2323
2695	2571
2696	2360
2697	2584
2698	2322
2699	2537
2700	2494
2701	2697
2702	2746
2703	2461
2704	2527
2705	2487
2706	2418
2707	2455
2708	2652
2709	2669
2710	2605
2711	2584
2712	2371
2713	2254
2714	2297
2715	2465
2716	2283
2717	2503
2718	2399
2719	2379
2720	2267
2721	2385
2722	2335
2723	2485
2724	2384
2725	2185
2726	2277
2727	2302
2728	2402
2729	2318
2730	2447
2731	2326
2732	2214
2733	2365
2734	2317
2735	2209
2736	2278
2737	2257
2738	2389
2739	2283
2740	2370
2741	2315
2742	2357
2743	2319
2744	2249
2745	2216
2746	2144
2747	2368
2748	2095
2749	2149
2750	2181
2751	2284
2752	2231
2753	2118
2754	2083
2755	2286
2756	2177
2757	2271
2758	2149
2759	2162
2760	2130
2761	2461
2762	2133
2763	2198
2764	2417
2765	2278
2766	2279
2767	2221
2768	2345
2769	2414
2770	2447
2771	2239
2772	2293
2773	2335
2774	2355
2775	2305
2776	2304
2777	2123
2778	2237
2779	2245
2780	2070
2781	2237
2782	2182
2783	2214
2784	2203
2785	2044
2786	2028
2787	2147
2788	2142
2789	2120
2790	2203
2791	2136
2792	2101
2793	2033
2794	2168
2795	2259
2796	2117
2797	2143
2798	2090
2799	2130
2800	2128
2801	2156
2802	2174
2803	2000
2804	2172
2805	2108
2806	2189
2807	2289
2808	2097
2809	2215
2810	2179
2811	2113
2812	2171
2813	2113
2814	2114
2815	2090
2816	2201
2817	2078
2818	2203
2819	2258
2820	2075
2821	2091
2822	2107
2823	2248
2824	2164
2825	2211
2826	2124
2827	2118
2828	2082
2829	2233
2830	2104
2831	2063
2832	2116
2833	2114
2834	2001
2835	2003
2836	2057
2837	2155
2838	2038
2839	2098
2840	2147
2841	2030
2842	2142
2843	1919
2844	2233
2845	2237
2846	2087
2847	2131
2848	2166
2849	2134
2850	2163
2851	2201
2852	2162
2853	2164
2854	2090
2855	2085
2856	2080
2857	2158
2858	2112
2859	2116
2860	2068
2861	2209
2862	2291
2863	2236
2864	2253
2865	2145
2866	2140
2867	2112
2868	2114
2869	2182
2870	2044
2871	2101
2872	2112
2873	2149
2874	2096
2875	2156
2876	2120
2877	2100
2878	2125
2879	2123
2880	2245
2881	2106
2882	2056
2883	2124
2884	2028
2885	2155
2886	2121
2887	2176
2888	2303
2889	2141
2890	2173
2891	2231
2892	2077
2893	2179
2894	2167
2895	2229
2896	2101
2897	2216
2898	2109
2899	2159
2900	2135
2901	2204
2902	2044
2903	2043
2904	2024
2905	2099
2906	2133
2907	2180
2908	2197
2909	2202
2910	2171
2911	2077
2912	2033
2913	2231
2914	2072
2915	2083
2916	2279
2917	2240
2918	2189
2919	1933
2920	2343
2921	2173
2922	2225
2923	2122
2924	2156
2925	2040
2926	2050
2927	2190
2928	2160
2929	2042
2930	2092
2931	2355
2932	2084
2933	1969
2934	2152
2935	2154
2936	2173
2937	2247
2938	2124
2939	1981
2940	2099
2941	2097
2942	2171
2943	2224
2944	2103
2945	2234
2946	2023
2947	2153
2948	2292
2949	2173
2950	2030
2951	2098
2952	2142
2953	2205
2954	2122
2955	2053
2956	2210
2957	2111
2958	2199
2959	2073
2960	2189
2961	2177
2962	2211
2963	2150
2964	2142
2965	2162
2966	2235
2967	2299
2968	2133
2969	2095
2970	2229
2971	2162
2972	2092
2973	2106
2974	2192
2975	2194
2976	2261
2977	2177
2978	2115
2979	2178
2980	2121
2981	2261
2982	2093
2983	2207
2984	2156
2985	2155
2986	2217
2987	2117
2988	2095
2989	2070
2990	2199
2991	2029
2992	2194
2993	2197
2994	2142
2995	2084
2996	2222
2997	2112
2998	2053
2999	2163
3000	2201
3001	2022
3002	2280
3003	2187
3004	2134
3005	2346
3006	2252
3007	2287
3008	2279
3009	2304
3010	2277
3011	2199
3012	2088
3013	2079
3014	2041
3015	2076
3016	2232
3017	2105
3018	2079
3019	2141
3020	2292
3021	2176
3022	2117
3023	2195
3024	2039
3025	2219
3026	2121
3027	2090
3028	2274
3029	2127
3030	2173
3031	2033
3032	2166
3033	2191
3034	2105
3035	2112
3036	2108
3037	2147
3038	2204
3039	2075
3040	2068
3041	2142
3042	2151
3043	2133
3044	2102
3045	2006
3046	2191
3047	2105
3048	2111
3049	2274
3050	2074
3051	2151
3052	2283
3053	2342
3054	2144
3055	2398
3056	2256
3057	2419
3058	2268
3059	2217
3060	2270
3061	2220
3062	2255
3063	2184
3064	2112
3065	2177
3066	2145
3067	2066
3068	2273
3069	2294
3070	2237
3071	2210
3072	2223
3073	2219
3074	2462
3075	2178
3076	2176
3077	2194
3078	2433
3079	2306
3080	2444
3081	2311
3082	2312
3083	2216
3084	2273
3085	2399
3086	2299
3087	2240
3088	2252
3089	2251
3090	2290
3091	2205
3092	2137
3093	2219
3094	2210
3095	2399
3096	2390
3097	2372
3098	2228
3099	2337
3100	2299
3101	2314
3102	2380
3103	2406
3104	2363
3105	2333
3106	2480
3107	2194
3108	2246
3109	2255
3110	2136
3111	2293
3112	2166
3113	2142
3114	2439
3115	2339
3116	2528
3117	2356
3118	2310
3119	2154
3120	2215
3121	2299
3122	2225
3123	2069
3124	2160
3125	2324
3126	2287
3127	2218
3128	2212
3129	2141
3130	2230
3131	2238
3132	2136
3133	2109
3134	2169
3135	2150
3136	2064
3137	2200
3138	2174
3139	2141
3140	2161
3141	2265
3142	2185
3143	2168
3144	2173
3145	2046
3146	2085
3147	2078
3148	2069
3149	2135
3150	2225
3151	2091
3152	2060
3153	2111
3154	1957
3155	2010
3156	2007
3157	2032
3158	2013
3159	2115
3160	2235
3161	2300
3162	2160
3163	2150
3164	2162
3165	2124
3166	2205
3167	2119
3168	2059
3169	2076
3170	2130
3171	1929
3172	2013
3173	2024
3174	2027
3175	2031
3176	2027
3177	2058
3178	1994
3179	1935
3180	1892
3181	2049
3182	2052
3183	2131
3184	1982
3185	1907
3186	1921
3187	1957
3188	2019
3189	1990
3190	2091
3191	2125
3192	2004
3193	1949
3194	2119
3195	2079
3196	1964
3197	2038
3198	1951
3199	1977
3200	1891
3201	2074
3202	1942
3203	1954
3204	1991
3205	2109
3206	1966
3207	2141
3208	2087
3209	1822
3210	1960
3211	2050
3212	1976
3213	2048
3214	1927
3215	2106
3216	1892
3217	1942
3218	2010
3219	2004
3220	1943
3221	2067
3222	1864
3223	1917
3224	1977
3225	1998
3226	2042
3227	2010
3228	1899
3229	1933
3230	1944
3231	1979
3232	2005
3233	2007
3234	2076
3235	2077
3236	1948
3237	2026
3238	1927
3239	2015
3240	1977
3241	2016
3242	1981
3243	1949
3244	2019
3245	1976
3246	2097
3247	2017
3248	1961
3249	2043
3250	1986
3251	1905
3252	1953
3253	2016
3254	1955
3255	2179
3256	1950
3257	1949
3258	2105
3259	1940
3260	2039
3261	2025
3262	1982
3263	1924
3264	1970
3265	2019
3266	2046
3267	2017
3268	1977
3269	1969
3270	1991
3271	1908
3272	1837
3273	1994
3274	2019
3275	2004
3276	1960
3277	1944
3278	2024
3279	1958
3280	2047
3281	1911
3282	1993
3283	1955
3284	2082
3285	1986
3286	2196
3287	2089
3288	1967
3289	2048
3290	2009
3291	2104
3292	2048
3293	1997
3294	1988
3295	2058
3296	1995
3297	2042
3298	2183
3299	2107
3300	2027
3301	2042
3302	2080
3303	2110
3304	2217
3305	2023
3306	2192
3307	2071
3308	2012
3309	1958
3310	2135
3311	2016
3312	2123
3313	2091
3314	2007
3315	2090
3316	2056
3317	2044
3318	2078
3319	2072
3320	2083
3321	2162
3322	2033
3323	2020
3324	2006
3325	2040
3326	2018
3327	1889
3328	1969
3329	1938
3330	2224
3331	2054
3332	1936
3333	2020
3334	1930
3335	1957
3336	2097
3337	2089
3338	2026
3339	1997
3340	2048
3341	1795
3342	1925
3343	1867
3344	2072
3345	1972
3346	2009
3347	2003
3348	2041
3349	1963
3350	1929
3351	1994
3352	1905
3353	1922
3354	1927
3355	2022
3356	1873
3357	1866
3358	1987
3359	2026
3360	2000
3361	1880
3362	1952
3363	2004
3364	1963
3365	1837
3366	1916
3367	1827
3368	1791
3369	1930
3370	1906
3371	1770
3372	1845
3373	1915
3374	1963
3375	1871
3376	1791
3377	1759
3378	1863
3379	1912
3380	1780
3381	1816
3382	1799
3383	1883
3384	1787
3385	1774
3386	1803
3387	1905
3388	1883
3389	1862
3390	1869
3391	1884
3392	1799
3393	1650
3394	1789
3395	1891
3396	1908
3397	1865
3398	1813
3399	1868
3400	1797
3401	1827
3402	1918
3403	1781
3404	1811
3405	1881
3406	1869
3407	1873
3408	1831
3409	1840
3410	1801
3411	1869
3412	1831
3413	1794
3414	1872
3415	1731
3416	1819
3417	1825
3418	1729
3419	1820
3420	1762
3421	1855
3422	1873
3423	1812
3424	1780
3425	1854
3426	1736
3427	1827
3428	1764
3429	1879
3430	1712
3431	1794
3432	1898
3433	1896
3434	1736
3435	1868
3436	1901
3437	1779
3438	1790
3439	1842
3440	1795
3441	1828
3442	1860
3443	1716
3444	1813
3445	1846
3446	1869
3447	1865
3448	1836
3449	1656
3450	1725
3451	1808
3452	1889
3453	1750
3454	1690
3455	1913
3456	1754
3457	1700
3458	1779
3459	1757
3460	1767
3461	1738
3462	1700
3463	1764
3464	1761
3465	1833
3466	1674
3467	1734
3468	1775
3469	1793
3470	1769
3471	1818
3472	1661
3473	1687
3474	1794
3475	1727
3476	1685
3477	1768
3478	1576
3479	1749
3480	1769
3481	1706
3482	1732
3483	1676
3484	1696
3485	1701
3486	1701
3487	1751
3488	1693
3489	1639
3490	1701
3491	1714
3492	1803
3493	1830
3494	1658
3495	1773
3496	1758
3497	1660
3498	1797
3499	1802
3500	1723
3501	1693
3502	1782
3503	1833
3504	1712
3505	1795
3506	1585
3507	1739
3508	1672
3509	1657
3510	1768
3511	1682
3512	1698
3513	1673
3514	1648
3515	1670
3516	1619
3517	1754
3518	1683
3519	1699
3520	1751
3521	1702
3522	1585
3523	1678
3524	1587
3525	1651
3526	1674
3527	1838
3528	1779
3529	1701
3530	1772
3531	1668
3532	1715
3533	1684
3534	1753
3535	1630
3536	1746
3537	1685
3538	1731
3539	1792
3540	1657
3541	1597
3542	1534
3543	1695
3544	1651
3545	1656
3546	1712
3547	1529
3548	1638
3549	1731
3550	1599
3551	1638
3552	1621
3553	1611
3554	1635
3555	1703
3556	1697
3557	1712
3558	1754
3559	1680
3560	1678
3561	1680
3562	1784
3563	1715
3564	1661
3565	1678
3566	1631
3567	1774
3568	1768
3569	1592
3570	1740
3571	1736
3572	1718
3573	1761
3574	1680
3575	1499
3576	1683
3577	1740
3578	1791
3579	1808
3580	1707
3581	1683
3582	1718
3583	1674
3584	1749
3585	1768
3586	1868
3587	1702
3588	1821
3589	1746
3590	1821
3591	1702
3592	1757
3593	1731
3594	1817
3595	1851
3596	1742
3597	1787
3598	1646
3599	1741
3600	1603
3601	1727
3602	1843
3603	1847
3604	1698
3605	1698
3606	1674
3607	1803
3608	1705
3609	1768
3610	1702
3611	1783
3612	1672
3613	1729
3614	1784
3615	1848
3616	1724
3617	1865
3618	1841
3619	1875
3620	1759
3621	1680
3622	1700
3623	1649
3624	1743
3625	1814
3626	1853
3627	1699
3628	1843
3629	1728
3630	1768
3631	1681
3632	1820
3633	1721
3634	1659
3635	1576
3636	1663
3637	1679
3638	1758
3639	1841
3640	1813
3641	1650
3642	1752
3643	1812
3644	1838
3645	1679
3646	1837
3647	1777
3648	1669
3649	1805
3650	1743
3651	1756
3652	1738
3653	1723
3654	1655
3655	1701
3656	1838
3657	1792
3658	1716
3659	1717
3660	1674
3661	1692
3662	1674
3663	1688
3664	1684
3665	1721
3666	1653
3667	1718
3668	1624
3669	1657
3670	1710
3671	1773
3672	1550
3673	1801
3674	1736
3675	1851
3676	1806
3677	1836
3678	1672
3679	1788
3680	1823
3681	1985
3682	1782
3683	1769
3684	1732
3685	1717
3686	1827
3687	1640
3688	1711
3689	1697
3690	1685
3691	1744
3692	1790
3693	1701
3694	1764
3695	1721
3696	1639
3697	1845
3698	1830
3699	1936
3700	2058
3701	1749
3702	1830
3703	1918
3704	1751
3705	1796
3706	1757
3707	1686
3708	1815
3709	1828
3710	1810
3711	1875
3712	1845
3713	1874
3714	1749
3715	1923
3716	1799
3717	1802
3718	1981
3719	1896
3720	1875
3721	1853
3722	1790
3723	1810
3724	1721
3725	1816
3726	1793
3727	1847
3728	1760
3729	1789
3730	1738
3731	1740
3732	1813
3733	1749
3734	1771
3735	1801
3736	1765
3737	1911
3738	1733
3739	1760
3740	1730
3741	1824
3742	1788
3743	1804
3744	1824
3745	1841
3746	1789
3747	1858
3748	1745
3749	1753
3750	1797
3751	1774
3752	1686
3753	1785
3754	1786
3755	1978
3756	1879
3757	1788
3758	1764
3759	1872
3760	1764
3761	1722
3762	1659
3763	1618
3764	1873
3765	1688
3766	1687
3767	1790
3768	1797
3769	1737
3770	1700
3771	1868
3772	1841
3773	1689
3774	1838
3775	1804
3776	1781
3777	1757
3778	1733
3779	1769
3780	1734
3781	1716
3782	1710
3783	1705
3784	1738
3785	1713
3786	1743
3787	1675
3788	1846
3789	1698
3790	1662
3791	1859
3792	1628
3793	1643
3794	1606
3795	1758
3796	1649
3797	1538
3798	1610
3799	1790
3800	1635
3801	1858
3802	1676
3803	1684
3804	1592
3805	1458
3806	1609
3807	1652
3808	1702
3809	1639
3810	1598
3811	1581
3812	1576
3813	1550
3814	1651
3815	1602
3816	1581
3817	1732
3818	1601
3819	1450
3820	1549
3821	1615
3822	1546
3823	1560
3824	1562
3825	1515
3826	1573
3827	1613
3828	1581
3829	1573
3830	1512
3831	1360
3832	1463
3833	1483
3834	1523
3835	1471
3836	1524
3837	1504
3838	1488
3839	1498
3840	1543
3841	1441
3842	1500
3843	1421
3844	1500
3845	1374
3846	1465
3847	1398
3848	1455
3849	1488
3850	1403
3851	1612
3852	1411
3853	1468
3854	1454
3855	1540
3856	1572
3857	1573
3858	1516
3859	1496
3860	1474
3861	1489
3862	1519
3863	1464
3864	1388
3865	1386
3866	1385
3867	1583
3868	1476
3869	1560
3870	1385
3871	1504
3872	1531
3873	1461
3874	1579
3875	1432
3876	1547
3877	1486
3878	1555
3879	1407
3880	1521
3881	1586
3882	1567
3883	1421
3884	1452
3885	1421
3886	1516
3887	1425
3888	1450
3889	1538
3890	1513
3891	1469
3892	1580
3893	1575
3894	1478
3895	1428
3896	1417
3897	1576
3898	1588
3899	1611
3900	1564
3901	1594
3902	1604
3903	1483
3904	1491
3905	1591
3906	1504
3907	1494
3908	1533
3909	1647
3910	1530
3911	1643
3912	1630
3913	1579
3914	1515
3915	1618
3916	1643
3917	1638
3918	1648
3919	1544
3920	1642
3921	1591
3922	1622
3923	1605
3924	1624
3925	1752
3926	1725
3927	1613
3928	1629
3929	1614
3930	1731
3931	1709
3932	1904
3933	1712
3934	1648
3935	1639
3936	1678
3937	1674
3938	1718
3939	1587
3940	1597
3941	1683
3942	1759
3943	1728
3944	1582
3945	1689
3946	1707
3947	1680
3948	1560
3949	1556
3950	1585
3951	1617
3952	1629
3953	1654
3954	1633
3955	1702
3956	1658
3957	1726
3958	1682
3959	1649
3960	1706
3961	1741
3962	1611
3963	1581
3964	1636
3965	1708
3966	1546
3967	1622
3968	1617
3969	1582
3970	1692
3971	1640
3972	1604
3973	1653
3974	1572
3975	1709
3976	1678
3977	1696
3978	1614
3979	1623
3980	1626
3981	1512
3982	1644
3983	1719
3984	1590
3985	1674
3986	1636
3987	1625
3988	1560
3989	1554
3990	1528
3991	1619
3992	1597
3993	1620
3994	1522
3995	1601
3996	1540
3997	1447
3998	1512
3999	1719
4000	1665
4001	1595
4002	1624
4003	1613
4004	1546
4005	1544
4006	1548
4007	1564
4008	1369
4009	1652
4010	1547
4011	1589
4012	1501
4013	1566
4014	1605
4015	1653
4016	1560
4017	1455
4018	1612
4019	1681
4020	1696
4021	1578
4022	1583
4023	1669
4024	1567
4025	1686
4026	1535
4027	1630
4028	1539
4029	1603
4030	1512
4031	1623
4032	1668
4033	1582
4034	1499
4035	1601
4036	1520
4037	1520
4038	1558
4039	1483
4040	1601
4041	1562
4042	1577
4043	1647
4044	1445
4045	1447
4046	1514
4047	1492
4048	1570
4049	1511
4050	1546
4051	1532
4052	1515
4053	1515
4054	1451
4055	1585
4056	1484
4057	1557
4058	1500
4059	1475
4060	1481
4061	1493
4062	1412
4063	1439
4064	1547
4065	1530
4066	1594
4067	1521
4068	1475
4069	1504
4070	1476
4071	1528
4072	1517
4073	1566
4074	1352
4075	1575
4076	1508
4077	1458
4078	1462
4079	1516
4080	1344
4081	1581
4082	1520
4083	1457
4084	1488
4085	1497
4086	1506
4087	1569
4088	1466
4089	1471
4090	1466
4091	1553
4092	1444
4093	1404
4094	1450
4095	1385
4096	1510
4097	1436
4098	1459
4099	1595
4100	1591
4101	1418
4102	1443
4103	1448
4104	1391
4105	1466
4106	1429
4107	1558
4108	1315
4109	1549
4110	1430
4111	1402
4112	1505
4113	1444
4114	1498
4115	1550
4116	1532
4117	1526
4118	1512
4119	1391
4120	1430
4121	1458
4122	1528
4123	1487
4124	1519
4125	1499
4126	1553
4127	1592
4128	1510
4129	1377
4130	1342
4131	1411
4132	1421
4133	1437
4134	1353
4135	1417
4136	1444
4137	1411
4138	1317
4139	1472
4140	1392
4141	1397
4142	1302
4143	1326
4144	1346
4145	1404
4146	1498
4147	1459
4148	1457
4149	1425
4150	1322
4151	1525
4152	1317
4153	1449
4154	1441
4155	1491
4156	1431
4157	1486
4158	1346
4159	1399
4160	1443
4161	1394
4162	1426
4163	1440
4164	1458
4165	1343
4166	1318
4167	1382
4168	1283
4169	1251
4170	1351
4171	1323
4172	1293
4173	1484
4174	1418
4175	1384
4176	1388
4177	1394
4178	1299
4179	1346
4180	1334
4181	1443
4182	1433
4183	1433
4184	1426
4185	1367
4186	1397
4187	1381
4188	1397
4189	1321
4190	1374
4191	1312
4192	1371
4193	1340
4194	1348
4195	1243
4196	1336
4197	1371
4198	1399
4199	1417
4200	1313
4201	1298
4202	1365
4203	1322
4204	1362
4205	1279
4206	1403
4207	1293
4208	1297
4209	1299
4210	1346
4211	1318
4212	1367
4213	1331
4214	1329
4215	1289
4216	1382
4217	1342
4218	1431
4219	1368
4220	1361
4221	1400
4222	1448
4223	1402
4224	1231
4225	1358
4226	1353
4227	1518
4228	1481
4229	1378
4230	1318
4231	1399
4232	1432
4233	1441
4234	1372
4235	1282
4236	1434
4237	1376
4238	1379
4239	1330
4240	1343
4241	1422
4242	1428
4243	1381
4244	1477
4245	1327
4246	1527
4247	1332
4248	1472
4249	1401
4250	1366
4251	1365
4252	1292
4253	1414
4254	1368
4255	1391
4256	1381
4257	1370
4258	1347
4259	1287
4260	1389
4261	1390
4262	1373
4263	1469
4264	1384
4265	1477
4266	1399
4267	1419
4268	1498
4269	1517
4270	1382
4271	1490
4272	1438
4273	1358
4274	1368
4275	1345
4276	1472
4277	1532
4278	1485
4279	1462
4280	1454
4281	1382
4282	1467
4283	1537
4284	1406
4285	1539
4286	1432
4287	1503
4288	1366
4289	1370
4290	1459
4291	1420
4292	1471
4293	1434
4294	1518
4295	1514
4296	1514
4297	1347
4298	1390
4299	1430
4300	1426
4301	1313
4302	1452
4303	1448
4304	1440
4305	1429
4306	1454
4307	1432
4308	1475
4309	1357
4310	1373
4311	1356
4312	1425
4313	1438
4314	1293
4315	1432
4316	1464
4317	1326
4318	1363
4319	1401
4320	1275
4321	1282
4322	1398
4323	1404
4324	1391
4325	1334
4326	1496
4327	1403
4328	1296
4329	1320
4330	1309
4331	1303
4332	1371
4333	1442
4334	1490
4335	1512
4336	1355
4337	1387
4338	1361
4339	1338
4340	1357
4341	1378
4342	1358
4343	1476
4344	1371
4345	1236
4346	1289
4347	1298
4348	1307
4349	1237
4350	1309
4351	1226
4352	1341
4353	1238
4354	1221
4355	1163
4356	1242
4357	1260
4358	1251
4359	1311
4360	1232
4361	1355
4362	1246
4363	1242
4364	1343
4365	1200
4366	1313
4367	1320
4368	1362
4369	1202
4370	1328
4371	1332
4372	1254
4373	1331
4374	1221
4375	1354
4376	1350
4377	1189
4378	1251
4379	1323
4380	1301
4381	1232
4382	1232
4383	1173
4384	1216
4385	1193
4386	1266
4387	1271
4388	1187
4389	1180
4390	1188
4391	1355
4392	1175
4393	1267
4394	1269
4395	1245
4396	1165
4397	1223
4398	1196
4399	1173
4400	1178
4401	1295
4402	1309
4403	1349
4404	1359
4405	1189
4406	1241
4407	1298
4408	1246
4409	1271
4410	1249
4411	1189
4412	1340
4413	1210
4414	1191
4415	1149
4416	1162
4417	1175
4418	1234
4419	1232
4420	1164
4421	1238
4422	1188
4423	1209
4424	1185
4425	1146
4426	1231
4427	1080
4428	1203
4429	1250
4430	1163
4431	1165
4432	1167
4433	1116
4434	1169
4435	1205
4436	1210
4437	1088
4438	1197
4439	1225
4440	1176
4441	1178
4442	1198
4443	1117
4444	1173
4445	1134
4446	1100
4447	1065
4448	1197
4449	1181
4450	1218
4451	1126
4452	1092
4453	1128
4454	1135
4455	1190
4456	1124
4457	1225
4458	1134
4459	1155
4460	1217
4461	1136
4462	1164
4463	1192
4464	1065
4465	1053
4466	1207
4467	1188
4468	1124
4469	1171
4470	1107
4471	1159
4472	1168
4473	1114
4474	1234
4475	1182
4476	1169
4477	1137
4478	1076
4479	1174
4480	1076
4481	1160
4482	1260
4483	1136
4484	1192
4485	1174
4486	1151
4487	1227
4488	1164
4489	1163
4490	1186
4491	1176
4492	1113
4493	1159
4494	1102
4495	1256
4496	1155
4497	1116
4498	1254
4499	1205
4500	1141
4501	1169
4502	1174
4503	1167
4504	1185
4505	1248
4506	1137
4507	1241
4508	1178
4509	1179
4510	1253
4511	1214
4512	1113
4513	1150
4514	1203
4515	1165
4516	1123
4517	1188
4518	1252
4519	1094
4520	1211
4521	1176
4522	1166
4523	1145
4524	1147
4525	1184
4526	1101
4527	1171
4528	1209
4529	1195
4530	1096
4531	1189
4532	1210
4533	1110
4534	1113
4535	1190
4536	1201
4537	1188
4538	1192
4539	1105
4540	1157
4541	1077
4542	1128
4543	1163
4544	1115
4545	1187
4546	1166
4547	1182
4548	1172
4549	1131
4550	1188
4551	1079
4552	1147
4553	1155
4554	1113
4555	1239
4556	1177
4557	1155
4558	1096
4559	1178
4560	1133
4561	1052
4562	1138
4563	1113
4564	1104
4565	1084
4566	1102
4567	1155
4568	1109
4569	1076
4570	1121
4571	1075
4572	1123
4573	1092
4574	1134
4575	1130
4576	1139
4577	1118
4578	1122
4579	1059
4580	1093
4581	1057
4582	1141
4583	1140
4584	1083
4585	1191
4586	1067
4587	1198
4588	1224
4589	1075
4590	1124
4591	1020
4592	1126
4593	1108
4594	1095
4595	1061
4596	1051
4597	1105
4598	1185
4599	1175
4600	1183
4601	1133
4602	1106
4603	1078
4604	1108
4605	1102
4606	1167
4607	1166
4608	1103
4609	1192
4610	1048
4611	1088
4612	1098
4613	1249
4614	1226
4615	1122
4616	1088
4617	1218
4618	1228
4619	1229
4620	1169
4621	1206
4622	1157
4623	1137
4624	1190
4625	1118
4626	1165
4627	1124
4628	1327
4629	1215
4630	1244
4631	1219
4632	1285
4633	1194
4634	1221
4635	1177
4636	1220
4637	1222
4638	1262
4639	1278
4640	1285
4641	1159
4642	1199
4643	1117
4644	1209
4645	1256
4646	1200
4647	1126
4648	1280
4649	1207
4650	1127
4651	1217
4652	1257
4653	1263
4654	1255
4655	1190
4656	1188
4657	1226
4658	1230
4659	1217
4660	1289
4661	1165
4662	1247
4663	1285
4664	1240
4665	1168
4666	1190
4667	1165
4668	1140
4669	1165
4670	1233
4671	1153
4672	1248
4673	1268
4674	1150
4675	1151
4676	1226
4677	1279
4678	1156
4679	1179
4680	1065
4681	1246
4682	1226
4683	1162
4684	1294
4685	1244
4686	1253
4687	1165
4688	1095
4689	1222
4690	1194
4691	1096
4692	1200
4693	1233
4694	1219
4695	1074
4696	1172
4697	1217
4698	1299
4699	1108
4700	1115
4701	1136
4702	1159
4703	1139
4704	1213
4705	1226
4706	1175
4707	1163
4708	1242
4709	1167
4710	1130
4711	1149
4712	1032
4713	1145
4714	1173
4715	1075
4716	1126
4717	1128
4718	1178
4719	1211
4720	1234
4721	1125
4722	1051
4723	1118
4724	1054
4725	1112
4726	1201
4727	1181
4728	1167
4729	1134
4730	1265
4731	1194
4732	1181
4733	1135
4734	1112
4735	1219
4736	1126
4737	1135
4738	1139
4739	1204
4740	1199
4741	1179
4742	1256
4743	1240
4744	1170
4745	1119
4746	1287
4747	1184
4748	1169
4749	1304
4750	1317
4751	1176
4752	1313
4753	1191
4754	1150
4755	1298
4756	1312
4757	1239
4758	1252
4759	1294
4760	1269
4761	1331
4762	1212
4763	1287
4764	1345
4765	1474
4766	1336
4767	1255
4768	1262
4769	1321
4770	1335
4771	1340
4772	1512
4773	1314
4774	1318
4775	1344
4776	1420
4777	1330
4778	1412
4779	1307
4780	1327
4781	1281
4782	1419
4783	1219
4784	1330
4785	1324
4786	1364
4787	1303
4788	1324
4789	1221
4790	1125
4791	1172
4792	1247
4793	1228
4794	1292
4795	1309
4796	1210
4797	1221
4798	1251
4799	1394
4800	1395
4801	1310
4802	1350
4803	1322
4804	1330
4805	1229
4806	1270
4807	1209
4808	1169
4809	1215
4810	1221
4811	1249
4812	1292
4813	1270
4814	1229
4815	1350
4816	1255
4817	1352
4818	1326
4819	1362
4820	1300
4821	1325
4822	1351
4823	1311
4824	1261
4825	1355
4826	1401
4827	1199
4828	1293
4829	1324
4830	1225
4831	1183
4832	1276
4833	1342
4834	1175
4835	1254
4836	1283
4837	1232
4838	1125
4839	1239
4840	1296
4841	1305
4842	1382
4843	1369
4844	1251
4845	1303
4846	1182
4847	1170
4848	1320
4849	1198
4850	1129
4851	1111
4852	1197
4853	1168
4854	1074
4855	1117
4856	1249
4857	1146
4858	1145
4859	1250
4860	1343
4861	1137
4862	1161
4863	1248
4864	1131
4865	1059
4866	1096
4867	1080
4868	1131
4869	1163
4870	1136
4871	1067
4872	1119
4873	1177
4874	1182
4875	1109
4876	1055
4877	1171
4878	1142
4879	1089
4880	1192
4881	1153
4882	1123
4883	1049
4884	1144
4885	1037
4886	1083
4887	1007
4888	1268
4889	1096
4890	1193
4891	1024
4892	1178
4893	1188
4894	1023
4895	1012
4896	1172
4897	1056
4898	1118
4899	1184
4900	1064
4901	1089
4902	1049
4903	1067
4904	1024
4905	1105
4906	1119
4907	1042
4908	1106
4909	1052
4910	1120
4911	1035
4912	1125
4913	1090
4914	1057
4915	1015
4916	1105
4917	1051
4918	1092
4919	1067
4920	1048
4921	1111
4922	1093
4923	1177
4924	990
4925	1137
4926	1033
4927	1021
4928	1071
4929	1017
4930	1135
4931	1037
4932	1011
4933	1029
4934	983
4935	1054
4936	1067
4937	1112
4938	1075
4939	1134
4940	1126
4941	1090
4942	1164
4943	1084
4944	1085
4945	1049
4946	1109
4947	1098
4948	1055
4949	985
4950	1184
4951	1049
4952	1167
4953	1076
4954	995
4955	1052
4956	1155
4957	1102
4958	1167
4959	1165
4960	1071
4961	1126
4962	1098
4963	1150
4964	1145
4965	985
4966	1055
4967	1086
4968	1115
4969	1131
4970	1113
4971	988
4972	1083
4973	1005
4974	1066
4975	1031
4976	1036
4977	1088
4978	1008
4979	1093
4980	1112
4981	1092
4982	1014
4983	1092
4984	1035
4985	1129
4986	1035
4987	978
4988	1077
4989	1024
4990	991
4991	1038
4992	1065
4993	992
4994	1074
4995	1088
4996	1029
4997	980
4998	1021
4999	1018
5000	1037
5001	1005
5002	1004
5003	1071
5004	1029
5005	1031
5006	1058
5007	1059
5008	1064
5009	1020
5010	1055
5011	1013
5012	964
5013	1109
5014	1096
5015	992
5016	1023
5017	1076
5018	1042
5019	1052
5020	1047
5021	1038
5022	1037
5023	1089
5024	1088
5025	985
5026	1014
5027	1010
5028	1033
5029	1097
5030	1049
5031	1054
5032	1101
5033	1066
5034	1075
5035	1031
5036	1052
5037	981
5038	1062
5039	998
5040	957
5041	1032
5042	935
5043	925
5044	1098
5045	999
5046	931
5047	1027
5048	1022
5049	939
5050	1005
5051	911
5052	986
5053	968
5054	1004
5055	931
5056	1004
5057	977
5058	949
5059	975
5060	980
5061	996
5062	949
5063	921
5064	996
5065	1026
5066	940
5067	987
5068	954
5069	911
5070	922
5071	908
5072	951
5073	993
5074	966
5075	980
5076	954
5077	978
5078	881
5079	990
5080	1001
5081	963
5082	942
5083	862
5084	936
5085	869
5086	990
5087	927
5088	992
5089	946
5090	978
5091	997
5092	979
5093	993
5094	983
5095	955
5096	991
5097	895
5098	915
5099	1043
5100	918
5101	900
5102	906
5103	1025
5104	872
5105	894
5106	1019
5107	918
5108	932
5109	950
5110	933
5111	871
5112	959
5113	1005
5114	918
5115	880
5116	875
5117	877
5118	964
5119	990
5120	973
5121	918
5122	900
5123	1014
5124	963
5125	936
5126	964
5127	973
5128	929
5129	862
5130	902
5131	939
5132	1020
5133	1004
5134	918
5135	923
5136	1009
5137	1040
5138	974
5139	945
5140	993
5141	898
5142	923
5143	927
5144	1008
5145	894
5146	809
5147	929
5148	832
5149	930
5150	883
5151	937
5152	916
5153	828
5154	935
5155	943
5156	980
5157	953
5158	1058
5159	947
5160	909
5161	938
5162	949
5163	956
5164	914
5165	928
5166	933
5167	831
5168	861
5169	902
5170	975
5171	933
5172	973
5173	927
5174	971
5175	924
5176	934
5177	999
5178	1055
5179	867
5180	913
5181	899
5182	860
5183	950
5184	893
5185	899
5186	949
5187	888
5188	867
5189	930
5190	924
5191	947
5192	954
5193	1000
5194	964
5195	961
5196	941
5197	877
5198	945
5199	922
5200	978
5201	994
5202	917
5203	1003
5204	949
5205	908
5206	965
5207	933
5208	953
5209	893
5210	974
5211	878
5212	943
5213	965
5214	979
5215	945
5216	967
5217	849
5218	950
5219	920
5220	932
5221	964
5222	963
5223	941
5224	957
5225	909
5226	859
5227	970
5228	916
5229	941
5230	918
5231	954
5232	943
5233	930
5234	996
5235	1006
5236	961
5237	1009
5238	1071
5239	956
5240	995
5241	1005
5242	967
5243	956
5244	938
5245	900
5246	968
5247	972
5248	935
5249	967
5250	946
5251	923
5252	922
5253	927
5254	904
5255	832
5256	908
5257	921
5258	967
5259	1033
5260	1011
5261	959
5262	976
5263	901
5264	955
5265	970
5266	898
5267	828
5268	911
5269	953
5270	935
5271	1005
5272	911
5273	931
5274	947
5275	918
5276	880
5277	928
5278	888
5279	840
5280	920
5281	988
5282	954
5283	958
5284	953
5285	948
5286	893
5287	924
5288	925
5289	946
5290	849
5291	936
5292	935
5293	960
5294	930
5295	894
5296	903
5297	858
5298	921
5299	958
5300	980
5301	937
5302	975
5303	874
5304	969
5305	925
5306	907
5307	934
5308	1019
5309	978
5310	910
5311	959
5312	913
5313	954
5314	886
5315	986
5316	958
5317	991
5318	1040
5319	943
5320	895
5321	913
5322	982
5323	897
5324	904
5325	908
5326	915
5327	920
5328	886
5329	881
5330	921
5331	918
5332	866
5333	872
5334	915
5335	853
5336	934
5337	926
5338	850
5339	939
5340	882
5341	849
5342	906
5343	828
5344	928
5345	787
5346	874
5347	920
5348	859
5349	865
5350	864
5351	912
5352	967
5353	937
5354	928
5355	919
5356	943
5357	989
5358	899
5359	923
5360	861
5361	888
5362	943
5363	877
5364	936
5365	937
5366	945
5367	947
5368	966
5369	954
5370	893
5371	995
5372	960
5373	961
5374	909
5375	901
5376	856
5377	948
5378	953
5379	1010
5380	956
5381	959
5382	943
5383	906
5384	913
5385	920
5386	939
5387	864
5388	958
5389	925
5390	881
5391	931
5392	970
5393	955
5394	929
5395	886
5396	901
5397	959
5398	1041
5399	920
5400	939
5401	1023
5402	1008
5403	964
5404	957
5405	984
5406	1089
5407	941
5408	938
5409	960
5410	1008
5411	969
5412	1033
5413	1007
5414	933
5415	994
5416	988
5417	1057
5418	1069
5419	1013
5420	1034
5421	1019
5422	992
5423	1031
5424	1022
5425	1025
5426	979
5427	1048
5428	1012
5429	999
5430	950
5431	1012
5432	1141
5433	1018
5434	918
5435	980
5436	1108
5437	1047
5438	1135
5439	982
5440	1105
5441	1108
5442	1081
5443	1038
5444	1020
5445	1093
5446	1159
5447	1123
5448	1119
5449	966
5450	1037
5451	1062
5452	955
5453	997
5454	1062
5455	1012
5456	1032
5457	1130
5458	1156
5459	1063
5460	993
5461	905
5462	975
5463	1032
5464	1101
5465	1059
5466	971
5467	1032
5468	1013
5469	1093
5470	1221
5471	1073
5472	1088
5473	1017
5474	1184
5475	1078
5476	1103
5477	1114
5478	1190
5479	1157
5480	1093
5481	1181
5482	1151
5483	1086
5484	1104
5485	1155
5486	1142
5487	1171
5488	1172
5489	1148
5490	1155
5491	1158
5492	1157
5493	1157
5494	1094
5495	1147
5496	1069
5497	1033
5498	1147
5499	1198
5500	1127
5501	1149
5502	1063
5503	1125
5504	1159
5505	1131
5506	1123
5507	1190
5508	1046
5509	1074
5510	1094
5511	1098
5512	1112
5513	1163
5514	1185
5515	1042
5516	943
5517	1121
5518	1051
5519	1055
5520	1042
5521	1196
5522	1114
5523	1066
5524	1017
5525	1014
5526	1120
5527	1003
5528	998
5529	1054
5530	1059
5531	1005
5532	1069
5533	1074
5534	979
5535	1022
5536	1076
5537	998
5538	1097
5539	1137
5540	1009
5541	1063
5542	1015
5543	1069
5544	1026
5545	1036
5546	1064
5547	1022
5548	997
5549	1014
5550	1077
5551	1164
5552	1061
5553	1026
5554	1013
5555	1095
5556	1108
5557	1041
5558	1014
5559	1039
5560	984
5561	1010
5562	1011
5563	1008
5564	924
5565	928
5566	884
5567	1063
5568	910
5569	885
5570	1019
5571	981
5572	1039
5573	1033
5574	1026
5575	906
5576	983
5577	1138
5578	920
5579	1012
5580	967
5581	911
5582	1098
5583	981
5584	890
5585	962
5586	978
5587	1065
5588	1020
5589	1034
5590	1007
5591	1041
5592	1056
5593	1098
5594	1058
5595	1024
5596	1028
5597	948
5598	962
5599	979
5600	1080
5601	1033
5602	1016
5603	1079
5604	1055
5605	1121
5606	1191
5607	1029
5608	1059
5609	938
5610	958
5611	1111
5612	1072
5613	1060
5614	953
5615	995
5616	1038
5617	986
5618	928
5619	1080
5620	1102
5621	1094
5622	1035
5623	1098
5624	1068
5625	1020
5626	1048
5627	997
5628	995
5629	1154
5630	1071
5631	1044
5632	1069
5633	1013
5634	1063
5635	1065
5636	980
5637	993
5638	934
5639	911
5640	962
5641	972
5642	1057
5643	1022
5644	938
5645	973
5646	977
5647	1034
5648	1031
5649	1114
5650	1092
5651	1034
5652	998
5653	966
5654	910
5655	1020
5656	981
5657	990
5658	962
5659	962
5660	988
5661	978
5662	1003
5663	989
5664	1080
5665	1027
5666	915
5667	906
5668	951
5669	860
5670	932
5671	896
5672	958
5673	842
5674	999
5675	971
5676	907
5677	968
5678	961
5679	982
5680	970
5681	929
5682	884
5683	943
5684	872
5685	985
5686	1017
5687	912
5688	945
5689	897
5690	924
5691	982
5692	883
5693	874
5694	964
5695	904
5696	904
5697	890
5698	946
5699	881
5700	929
5701	929
5702	904
5703	960
5704	896
5705	1008
5706	855
5707	949
5708	953
5709	909
5710	998
5711	900
5712	873
5713	869
5714	901
5715	933
5716	960
5717	961
5718	986
5719	891
5720	969
5721	804
5722	933
5723	934
5724	962
5725	901
5726	957
5727	903
5728	887
5729	897
5730	938
5731	905
5732	901
5733	864
5734	922
5735	871
5736	809
5737	878
5738	817
5739	808
5740	871
5741	939
5742	898
5743	801
5744	804
5745	890
5746	884
5747	971
5748	816
5749	855
5750	855
5751	913
5752	811
5753	912
5754	842
5755	916
5756	954
5757	863
5758	859
5759	889
5760	773
5761	823
5762	818
5763	964
5764	906
5765	984
5766	943
5767	871
5768	877
5769	943
5770	897
5771	938
5772	866
5773	971
5774	837
5775	983
5776	910
5777	927
5778	895
5779	865
5780	856
5781	872
5782	933
5783	859
5784	860
5785	983
5786	863
5787	939
5788	934
5789	914
5790	906
5791	929
5792	950
5793	1053
5794	935
5795	925
5796	853
5797	903
5798	878
5799	879
5800	957
5801	940
5802	874
5803	933
5804	921
5805	871
5806	799
5807	916
5808	886
5809	1004
5810	883
5811	894
5812	907
5813	849
5814	919
5815	951
5816	908
5817	887
5818	882
5819	902
5820	887
5821	985
5822	896
5823	933
5824	930
5825	1007
5826	1001
5827	996
5828	916
5829	973
5830	977
5831	937
5832	929
5833	977
5834	968
5835	970
5836	1005
5837	961
5838	940
5839	1020
5840	1010
5841	997
5842	974
5843	912
5844	822
5845	988
5846	944
5847	949
5848	867
5849	928
5850	938
5851	960
5852	962
5853	977
5854	968
5855	970
5856	926
5857	900
5858	942
5859	895
5860	898
5861	817
5862	858
5863	836
5864	894
5865	890
5866	916
5867	944
5868	954
5869	905
5870	821
5871	946
5872	901
5873	902
5874	922
5875	881
5876	931
5877	990
5878	886
5879	829
5880	896
5881	983
5882	860
5883	984
5884	902
5885	881
5886	901
5887	895
5888	831
5889	945
5890	943
5891	760
5892	909
5893	959
5894	888
5895	805
5896	824
5897	826
5898	887
5899	908
5900	908
5901	905
5902	782
5903	813
5904	838
5905	851
5906	930
5907	784
5908	859
5909	814
5910	950
5911	825
5912	925
5913	824
5914	817
5915	803
5916	835
5917	872
5918	848
5919	834
5920	898
5921	776
5922	881
5923	849
5924	827
5925	845
5926	959
5927	848
5928	832
5929	826
5930	888
5931	873
5932	782
5933	867
5934	864
5935	839
5936	828
5937	867
5938	842
5939	874
5940	866
5941	786
5942	855
5943	833
5944	829
5945	922
5946	810
5947	861
5948	856
5949	812
5950	830
5951	780
5952	866
5953	800
5954	886
5955	863
5956	823
5957	822
5958	801
5959	731
5960	816
5961	798
5962	854
5963	833
5964	801
5965	840
5966	921
5967	775
5968	871
5969	949
5970	868
5971	857
5972	801
5973	922
5974	780
5975	812
5976	835
5977	878
5978	826
5979	845
5980	808
5981	780
5982	700
5983	741
5984	851
5985	744
5986	793
5987	866
5988	808
5989	862
5990	828
5991	797
5992	837
5993	782
5994	809
5995	882
5996	901
5997	817
5998	815
5999	846
6000	869
6001	868
6002	905
6003	806
6004	810
6005	825
6006	903
6007	815
6008	850
6009	829
6010	840
6011	837
6012	748
6013	813
6014	896
6015	805
6016	877
6017	826
6018	751
6019	810
6020	787
6021	856
6022	836
6023	875
6024	835
6025	823
6026	804
6027	876
6028	844
6029	807
6030	866
6031	888
6032	806
6033	868
6034	806
6035	853
6036	839
6037	784
6038	878
6039	826
6040	866
6041	817
6042	775
6043	856
6044	807
6045	782
6046	836
6047	782
6048	751
6049	793
6050	874
6051	789
6052	832
6053	768
6054	820
6055	820
6056	786
6057	810
6058	805
6059	814
6060	766
6061	781
6062	850
6063	838
6064	890
6065	892
6066	794
6067	848
6068	843
6069	791
6070	836
6071	806
6072	846
6073	806
6074	720
6075	757
6076	817
6077	803
6078	743
6079	816
6080	740
6081	799
6082	891
6083	781
6084	738
6085	798
6086	849
6087	808
6088	811
6089	857
6090	795
6091	836
6092	776
6093	918
6094	824
6095	807
6096	867
6097	847
6098	716
6099	759
6100	804
6101	740
6102	888
6103	836
6104	853
6105	830
6106	835
6107	775
6108	769
6109	791
6110	756
6111	834
6112	758
6113	834
6114	810
6115	810
6116	837
6117	834
6118	814
6119	758
6120	839
6121	803
6122	793
6123	792
6124	751
6125	778
6126	748
6127	784
6128	769
6129	732
6130	780
6131	813
6132	807
6133	901
6134	837
6135	720
6136	709
6137	704
6138	799
6139	749
6140	722
6141	810
6142	850
6143	748
6144	823
6145	776
6146	804
6147	857
6148	771
6149	828
6150	790
6151	774
6152	760
6153	762
6154	718
6155	729
6156	760
6157	675
6158	797
6159	767
6160	717
6161	713
6162	735
6163	691
6164	732
6165	689
6166	729
6167	775
6168	762
6169	668
6170	767
6171	698
6172	778
6173	729
6174	711
6175	826
6176	741
6177	648
6178	765
6179	704
6180	678
6181	701
6182	817
6183	774
6184	733
6185	775
6186	732
6187	758
6188	725
6189	694
6190	795
6191	737
6192	772
6193	788
6194	721
6195	762
6196	837
6197	663
6198	679
6199	722
6200	698
6201	718
6202	691
6203	755
6204	720
6205	770
6206	729
6207	745
6208	706
6209	686
6210	670
6211	649
6212	746
6213	685
6214	700
6215	719
6216	724
6217	688
6218	677
6219	682
6220	727
6221	674
6222	702
6223	668
6224	711
6225	722
6226	772
6227	672
6228	753
6229	672
6230	778
6231	665
6232	683
6233	683
6234	747
6235	731
6236	659
6237	735
6238	684
6239	698
6240	771
6241	780
6242	712
6243	728
6244	762
6245	718
6246	734
6247	784
6248	684
6249	633
6250	739
6251	751
6252	662
6253	710
6254	778
6255	719
6256	714
6257	723
6258	681
6259	788
6260	720
6261	727
6262	730
6263	643
6264	730
6265	751
6266	740
6267	737
6268	770
6269	764
6270	787
6271	701
6272	874
6273	714
6274	721
6275	667
6276	768
6277	702
6278	757
6279	728
6280	702
6281	681
6282	652
6283	637
6284	665
6285	701
6286	695
6287	736
6288	723
6289	658
6290	736
6291	727
6292	674
6293	805
6294	644
6295	762
6296	673
6297	674
6298	667
6299	705
6300	657
6301	738
6302	562
6303	722
6304	735
6305	717
6306	796
6307	757
6308	748
6309	680
6310	629
6311	643
6312	751
6313	701
6314	688
6315	635
6316	686
6317	708
6318	676
6319	774
6320	689
6321	779
6322	724
6323	706
6324	715
6325	693
6326	775
6327	723
6328	763
6329	659
6330	659
6331	726
6332	630
6333	728
6334	693
6335	729
6336	721
6337	781
6338	706
6339	780
6340	681
6341	764
6342	712
6343	701
6344	821
6345	741
6346	731
6347	682
6348	737
6349	693
6350	774
6351	728
6352	775
6353	770
6354	785
6355	713
6356	747
6357	703
6358	768
6359	745
6360	735
6361	737
6362	700
6363	752
6364	711
6365	785
6366	688
6367	826
6368	726
6369	735
6370	736
6371	739
6372	690
6373	850
6374	679
6375	804
6376	733
6377	688
6378	784
6379	784
6380	749
6381	808
6382	738
6383	775

