## htsjdk.samtools.metrics.StringHeader
# CollectInsertSizeMetrics HISTOGRAM_FILE=/work/ugbogu/pipeline/data/nbl/GSE189367/results/picard/SRR17010993_insert_size_histogram.pdf MINIMUM_PCT=0.5 INPUT=/work/ugbogu/pipeline/data/nbl/GSE189367/results/star/SRR17010993.Aligned.sortedByCoord.out.bam OUTPUT=/work/ugbogu/pipeline/data/nbl/GSE189367/results/picard/SRR17010993_insert_size_metrics.txt    DEVIATIONS=10.0 METRIC_ACCUMULATION_LEVEL=[ALL_READS] INCLUDE_DUPLICATES=false ASSUME_SORTED=true STOP_AFTER=0 VERBOSITY=INFO QUIET=false VALIDATION_STRINGENCY=STRICT COMPRESSION_LEVEL=5 MAX_RECORDS_IN_RAM=500000 CREATE_INDEX=false CREATE_MD5_FILE=false USE_JDK_DEFLATER=false USE_JDK_INFLATER=false
## htsjdk.samtools.metrics.StringHeader
# Started on: Fri Apr 17 02:06:05 UTC 2026

## METRICS CLASS	picard.analysis.InsertSizeMetrics
MEDIAN_INSERT_SIZE	MODE_INSERT_SIZE	MEDIAN_ABSOLUTE_DEVIATION	MIN_INSERT_SIZE	MAX_INSERT_SIZE	MEAN_INSERT_SIZE	STANDARD_DEVIATION	READ_PAIRS	PAIR_ORIENTATION	WIDTH_OF_10_PERCENT	WIDTH_OF_20_PERCENT	WIDTH_OF_30_PERCENT	WIDTH_OF_40_PERCENT	WIDTH_OF_50_PERCENT	WIDTH_OF_60_PERCENT	WIDTH_OF_70_PERCENT	WIDTH_OF_80_PERCENT	WIDTH_OF_90_PERCENT	WIDTH_OF_95_PERCENT	WIDTH_OF_99_PERCENT	SAMPLE	LIBRARY	READ_GROUP
820	133	688	24	3949640	1366.9184	1732.677005	45054236	FR	553	991	1201	1309	1377	1475	3603	7899	21805	67609	176317			

## HISTOGRAM	java.lang.Integer
insert_size	All_Reads.fr_count
24	3
26	2
28	4
29	2
30	5
31	8
32	4
33	10
34	17
35	143
36	190
37	203
38	182
39	236
40	206
41	346
42	275
43	291
44	334
45	359
46	367
47	457
48	422
49	579
50	674
51	730
52	723
53	801
54	795
55	992
56	1136
57	1262
58	1457
59	1566
60	1640
61	1996
62	2357
63	2368
64	2476
65	2747
66	3216
67	3579
68	4500
69	4175
70	4811
71	5730
72	5454
73	6587
74	7288
75	16538
76	9739
77	9592
78	13027
79	10613
80	11432
81	13388
82	13881
83	14431
84	15996
85	17873
86	19462
87	21557
88	22756
89	24500
90	27128
91	30175
92	33402
93	36479
94	39835
95	43648
96	45791
97	51369
98	53965
99	60814
100	62846
101	65449
102	67555
103	71948
104	81219
105	92498
106	92534
107	92173
108	92952
109	97493
110	98449
111	99918
112	103508
113	106009
114	110457
115	109605
116	114632
117	116799
118	124613
119	120939
120	127906
121	135596
122	133379
123	141739
124	143126
125	136769
126	134592
127	135002
128	134571
129	136036
130	138244
131	139723
132	140872
133	152423
134	148733
135	139079
136	142326
137	136972
138	136944
139	138446
140	138236
141	138876
142	137750
143	137945
144	134782
145	136004
146	129041
147	129740
148	129841
149	126921
150	123837
151	129455
152	126578
153	126127
154	127385
155	124738
156	123871
157	121135
158	115111
159	115430
160	116843
161	112845
162	112929
163	112532
164	108823
165	106664
166	104900
167	107147
168	105471
169	105147
170	104975
171	100231
172	100577
173	99372
174	98135
175	99323
176	97683
177	92143
178	93580
179	94722
180	91267
181	91057
182	90963
183	88432
184	86162
185	83836
186	83164
187	83251
188	83095
189	79703
190	79056
191	77965
192	76733
193	77005
194	75141
195	74655
196	73568
197	72844
198	71743
199	70034
200	69285
201	67861
202	69536
203	68502
204	66376
205	66396
206	65203
207	64840
208	65160
209	63206
210	60850
211	61085
212	62327
213	60373
214	59073
215	58225
216	57838
217	58284
218	57942
219	56071
220	57869
221	56721
222	54640
223	55398
224	54081
225	52681
226	54633
227	54349
228	52979
229	51247
230	53849
231	51079
232	52016
233	52234
234	50874
235	49352
236	49571
237	47676
238	47719
239	45967
240	45475
241	45544
242	45279
243	44881
244	43336
245	43625
246	42626
247	42749
248	44080
249	41365
250	42218
251	41419
252	42096
253	39939
254	40201
255	39635
256	39260
257	39644
258	38882
259	38687
260	39475
261	38138
262	38295
263	38468
264	36998
265	37907
266	36531
267	36868
268	36676
269	36247
270	36758
271	35662
272	35589
273	34846
274	36070
275	34951
276	34463
277	33188
278	33688
279	33334
280	33130
281	32449
282	33452
283	31575
284	32013
285	31503
286	31362
287	30848
288	30803
289	31190
290	30276
291	29258
292	29955
293	29434
294	30388
295	29731
296	29282
297	28899
298	28828
299	28101
300	28504
301	27667
302	27155
303	27695
304	27930
305	27238
306	26383
307	27167
308	27255
309	26792
310	26915
311	25744
312	25074
313	25678
314	25990
315	25621
316	24619
317	25195
318	24754
319	24613
320	23928
321	23874
322	24316
323	23575
324	23596
325	24142
326	23075
327	22961
328	22830
329	23192
330	22642
331	22275
332	22693
333	22241
334	22028
335	22355
336	22111
337	22794
338	22424
339	21768
340	21675
341	21605
342	21223
343	21021
344	21122
345	20137
346	20281
347	20845
348	20187
349	20177
350	20809
351	20480
352	20162
353	20105
354	19467
355	19307
356	19362
357	19408
358	18943
359	19051
360	18977
361	19237
362	19412
363	18603
364	18378
365	18692
366	18934
367	18155
368	18854
369	18194
370	17685
371	17637
372	16992
373	18025
374	17076
375	17037
376	17661
377	17058
378	17113
379	16810
380	16989
381	16150
382	16575
383	16827
384	17281
385	16201
386	16571
387	16230
388	15760
389	15969
390	15666
391	15719
392	16142
393	15784
394	15358
395	15765
396	15848
397	15524
398	14996
399	15499
400	15677
401	15527
402	14674
403	14881
404	15009
405	14250
406	14629
407	14048
408	15123
409	14537
410	14700
411	14713
412	14441
413	14033
414	14226
415	13979
416	13977
417	14030
418	13907
419	13901
420	14295
421	13994
422	13523
423	13544
424	13798
425	13712
426	13819
427	13886
428	13825
429	14056
430	13656
431	13692
432	13111
433	13415
434	13206
435	13659
436	13030
437	12960
438	12817
439	12777
440	13154
441	12902
442	13133
443	12992
444	12985
445	12873
446	12564
447	12931
448	12839
449	12954
450	12838
451	12704
452	12931
453	12545
454	13894
455	12905
456	12123
457	11968
458	12032
459	12562
460	11701
461	11982
462	11814
463	11729
464	11648
465	11850
466	11445
467	11080
468	11163
469	11890
470	11651
471	11566
472	10838
473	11449
474	11129
475	11588
476	10978
477	11548
478	11412
479	10823
480	11141
481	10751
482	11006
483	11333
484	11056
485	11169
486	11024
487	11565
488	10670
489	11141
490	10792
491	10882
492	10603
493	10638
494	10608
495	10802
496	11113
497	11014
498	10896
499	11351
500	10709
501	10857
502	10869
503	10864
504	10749
505	10758
506	11127
507	11134
508	10960
509	10947
510	10645
511	10717
512	10904
513	10722
514	10457
515	10576
516	10626
517	10566
518	10821
519	11309
520	10750
521	10665
522	10442
523	10355
524	10509
525	10502
526	10369
527	10342
528	10172
529	10469
530	10728
531	10804
532	10349
533	11015
534	10307
535	10716
536	10969
537	11626
538	10418
539	10634
540	10961
541	10527
542	10593
543	10966
544	10031
545	10614
546	10226
547	9862
548	9991
549	10161
550	10116
551	10402
552	10245
553	10625
554	10233
555	10406
556	10585
557	9943
558	10412
559	10738
560	10103
561	10248
562	10007
563	10549
564	10227
565	10463
566	10664
567	10299
568	10591
569	10065
570	10463
571	9814
572	10172
573	9677
574	9816
575	10514
576	9930
577	10066
578	10354
579	10067
580	10247
581	9990
582	10057
583	10480
584	10162
585	10333
586	10136
587	9821
588	10673
589	10197
590	9682
591	9789
592	10407
593	10140
594	9934
595	9827
596	10006
597	9868
598	9887
599	10185
600	9754
601	9370
602	9541
603	9788
604	9729
605	9657
606	9527
607	9480
608	9355
609	9905
610	9392
611	9393
612	9390
613	9622
614	9824
615	9590
616	9521
617	9579
618	9601
619	9530
620	9823
621	9427
622	9308
623	9369
624	9707
625	9945
626	9842
627	9836
628	9617
629	9550
630	9431
631	9434
632	9547
633	9614
634	10188
635	9686
636	9534
637	9630
638	9495
639	9651
640	9247
641	9137
642	9530
643	8973
644	9605
645	9643
646	9845
647	9270
648	9484
649	10140
650	8661
651	9379
652	9558
653	9043
654	9379
655	9282
656	9044
657	9398
658	9283
659	9619
660	9585
661	9359
662	9222
663	9630
664	8855
665	9350
666	9218
667	8828
668	9381
669	9459
670	9510
671	9420
672	9546
673	9059
674	9411
675	8938
676	9221
677	9554
678	9740
679	9522
680	9553
681	9053
682	9402
683	8807
684	8968
685	9484
686	8477
687	9381
688	8912
689	8708
690	9372
691	9571
692	9626
693	9451
694	9371
695	9266
696	9248
697	9320
698	8952
699	9581
700	9344
701	9495
702	9348
703	9349
704	9244
705	9412
706	9338
707	8937
708	9193
709	8816
710	8690
711	8990
712	8778
713	8965
714	8987
715	9170
716	9401
717	9426
718	8967
719	8708
720	8554
721	8652
722	8818
723	9127
724	9223
725	9138
726	9121
727	8726
728	9106
729	8915
730	8715
731	8972
732	8850
733	9067
734	9173
735	8821
736	9077
737	8862
738	8654
739	8411
740	8835
741	8938
742	8534
743	8959
744	9143
745	8654
746	8521
747	8504
748	8582
749	8718
750	8724
751	8154
752	8870
753	8753
754	8472
755	8621
756	8174
757	8643
758	8293
759	8855
760	8603
761	8387
762	8705
763	8487
764	8483
765	8379
766	8468
767	8559
768	8563
769	8483
770	8382
771	8355
772	8631
773	8649
774	8578
775	8609
776	8138
777	8360
778	8147
779	8378
780	8609
781	7862
782	8155
783	7997
784	8420
785	8216
786	8385
787	8189
788	8665
789	8175
790	8437
791	8486
792	8499
793	8486
794	9237
795	8982
796	8453
797	8434
798	8048
799	8042
800	7879
801	8416
802	8891
803	8861
804	9042
805	8509
806	8727
807	8081
808	8120
809	8047
810	8099
811	7833
812	7952
813	7918
814	8028
815	7900
816	8185
817	8050
818	8006
819	8323
820	7811
821	7856
822	7917
823	8042
824	7822
825	7974
826	8038
827	7687
828	7943
829	7776
830	8441
831	7300
832	7856
833	7903
834	7826
835	7917
836	7646
837	8608
838	7721
839	8304
840	7827
841	7713
842	8213
843	7695
844	7916
845	7790
846	7782
847	7710
848	8180
849	7572
850	7354
851	7531
852	8057
853	7669
854	7498
855	7870
856	7409
857	7514
858	7834
859	7587
860	7967
861	7431
862	7544
863	7766
864	7407
865	7560
866	7817
867	7669
868	7876
869	7517
870	7744
871	7633
872	7592
873	7514
874	7634
875	7418
876	8304
877	7912
878	7201
879	7910
880	7626
881	7477
882	7625
883	7484
884	7573
885	7758
886	7389
887	7712
888	8024
889	7702
890	8252
891	7484
892	7829
893	7820
894	7628
895	7472
896	7365
897	7493
898	7738
899	7650
900	7909
901	7500
902	7431
903	7533
904	7374
905	7556
906	7435
907	7664
908	7538
909	7382
910	7295
911	7668
912	7501
913	7178
914	7748
915	7581
916	7834
917	7367
918	7428
919	7603
920	7473
921	8289
922	7975
923	7615
924	7543
925	7368
926	7431
927	7377
928	7775
929	7539
930	7511
931	7353
932	7834
933	7548
934	7622
935	7646
936	7872
937	7281
938	7695
939	7444
940	7851
941	7935
942	7653
943	7419
944	7287
945	7444
946	7457
947	7311
948	7902
949	7548
950	7468
951	7473
952	7787
953	7247
954	6925
955	7517
956	7359
957	7593
958	6942
959	7057
960	6832
961	6995
962	7308
963	6978
964	6967
965	6759
966	7262
967	6919
968	6998
969	6872
970	7268
971	7045
972	7361
973	6934
974	7193
975	6623
976	7569
977	7123
978	7326
979	7298
980	7276
981	7114
982	6697
983	6854
984	6852
985	7132
986	6951
987	6789
988	7226
989	6800
990	6817
991	6823
992	7296
993	6981
994	6787
995	6990
996	6787
997	6624
998	6766
999	7053
1000	7072
1001	6670
1002	6886
1003	6642
1004	6555
1005	6471
1006	6674
1007	6936
1008	6508
1009	6768
1010	7134
1011	6430
1012	6850
1013	6685
1014	7196
1015	7059
1016	7006
1017	7074
1018	7266
1019	7023
1020	6841
1021	6805
1022	6434
1023	6736
1024	6530
1025	6214
1026	6868
1027	6647
1028	6137
1029	6392
1030	6149
1031	6049
1032	6417
1033	6322
1034	6370
1035	6358
1036	6702
1037	6521
1038	6325
1039	5998
1040	6306
1041	6216
1042	6218
1043	6436
1044	6115
1045	6855
1046	6370
1047	6351
1048	6497
1049	6328
1050	6457
1051	6215
1052	6593
1053	6235
1054	6176
1055	6154
1056	6165
1057	6525
1058	6227
1059	6200
1060	6131
1061	6030
1062	6246
1063	6430
1064	6282
1065	6091
1066	6275
1067	6080
1068	6066
1069	6192
1070	6304
1071	6146
1072	6013
1073	6066
1074	6394
1075	6045
1076	5634
1077	6166
1078	6279
1079	6180
1080	6317
1081	6145
1082	6170
1083	6146
1084	6196
1085	5982
1086	6105
1087	6186
1088	6133
1089	5768
1090	5999
1091	6055
1092	5998
1093	6026
1094	6236
1095	6312
1096	6086
1097	5698
1098	5944
1099	6176
1100	5851
1101	5558
1102	6085
1103	6092
1104	6039
1105	5954
1106	6065
1107	5949
1108	6007
1109	6037
1110	6095
1111	5962
1112	6011
1113	6314
1114	6156
1115	6268
1116	5954
1117	6272
1118	6307
1119	6024
1120	5993
1121	5976
1122	6283
1123	6406
1124	5989
1125	5894
1126	6089
1127	6211
1128	6175
1129	5970
1130	6235
1131	5976
1132	6160
1133	5879
1134	6341
1135	5897
1136	6512
1137	5815
1138	6279
1139	6290
1140	5907
1141	6406
1142	6158
1143	6255
1144	6100
1145	6341
1146	6202
1147	6069
1148	6374
1149	6019
1150	5895
1151	6045
1152	6115
1153	6454
1154	6116
1155	5856
1156	6357
1157	6522
1158	6520
1159	6233
1160	6667
1161	6465
1162	6902
1163	6436
1164	6554
1165	6548
1166	6365
1167	6367
1168	6139
1169	6297
1170	6379
1171	6087
1172	6119
1173	6054
1174	5956
1175	6221
1176	6014
1177	6120
1178	6090
1179	6256
1180	6460
1181	5943
1182	5845
1183	6146
1184	6059
1185	6639
1186	6871
1187	6483
1188	5886
1189	5857
1190	6205
1191	6279
1192	6329
1193	6293
1194	6323
1195	5949
1196	6192
1197	6002
1198	6236
1199	6189
1200	5790
1201	6176
1202	5853
1203	6063
1204	6049
1205	6090
1206	5929
1207	6115
1208	6373
1209	6082
1210	5914
1211	6377
1212	6207
1213	6247
1214	6062
1215	6101
1216	5976
1217	6228
1218	6262
1219	6464
1220	6231
1221	5924
1222	6319
1223	5897
1224	6234
1225	6069
1226	6156
1227	6072
1228	6292
1229	6227
1230	6632
1231	5825
1232	6313
1233	6165
1234	6331
1235	6208
1236	5915
1237	6230
1238	6081
1239	5873
1240	5888
1241	5721
1242	5783
1243	5781
1244	5836
1245	6016
1246	5913
1247	5740
1248	5654
1249	5710
1250	6147
1251	6269
1252	5841
1253	6187
1254	6129
1255	6811
1256	6154
1257	6593
1258	6559
1259	6285
1260	6160
1261	5935
1262	6219
1263	6774
1264	6440
1265	6605
1266	6270
1267	6768
1268	6360
1269	6674
1270	6122
1271	5989
1272	6657
1273	6049
1274	5772
1275	6065
1276	5856
1277	6072
1278	5940
1279	5722
1280	5714
1281	6287
1282	5755
1283	5916
1284	5754
1285	5975
1286	5914
1287	6102
1288	5993
1289	5961
1290	5592
1291	5687
1292	6296
1293	5828
1294	6197
1295	6196
1296	5664
1297	6273
1298	6204
1299	6607
1300	6178
1301	6305
1302	6535
1303	6553
1304	6718
1305	6572
1306	7130
1307	6728
1308	6571
1309	6799
1310	6858
1311	6921
1312	6597
1313	7262
1314	7999
1315	8910
1316	7721
1317	7740
1318	7385
1319	7748
1320	7013
1321	6701
1322	7515
1323	6859
1324	9073
1325	12165
1326	10939
1327	8582
1328	9272
1329	8570
1330	7021
1331	7772
1332	8130
1333	7793
1334	7841
1335	8724
1336	7539
1337	8489
1338	7401
1339	6436
1340	7645
1341	6375
1342	8123
1343	7722
1344	6273
1345	6747
1346	5966
1347	6063
1348	5480
1349	5568
1350	5615
1351	5802
1352	5835
1353	5728
1354	5806
1355	5654
1356	4961
1357	5578
1358	5670
1359	5644
1360	5644
1361	5524
1362	5682
1363	5407
1364	5219
1365	5378
1366	5320
1367	5353
1368	5324
1369	5546
1370	5580
1371	5357
1372	5332
1373	5539
1374	5287
1375	5316
1376	5430
1377	5100
1378	5403
1379	5057
1380	5111
1381	5241
1382	5005
1383	5305
1384	5422
1385	5257
1386	5414
1387	5328
1388	5462
1389	4944
1390	5102
1391	5072
1392	5322
1393	5154
1394	5070
1395	5175
1396	5207
1397	5265
1398	5101
1399	5323
1400	5235
1401	4849
1402	5241
1403	4826
1404	4945
1405	5259
1406	5099
1407	5071
1408	5272
1409	4928
1410	5049
1411	5328
1412	5125
1413	5105
1414	4955
1415	4813
1416	5044
1417	5118
1418	4838
1419	5222
1420	5267
1421	5057
1422	5134
1423	5015
1424	4897
1425	5115
1426	4939
1427	5129
1428	4633
1429	5072
1430	5201
1431	5306
1432	5029
1433	4889
1434	4887
1435	5173
1436	5170
1437	5217
1438	5070
1439	4947
1440	5017
1441	5160
1442	5027
1443	4998
1444	4798
1445	4728
1446	4687
1447	4834
1448	4899
1449	5055
1450	4761
1451	4823
1452	4897
1453	4990
1454	4968
1455	4892
1456	5017
1457	4800
1458	5334
1459	5232
1460	5285
1461	5214
1462	5118
1463	5341
1464	5024
1465	5111
1466	4894
1467	4772
1468	5077
1469	4886
1470	5333
1471	4972
1472	4899
1473	5128
1474	5185
1475	5147
1476	4864
1477	5289
1478	4885
1479	5023
1480	5086
1481	5056
1482	5201
1483	5392
1484	5052
1485	5197
1486	5344
1487	5304
1488	5254
1489	5445
1490	5407
1491	5508
1492	5524
1493	5813
1494	5955
1495	5190
1496	5480
1497	5820
1498	5866
1499	5880
1500	6135
1501	5428
1502	5303
1503	5207
1504	5445
1505	5299
1506	5381
1507	5618
1508	5371
1509	5214
1510	5597
1511	5552
1512	4934
1513	5466
1514	4945
1515	5198
1516	5326
1517	5125
1518	5640
1519	5018
1520	5381
1521	5709
1522	5206
1523	5600
1524	5683
1525	5737
1526	5972
1527	5444
1528	5328
1529	5329
1530	5137
1531	5388
1532	5565
1533	5491
1534	5532
1535	5313
1536	5337
1537	5472
1538	5040
1539	5616
1540	5520
1541	5387
1542	5529
1543	5352
1544	5568
1545	5449
1546	5295
1547	5537
1548	5351
1549	5338
1550	5701
1551	5729
1552	5411
1553	5489
1554	5698
1555	5614
1556	6215
1557	5569
1558	5980
1559	5946
1560	5675
1561	5861
1562	5678
1563	5980
1564	5572
1565	5646
1566	5588
1567	5652
1568	5573
1569	5423
1570	5634
1571	5513
1572	5392
1573	5765
1574	5943
1575	5492
1576	5341
1577	5086
1578	5185
1579	5320
1580	5496
1581	5300
1582	5619
1583	5552
1584	5512
1585	5740
1586	5418
1587	5694
1588	5256
1589	5384
1590	5474
1591	5673
1592	5531
1593	5513
1594	5645
1595	5193
1596	5418
1597	5315
1598	4965
1599	5317
1600	5081
1601	5536
1602	5369
1603	6008
1604	5437
1605	5855
1606	5303
1607	6000
1608	5113
1609	5166
1610	4976
1611	5151
1612	4873
1613	5167
1614	5014
1615	5075
1616	5324
1617	5156
1618	4959
1619	5064
1620	5173
1621	4977
1622	5041
1623	4922
1624	4992
1625	4951
1626	4996
1627	5075
1628	4912
1629	5155
1630	4781
1631	5240
1632	4935
1633	4724
1634	4953
1635	5059
1636	5258
1637	5206
1638	4950
1639	5170
1640	5030
1641	5146
1642	5243
1643	4936
1644	5255
1645	5090
1646	5367
1647	5131
1648	5015
1649	5205
1650	4772
1651	5560
1652	4947
1653	4943
1654	5061
1655	5080
1656	5010
1657	4841
1658	4897
1659	4881
1660	5139
1661	4838
1662	5195
1663	4882
1664	4778
1665	5240
1666	4998
1667	4900
1668	5227
1669	5094
1670	5590
1671	4979
1672	5086
1673	5082
1674	5191
1675	5039
1676	5004
1677	5005
1678	5046
1679	5293
1680	5054
1681	4793
1682	4720
1683	4920
1684	4762
1685	4747
1686	4969
1687	4877
1688	5202
1689	4834
1690	4985
1691	5021
1692	4989
1693	5462
1694	5605
1695	5160
1696	5145
1697	5178
1698	5019
1699	4975
1700	5025
1701	5091
1702	4965
1703	5258
1704	5083
1705	5237
1706	4940
1707	5287
1708	4988
1709	5315
1710	5608
1711	4982
1712	5358
1713	5469
1714	5186
1715	5515
1716	4895
1717	5102
1718	5050
1719	4849
1720	4746
1721	4844
1722	5134
1723	4934
1724	4885
1725	5055
1726	4857
1727	4814
1728	4894
1729	5009
1730	5158
1731	5100
1732	4972
1733	5463
1734	5243
1735	5166
1736	5078
1737	4565
1738	5023
1739	4828
1740	4874
1741	5017
1742	4844
1743	4999
1744	4911
1745	4706
1746	4981
1747	4849
1748	5093
1749	4998
1750	4600
1751	4565
1752	5047
1753	4560
1754	4877
1755	4981
1756	4890
1757	4966
1758	4572
1759	4705
1760	5053
1761	4631
1762	4823
1763	4667
1764	4607
1765	4869
1766	4755
1767	5015
1768	4779
1769	4806
1770	5143
1771	5028
1772	4499
1773	5245
1774	4790
1775	4467
1776	4544
1777	4747
1778	4615
1779	4578
1780	4651
1781	4844
1782	4492
1783	4519
1784	4382
1785	4392
1786	4526
1787	4540
1788	4349
1789	4476
1790	4639
1791	4529
1792	4669
1793	4408
1794	4702
1795	4434
1796	4477
1797	4341
1798	4474
1799	4432
1800	4837
1801	4217
1802	4375
1803	4421
1804	4137
1805	4652
1806	4177
1807	4515
1808	4324
1809	4745
1810	4672
1811	4125
1812	4300
1813	4058
1814	4264
1815	4122
1816	4152
1817	4410
1818	4386
1819	4570
1820	4277
1821	4217
1822	4253
1823	4351
1824	4408
1825	4174
1826	4127
1827	3972
1828	4182
1829	4214
1830	3907
1831	4011
1832	4000
1833	3994
1834	4040
1835	4331
1836	4158
1837	4040
1838	3956
1839	4068
1840	4295
1841	4059
1842	4315
1843	3996
1844	4193
1845	4111
1846	3919
1847	3952
1848	4156
1849	4071
1850	4096
1851	4063
1852	3807
1853	4084
1854	4328
1855	4452
1856	3985
1857	4293
1858	4139
1859	3744
1860	4127
1861	4192
1862	3937
1863	4212
1864	4391
1865	4339
1866	4037
1867	3969
1868	4352
1869	4381
1870	4296
1871	4336
1872	4034
1873	4081
1874	4101
1875	4173
1876	4241
1877	4161
1878	4167
1879	4243
1880	4069
1881	3968
1882	4134
1883	4152
1884	4129
1885	4209
1886	4101
1887	4154
1888	4210
1889	4099
1890	4151
1891	4041
1892	4331
1893	4116
1894	4034
1895	3965
1896	4126
1897	4262
1898	4015
1899	4371
1900	4431
1901	4244
1902	4044
1903	4320
1904	4136
1905	4304
1906	4292
1907	4154
1908	4277
1909	3998
1910	3944
1911	4078
1912	4323
1913	4249
1914	4456
1915	4340
1916	4237
1917	4421
1918	4032
1919	4047
1920	3952
1921	4039
1922	4181
1923	4304
1924	4026
1925	4167
1926	4124
1927	4179
1928	3963
1929	4329
1930	4206
1931	4113
1932	4042
1933	4056
1934	4137
1935	4071
1936	4260
1937	4569
1938	4380
1939	4284
1940	4374
1941	4224
1942	4525
1943	4055
1944	3892
1945	4155
1946	4072
1947	4028
1948	4319
1949	3968
1950	4245
1951	4103
1952	4337
1953	4542
1954	4547
1955	4514
1956	4064
1957	4353
1958	4392
1959	4298
1960	4333
1961	4444
1962	4330
1963	4341
1964	4306
1965	4384
1966	4146
1967	4220
1968	4645
1969	4443
1970	4348
1971	4554
1972	4607
1973	4479
1974	4599
1975	4259
1976	4737
1977	4520
1978	4400
1979	4611
1980	4455
1981	4988
1982	4824
1983	4506
1984	4742
1985	4776
1986	4881
1987	4557
1988	4540
1989	4694
1990	4811
1991	4842
1992	4945
1993	4584
1994	4850
1995	4677
1996	4901
1997	4757
1998	4957
1999	4858
2000	4596
2001	4862
2002	5100
2003	4704
2004	4593
2005	4745
2006	4698
2007	4648
2008	5008
2009	4911
2010	4892
2011	4767
2012	4497
2013	4889
2014	4686
2015	5008
2016	4853
2017	4693
2018	4950
2019	4807
2020	4892
2021	4913
2022	5259
2023	4965
2024	5173
2025	4761
2026	4841
2027	4805
2028	4754
2029	4628
2030	4401
2031	4561
2032	4563
2033	4221
2034	4478
2035	4789
2036	4731
2037	4677
2038	4764
2039	4654
2040	4767
2041	4846
2042	4686
2043	4907
2044	4720
2045	4489
2046	4654
2047	4504
2048	4685
2049	4306
2050	4385
2051	4514
2052	4745
2053	4643
2054	4847
2055	4792
2056	4590
2057	4888
2058	4719
2059	4295
2060	4370
2061	4551
2062	4570
2063	4597
2064	4962
2065	4484
2066	4790
2067	4735
2068	4415
2069	4967
2070	4636
2071	4402
2072	4481
2073	4569
2074	4377
2075	4474
2076	4551
2077	4721
2078	4870
2079	4606
2080	4356
2081	4537
2082	4356
2083	4497
2084	4253
2085	4224
2086	4335
2087	4350
2088	4429
2089	4297
2090	4297
2091	4012
2092	4277
2093	4101
2094	4479
2095	4076
2096	4171
2097	4217
2098	3961
2099	4127
2100	4435
2101	4251
2102	4135
2103	4070
2104	4121
2105	4051
2106	4066
2107	4030
2108	4296
2109	3965
2110	3677
2111	4105
2112	4050
2113	3975
2114	3922
2115	3695
2116	3559
2117	3722
2118	3995
2119	3848
2120	3835
2121	3955
2122	4059
2123	3945
2124	3945
2125	3757
2126	4106
2127	3976
2128	3955
2129	3830
2130	3774
2131	4093
2132	4137
2133	3904
2134	3842
2135	4463
2136	3892
2137	3710
2138	3767
2139	4014
2140	3765
2141	3949
2142	4055
2143	4040
2144	3647
2145	3918
2146	3992
2147	3854
2148	3689
2149	3718
2150	3851
2151	3665
2152	4005
2153	3743
2154	4130
2155	3780
2156	3867
2157	3772
2158	3839
2159	3857
2160	3943
2161	3752
2162	3762
2163	3648
2164	3790
2165	3791
2166	3785
2167	3665
2168	3904
2169	4065
2170	4069
2171	3933
2172	3865
2173	3600
2174	3450
2175	3681
2176	3910
2177	3811
2178	3767
2179	4190
2180	3636
2181	3854
2182	3603
2183	3678
2184	3681
2185	3714
2186	3680
2187	3708
2188	3747
2189	3845
2190	3663
2191	4012
2192	3766
2193	3539
2194	3786
2195	3504
2196	3863
2197	3788
2198	3819
2199	3827
2200	4008
2201	3633
2202	4047
2203	4051
2204	3958
2205	4312
2206	3658
2207	3742
2208	3919
2209	4115
2210	3891
2211	3899
2212	3712
2213	3605
2214	3900
2215	3991
2216	3482
2217	3574
2218	3713
2219	3856
2220	3919
2221	3774
2222	3950
2223	3686
2224	3820
2225	3700
2226	4060
2227	3687
2228	3833
2229	3498
2230	3395
2231	3517
2232	4149
2233	4141
2234	3959
2235	3961
2236	3990
2237	3902
2238	3850
2239	3957
2240	3765
2241	4126
2242	4135
2243	4230
2244	3978
2245	3990
2246	4092
2247	3809
2248	3870
2249	3895
2250	3911
2251	4037
2252	3895
2253	3688
2254	3862
2255	4160
2256	3894
2257	3895
2258	4226
2259	4361
2260	4275
2261	4338
2262	4103
2263	4289
2264	4098
2265	3885
2266	4011
2267	3862
2268	3839
2269	4048
2270	3796
2271	3644
2272	3834
2273	3775
2274	3659
2275	3755
2276	3666
2277	4198
2278	3918
2279	3998
2280	3624
2281	3891
2282	3828
2283	3933
2284	3836
2285	3744
2286	3716
2287	3845
2288	3776
2289	3912
2290	3630
2291	3670
2292	3707
2293	3692
2294	3792
2295	3843
2296	3476
2297	3709
2298	3761
2299	3674
2300	3395
2301	3799
2302	3572
2303	3488
2304	3507
2305	3618
2306	3376
2307	3769
2308	3647
2309	3423
2310	3509
2311	3514
2312	3663
2313	3578
2314	3247
2315	3576
2316	3688
2317	3435
2318	3620
2319	3689
2320	3828
2321	3474
2322	3188
2323	3313
2324	3539
2325	3672
2326	3675
2327	3571
2328	3352
2329	3469
2330	3361
2331	3437
2332	3360
2333	3355
2334	3438
2335	3184
2336	3243
2337	3573
2338	3472
2339	3560
2340	3395
2341	3749
2342	3615
2343	3474
2344	3435
2345	3513
2346	3472
2347	3228
2348	3470
2349	3232
2350	3562
2351	3486
2352	3510
2353	3321
2354	3569
2355	3201
2356	3450
2357	3465
2358	3553
2359	3269
2360	3588
2361	3226
2362	3363
2363	3337
2364	3285
2365	3262
2366	3174
2367	3124
2368	3220
2369	3133
2370	3458
2371	3314
2372	3402
2373	3195
2374	3080
2375	3214
2376	3150
2377	3096
2378	3312
2379	3324
2380	3161
2381	3240
2382	3221
2383	3137
2384	2934
2385	3155
2386	3034
2387	3003
2388	3240
2389	3124
2390	3003
2391	3237
2392	3173
2393	3328
2394	3288
2395	3096
2396	3003
2397	2788
2398	3294
2399	3656
2400	3114
2401	3256
2402	2998
2403	3214
2404	2876
2405	3059
2406	3016
2407	2991
2408	3023
2409	3074
2410	2938
2411	3288
2412	2985
2413	3213
2414	2917
2415	3281
2416	3153
2417	3059
2418	2972
2419	3028
2420	2936
2421	3097
2422	3075
2423	3040
2424	2907
2425	3050
2426	2936
2427	3068
2428	3058
2429	3103
2430	3104
2431	3076
2432	3027
2433	3044
2434	2999
2435	2836
2436	2989
2437	3060
2438	2875
2439	2922
2440	2858
2441	3074
2442	2901
2443	2978
2444	2821
2445	2858
2446	2940
2447	3113
2448	2950
2449	2849
2450	2936
2451	3083
2452	2941
2453	3042
2454	2959
2455	2824
2456	2761
2457	3013
2458	2965
2459	2868
2460	3088
2461	3283
2462	3006
2463	2868
2464	2971
2465	2810
2466	2921
2467	2792
2468	2892
2469	2988
2470	2776
2471	2948
2472	3089
2473	2976
2474	2901
2475	3006
2476	2914
2477	2888
2478	2877
2479	2822
2480	2885
2481	2989
2482	3206
2483	2774
2484	2972
2485	3314
2486	2750
2487	3095
2488	3110
2489	3121
2490	3067
2491	3153
2492	3072
2493	3246
2494	3148
2495	3116
2496	3356
2497	3001
2498	3056
2499	2947
2500	2780
2501	3059
2502	2936
2503	3043
2504	3078
2505	2968
2506	3052
2507	3208
2508	3207
2509	3118
2510	2935
2511	2960
2512	3210
2513	3268
2514	3106
2515	3274
2516	3028
2517	3156
2518	2981
2519	3268
2520	3139
2521	3312
2522	3057
2523	2983
2524	2995
2525	3189
2526	3349
2527	2917
2528	2978
2529	3183
2530	3332
2531	3188
2532	3236
2533	2700
2534	3211
2535	3305
2536	3110
2537	3125
2538	3126
2539	3148
2540	3028
2541	3268
2542	3204
2543	3397
2544	3215
2545	3398
2546	3361
2547	3346
2548	3563
2549	3239
2550	3550
2551	3493
2552	3083
2553	3237
2554	3375
2555	3247
2556	3243
2557	3208
2558	3433
2559	3509
2560	3284
2561	3116
2562	3168
2563	3349
2564	3194
2565	3574
2566	3483
2567	3106
2568	3349
2569	3177
2570	3275
2571	3229
2572	3172
2573	3055
2574	3115
2575	2999
2576	2948
2577	3050
2578	2857
2579	3071
2580	3234
2581	3203
2582	2752
2583	3150
2584	2880
2585	2923
2586	3142
2587	3154
2588	3181
2589	3138
2590	3072
2591	2893
2592	2955
2593	3023
2594	3002
2595	2776
2596	2789
2597	2854
2598	2966
2599	2920
2600	2976
2601	2821
2602	2992
2603	2876
2604	2917
2605	3149
2606	2905
2607	2799
2608	2785
2609	2811
2610	2878
2611	2847
2612	2740
2613	2779
2614	2863
2615	2884
2616	2716
2617	2895
2618	2648
2619	2874
2620	2825
2621	2732
2622	2853
2623	2824
2624	2918
2625	2849
2626	2787
2627	2912
2628	2939
2629	2802
2630	2929
2631	2785
2632	2945
2633	2893
2634	2838
2635	2877
2636	3098
2637	3272
2638	2750
2639	3098
2640	3128
2641	2842
2642	2970
2643	3072
2644	3055
2645	3280
2646	2972
2647	2965
2648	2720
2649	2950
2650	2673
2651	3117
2652	3545
2653	3528
2654	3712
2655	2890
2656	3234
2657	2955
2658	2709
2659	2953
2660	2844
2661	2925
2662	3050
2663	3025
2664	2709
2665	2945
2666	3063
2667	2846
2668	3289
2669	3206
2670	3047
2671	2898
2672	2950
2673	2853
2674	2915
2675	2922
2676	3143
2677	3051
2678	2968
2679	3028
2680	3116
2681	2937
2682	3134
2683	3167
2684	3126
2685	3130
2686	2997
2687	2959
2688	3217
2689	3155
2690	3215
2691	3158
2692	3026
2693	3343
2694	2718
2695	3035
2696	3016
2697	2933
2698	3173
2699	3148
2700	3178
2701	3048
2702	3389
2703	2975
2704	3394
2705	3076
2706	2885
2707	3211
2708	3524
2709	3540
2710	3764
2711	3655
2712	3047
2713	3168
2714	3009
2715	2852
2716	3283
2717	2972
2718	3132
2719	3401
2720	3279
2721	3402
2722	3447
2723	3149
2724	3007
2725	2817
2726	3071
2727	3100
2728	2837
2729	2997
2730	3023
2731	3154
2732	2954
2733	2998
2734	3155
2735	2915
2736	2978
2737	2927
2738	3067
2739	3017
2740	3005
2741	2893
2742	2895
2743	2954
2744	2763
2745	2934
2746	2629
2747	2977
2748	2660
2749	2757
2750	2821
2751	3023
2752	2810
2753	2555
2754	2762
2755	2884
2756	2744
2757	2680
2758	2979
2759	2823
2760	2686
2761	2899
2762	3045
2763	2825
2764	2850
2765	2971
2766	3025
2767	3171
2768	2927
2769	2887
2770	3078
2771	3054
2772	2840
2773	3099
2774	2894
2775	2930
2776	2954
2777	2892
2778	2709
2779	2833
2780	2957
2781	2784
2782	2817
2783	2885
2784	2898
2785	2855
2786	2849
2787	2795
2788	2521
2789	2886
2790	2764
2791	2898
2792	2658
2793	2898
2794	2539
2795	2822
2796	2741
2797	2740
2798	2817
2799	2750
2800	2632
2801	2741
2802	2669
2803	2767
2804	2806
2805	2676
2806	2794
2807	2725
2808	2658
2809	2714
2810	2623
2811	2682
2812	2889
2813	2966
2814	2720
2815	2987
2816	2698
2817	2949
2818	2798
2819	2925
2820	2917
2821	2845
2822	2807
2823	2833
2824	2820
2825	2726
2826	3109
2827	2896
2828	3034
2829	2593
2830	2675
2831	2648
2832	2758
2833	2537
2834	2539
2835	2576
2836	2994
2837	2677
2838	2678
2839	2569
2840	2588
2841	2438
2842	2571
2843	2754
2844	2568
2845	2511
2846	2577
2847	2781
2848	2907
2849	2966
2850	2791
2851	2603
2852	2555
2853	2739
2854	2858
2855	2639
2856	2959
2857	2546
2858	2699
2859	2783
2860	2747
2861	2974
2862	2988
2863	3411
2864	2818
2865	3009
2866	2744
2867	2608
2868	2779
2869	2813
2870	2622
2871	2902
2872	2539
2873	2644
2874	2619
2875	2614
2876	2583
2877	2725
2878	2620
2879	2590
2880	2568
2881	2902
2882	2722
2883	2746
2884	2623
2885	2574
2886	2834
2887	2595
2888	2719
2889	2397
2890	2836
2891	2441
2892	2589
2893	2541
2894	2535
2895	2444
2896	2290
2897	2530
2898	2485
2899	2477
2900	2704
2901	2763
2902	2471
2903	2668
2904	2772
2905	2916
2906	2717
2907	2450
2908	2530
2909	2527
2910	2673
2911	2656
2912	2457
2913	2524
2914	2773
2915	2429
2916	2388
2917	2448
2918	2760
2919	2638
2920	2618
2921	2532
2922	2553
2923	2563
2924	2337
2925	2321
2926	2527
2927	2443
2928	2555
2929	2549
2930	2514
2931	2409
2932	2620
2933	2560
2934	2457
2935	2547
2936	2367
2937	2272
2938	2195
2939	2458
2940	2599
2941	2480
2942	2545
2943	2574
2944	2579
2945	2551
2946	2370
2947	2414
2948	2567
2949	2433
2950	2385
2951	2392
2952	2623
2953	2495
2954	2525
2955	2406
2956	2619
2957	2230
2958	2411
2959	2608
2960	2440
2961	2520
2962	2398
2963	2444
2964	2199
2965	2544
2966	2599
2967	2549
2968	2745
2969	2683
2970	2566
2971	2236
2972	2336
2973	2588
2974	2403
2975	2542
2976	2566
2977	2429
2978	2280
2979	2748
2980	2548
2981	2462
2982	2515
2983	2665
2984	2556
2985	2618
2986	2541
2987	2553
2988	2592
2989	2453
2990	2411
2991	2511
2992	2394
2993	2385
2994	2371
2995	2557
2996	2514
2997	2626
2998	2474
2999	2653
3000	2571
3001	2544
3002	2664
3003	2735
3004	2644
3005	2683
3006	2492
3007	2551
3008	2746
3009	2706
3010	2572
3011	2606
3012	2547
3013	2342
3014	2470
3015	2549
3016	2635
3017	2248
3018	2565
3019	2507
3020	2851
3021	2492
3022	2589
3023	2583
3024	2657
3025	2488
3026	2458
3027	2477
3028	2473
3029	2439
3030	2560
3031	2463
3032	2720
3033	2499
3034	2425
3035	2567
3036	2344
3037	2406
3038	2696
3039	2607
3040	2626
3041	2565
3042	2628
3043	2723
3044	2745
3045	2608
3046	2780
3047	2478
3048	2708
3049	2719
3050	2634
3051	2756
3052	2660
3053	2750
3054	2427
3055	2765
3056	2508
3057	2815
3058	2833
3059	2863
3060	2589
3061	2795
3062	2768
3063	2894
3064	2911
3065	2765
3066	2656
3067	2934
3068	2654
3069	2683
3070	2646
3071	2723
3072	2485
3073	2712
3074	2496
3075	2482
3076	2604
3077	2718
3078	2525
3079	2831
3080	2808
3081	2532
3082	2799
3083	2661
3084	2612
3085	2912
3086	2676
3087	2824
3088	2712
3089	2592
3090	2431
3091	2664
3092	2648
3093	2626
3094	2806
3095	2845
3096	2800
3097	2678
3098	2666
3099	2694
3100	2726
3101	2549
3102	2642
3103	2495
3104	2660
3105	2780
3106	2763
3107	2622
3108	2629
3109	2636
3110	2454
3111	2465
3112	2671
3113	2504
3114	2660
3115	2629
3116	2623
3117	2390
3118	2796
3119	2537
3120	2448
3121	2690
3122	2693
3123	2412
3124	2391
3125	2746
3126	2715
3127	2624
3128	2415
3129	2273
3130	2533
3131	2330
3132	2384
3133	2349
3134	2531
3135	2305
3136	2251
3137	2277
3138	2457
3139	2491
3140	2394
3141	2489
3142	2538
3143	2649
3144	2414
3145	2532
3146	2783
3147	2265
3148	2554
3149	2506
3150	2613
3151	2488
3152	2502
3153	2604
3154	2290
3155	2468
3156	2682
3157	2491
3158	2658
3159	2475
3160	2406
3161	2409
3162	2520
3163	2557
3164	2443
3165	2817
3166	2916
3167	3027
3168	2930
3169	2643
3170	2643
3171	2492
3172	2562
3173	2459
3174	2431
3175	2348
3176	2633
3177	2275
3178	2557
3179	2427
3180	2482
3181	2291
3182	2316
3183	2464
3184	2568
3185	2461
3186	2565
3187	2306
3188	2487
3189	2568
3190	2432
3191	2523
3192	2492
3193	2486
3194	2765
3195	2603
3196	2583
3197	2526
3198	2624
3199	2513
3200	2527
3201	2453
3202	2484
3203	2421
3204	2322
3205	2652
3206	2433
3207	2553
3208	2515
3209	2166
3210	2520
3211	2528
3212	2434
3213	2583
3214	2449
3215	2458
3216	2466
3217	2580
3218	2422
3219	2531
3220	2540
3221	2677
3222	2308
3223	2729
3224	2473
3225	2476
3226	2524
3227	2730
3228	2664
3229	2535
3230	2429
3231	2682
3232	2830
3233	2613
3234	2518
3235	2691
3236	2795
3237	2791
3238	2829
3239	2564
3240	2545
3241	2680
3242	2655
3243	2532
3244	2806
3245	2569
3246	2425
3247	2354
3248	2589
3249	2477
3250	2684
3251	2821
3252	2637
3253	2584
3254	2599
3255	2742
3256	2728
3257	2556
3258	2664
3259	2780
3260	2701
3261	2887
3262	2654
3263	2584
3264	2667
3265	2639
3266	2537
3267	2552
3268	2545
3269	2576
3270	2598
3271	2738
3272	2642
3273	2607
3274	2775
3275	2625
3276	2689
3277	2725
3278	2600
3279	2565
3280	2656
3281	2589
3282	2813
3283	2503
3284	2482
3285	2739
3286	2498
3287	2949
3288	2646
3289	2905
3290	2684
3291	2626
3292	2705
3293	2937
3294	2610
3295	2764
3296	2581
3297	2777
3298	2775
3299	2848
3300	2715
3301	2462
3302	2686
3303	2798
3304	2944
3305	2938
3306	2930
3307	2930
3308	2652
3309	2746
3310	2635
3311	2717
3312	2649
3313	2552
3314	2730
3315	2862
3316	2558
3317	2755
3318	2729
3319	2859
3320	2682
3321	2604
3322	3037
3323	2729
3324	2644
3325	2779
3326	2635
3327	2778
3328	2557
3329	2506
3330	2913
3331	2626
3332	2766
3333	2559
3334	2603
3335	2676
3336	2639
3337	2621
3338	2723
3339	2631
3340	2919
3341	2455
3342	2614
3343	2462
3344	2730
3345	2908
3346	2805
3347	2642
3348	2449
3349	2534
3350	2691
3351	2692
3352	2538
3353	2380
3354	2360
3355	2500
3356	2529
3357	2372
3358	2512
3359	2498
3360	2369
3361	2529
3362	2393
3363	2356
3364	2315
3365	2294
3366	2131
3367	2583
3368	2573
3369	2231
3370	2519
3371	2532
3372	2355
3373	2278
3374	2181
3375	2335
3376	2315
3377	2258
3378	2336
3379	2330
3380	2291
3381	2288
3382	2328
3383	2133
3384	2323
3385	2041
3386	2276
3387	2154
3388	2463
3389	2195
3390	2259
3391	2320
3392	2067
3393	2099
3394	2204
3395	2122
3396	2389
3397	2148
3398	2443
3399	2171
3400	1963
3401	2238
3402	2309
3403	2081
3404	2207
3405	2135
3406	2269
3407	2333
3408	2064
3409	2454
3410	2420
3411	2219
3412	2265
3413	2279
3414	2209
3415	2160
3416	2049
3417	2171
3418	2362
3419	2175
3420	2220
3421	2286
3422	2148
3423	2209
3424	2066
3425	2202
3426	2160
3427	2216
3428	2103
3429	2204
3430	2326
3431	2355
3432	2420
3433	2340
3434	2052
3435	2380
3436	2299
3437	1941
3438	2259
3439	2102
3440	2060
3441	2497
3442	2080
3443	2302
3444	2179
3445	2209
3446	2109
3447	2063
3448	1934
3449	2185
3450	2246
3451	2076
3452	2179
3453	2155
3454	2120
3455	2275
3456	2227
3457	2129
3458	2377
3459	2099
3460	2130
3461	2090
3462	2153
3463	2063
3464	2190
3465	1950
3466	2171
3467	2049
3468	2127
3469	2072
3470	2053
3471	2242
3472	2272
3473	2123
3474	2011
3475	2056
3476	2119
3477	2134
3478	2010
3479	2000
3480	2302
3481	2009
3482	2077
3483	1955
3484	2144
3485	1926
3486	2224
3487	2083
3488	1991
3489	2075
3490	2187
3491	2198
3492	1941
3493	2054
3494	2024
3495	2022
3496	2046
3497	2190
3498	2014
3499	2076
3500	2182
3501	2067
3502	2005
3503	2100
3504	2093
3505	1861
3506	1792
3507	2164
3508	2229
3509	1983
3510	2002
3511	1899
3512	1931
3513	1972
3514	1926
3515	1979
3516	1873
3517	1801
3518	1890
3519	1989
3520	2031
3521	2161
3522	2014
3523	2139
3524	2038
3525	2134
3526	1978
3527	2019
3528	2056
3529	1885
3530	2064
3531	1920
3532	1950
3533	2079
3534	1914
3535	1906
3536	1882
3537	1843
3538	2120
3539	2008
3540	2153
3541	2035
3542	1969
3543	1993
3544	2043
3545	2045
3546	1920
3547	1947
3548	1981
3549	2010
3550	1868
3551	2124
3552	1887
3553	1934
3554	2018
3555	1858
3556	2042
3557	2019
3558	2065
3559	2029
3560	1873
3561	2141
3562	2017
3563	2021
3564	2039
3565	2170
3566	1946
3567	2052
3568	1987
3569	1969
3570	1869
3571	2076
3572	2261
3573	2289
3574	1947
3575	2115
3576	2108
3577	2078
3578	1923
3579	2045
3580	2038
3581	2107
3582	2009
3583	2174
3584	2191
3585	2165
3586	2204
3587	2156
3588	2142
3589	2063
3590	1984
3591	2009
3592	2383
3593	2252
3594	2155
3595	2178
3596	2089
3597	2204
3598	2120
3599	2041
3600	2147
3601	2148
3602	1997
3603	2288
3604	2142
3605	2098
3606	2122
3607	2021
3608	1955
3609	2052
3610	2235
3611	2030
3612	2064
3613	2030
3614	2008
3615	2023
3616	2145
3617	2125
3618	2086
3619	2320
3620	2123
3621	2258
3622	2002
3623	2287
3624	1963
3625	1938
3626	2181
3627	1929
3628	2247
3629	2073
3630	2110
3631	2154
3632	1946
3633	2036
3634	1934
3635	2054
3636	1874
3637	2104
3638	2044
3639	1966
3640	2065
3641	2070
3642	2071
3643	2077
3644	2312
3645	2173
3646	2146
3647	2062
3648	2012
3649	2083
3650	1957
3651	2241
3652	2011
3653	2070
3654	1951
3655	2145
3656	2076
3657	1952
3658	2132
3659	2112
3660	1911
3661	2031
3662	2017
3663	2172
3664	2034
3665	2185
3666	2162
3667	2075
3668	2093
3669	2062
3670	1928
3671	1907
3672	2073
3673	2186
3674	2100
3675	2133
3676	2246
3677	2233
3678	2218
3679	1986
3680	2114
3681	2127
3682	2169
3683	1937
3684	1986
3685	1973
3686	2005
3687	2015
3688	2141
3689	2014
3690	2234
3691	2072
3692	2095
3693	2004
3694	2247
3695	1973
3696	1993
3697	2279
3698	2175
3699	2432
3700	2726
3701	2389
3702	2166
3703	2174
3704	2101
3705	2189
3706	2000
3707	2015
3708	1990
3709	1974
3710	2213
3711	2219
3712	2280
3713	2130
3714	2122
3715	2375
3716	2419
3717	2260
3718	2429
3719	2078
3720	1865
3721	2177
3722	2076
3723	2120
3724	1909
3725	2207
3726	2047
3727	2007
3728	2037
3729	2130
3730	1979
3731	2333
3732	2040
3733	2090
3734	1972
3735	2056
3736	1893
3737	2161
3738	2062
3739	2045
3740	1934
3741	2040
3742	1911
3743	1915
3744	1888
3745	2033
3746	1950
3747	2063
3748	2023
3749	1975
3750	2150
3751	1979
3752	2042
3753	2048
3754	2084
3755	2010
3756	2152
3757	2143
3758	2001
3759	2150
3760	2123
3761	2071
3762	1913
3763	1978
3764	2013
3765	2027
3766	2000
3767	1793
3768	1942
3769	2010
3770	2015
3771	2111
3772	2104
3773	1977
3774	2169
3775	1917
3776	1905
3777	1975
3778	1857
3779	1989
3780	1834
3781	1944
3782	1904
3783	2057
3784	1992
3785	1985
3786	2034
3787	1945
3788	1938
3789	1791
3790	1977
3791	1953
3792	1886
3793	2066
3794	1758
3795	1745
3796	1850
3797	2027
3798	1703
3799	1831
3800	1703
3801	2081
3802	1976
3803	1880
3804	1904
3805	1995
3806	1966
3807	1683
3808	1845
3809	2003
3810	1816
3811	1859
3812	1675
3813	1835
3814	1793
3815	1815
3816	2103
3817	1831
3818	1920
3819	1884
3820	1903
3821	1693
3822	1611
3823	1776
3824	1743
3825	1713
3826	1810
3827	1658
3828	1981
3829	1775
3830	1640
3831	1701
3832	1873
3833	1869
3834	1687
3835	1653
3836	1837
3837	1774
3838	1627
3839	1753
3840	1705
3841	1703
3842	1805
3843	1776
3844	1731
3845	1765
3846	1853
3847	1736
3848	1748
3849	1767
3850	1698
3851	1906
3852	1576
3853	1932
3854	1793
3855	1680
3856	1693
3857	1780
3858	1738
3859	1842
3860	1721
3861	1750
3862	1637
3863	1818
3864	1869
3865	1848
3866	1936
3867	1905
3868	1647
3869	1758
3870	1634
3871	1798
3872	1687
3873	1749
3874	1714
3875	1675
3876	1772
3877	1779
3878	1841
3879	1835
3880	1635
3881	1851
3882	1949
3883	1650
3884	1776
3885	1679
3886	1844
3887	1676
3888	1861
3889	1746
3890	1897
3891	1838
3892	1829
3893	1744
3894	1864
3895	1920
3896	1758
3897	1748
3898	1800
3899	2048
3900	1881
3901	1871
3902	1926
3903	1950
3904	1869
3905	1900
3906	1774
3907	1921
3908	1710
3909	1898
3910	1609
3911	1823
3912	2014
3913	1831
3914	1895
3915	2039
3916	2042
3917	2056
3918	2042
3919	1959
3920	2231
3921	1848
3922	2160
3923	1915
3924	2082
3925	2053
3926	1948
3927	2094
3928	2178
3929	2571
3930	2132
3931	2182
3932	2099
3933	2032
3934	2094
3935	2110
3936	2159
3937	2131
3938	2126
3939	2175
3940	1963
3941	1965
3942	2041
3943	1923
3944	1980
3945	2028
3946	1892
3947	1871
3948	1943
3949	1986
3950	1914
3951	1976
3952	1780
3953	2151
3954	2089
3955	2237
3956	2237
3957	2063
3958	2226
3959	2092
3960	2179
3961	2123
3962	2100
3963	2135
3964	2073
3965	2071
3966	2122
3967	2058
3968	2145
3969	2009
3970	2161
3971	2029
3972	1891
3973	2075
3974	1952
3975	2144
3976	2325
3977	2118
3978	2327
3979	2208
3980	2157
3981	2007
3982	2065
3983	2110
3984	2140
3985	2242
3986	1956
3987	2142
3988	1898
3989	2051
3990	2049
3991	1790
3992	1837
3993	1897
3994	2041
3995	1929
3996	1804
3997	1653
3998	1670
3999	1828
4000	2144
4001	1889
4002	1925
4003	1913
4004	2018
4005	1854
4006	1782
4007	1843
4008	1972
4009	1931
4010	2045
4011	2006
4012	1879
4013	2317
4014	2202
4015	2184
4016	1978
4017	2212
4018	2176
4019	2059
4020	2137
4021	2220
4022	2139
4023	2157
4024	2151
4025	2097
4026	1983
4027	2017
4028	2214
4029	2054
4030	2040
4031	2239
4032	2602
4033	2214
4034	2411
4035	2849
4036	2121
4037	2323
4038	1904
4039	1940
4040	2055
4041	1978
4042	2194
4043	1745
4044	1855
4045	2004
4046	1942
4047	1971
4048	1919
4049	1885
4050	1853
4051	1872
4052	2073
4053	2005
4054	1926
4055	1915
4056	1919
4057	1885
4058	2003
4059	1885
4060	1996
4061	1984
4062	1935
4063	1924
4064	2177
4065	2073
4066	2251
4067	2262
4068	1974
4069	2055
4070	1915
4071	1885
4072	1926
4073	1998
4074	1922
4075	1949
4076	2018
4077	1800
4078	2026
4079	2181
4080	2106
4081	2035
4082	2146
4083	1833
4084	1986
4085	1939
4086	1849
4087	2055
4088	1962
4089	1977
4090	1837
4091	1988
4092	1865
4093	1919
4094	1852
4095	1975
4096	2077
4097	2332
4098	2633
4099	1954
4100	2264
4101	1891
4102	1958
4103	1938
4104	1763
4105	1906
4106	1973
4107	1852
4108	1863
4109	1714
4110	1798
4111	1900
4112	1788
4113	2037
4114	1917
4115	1869
4116	1937
4117	1718
4118	1914
4119	1766
4120	2026
4121	1839
4122	2075
4123	1987
4124	1961
4125	1917
4126	1945
4127	2036
4128	1845
4129	1884
4130	1689
4131	1895
4132	1842
4133	1766
4134	1821
4135	1745
4136	1664
4137	1705
4138	1582
4139	1840
4140	1767
4141	1671
4142	1716
4143	1614
4144	1764
4145	1744
4146	1549
4147	1673
4148	1731
4149	1664
4150	1591
4151	1581
4152	1667
4153	1626
4154	1645
4155	1701
4156	1618
4157	1783
4158	1682
4159	1889
4160	1612
4161	1584
4162	1769
4163	1613
4164	1645
4165	1719
4166	1546
4167	1649
4168	1706
4169	1611
4170	1577
4171	1760
4172	1686
4173	1765
4174	1711
4175	1762
4176	1817
4177	1577
4178	1523
4179	1579
4180	1683
4181	1795
4182	1580
4183	1740
4184	1749
4185	1692
4186	1639
4187	1685
4188	1625
4189	1765
4190	1651
4191	1789
4192	1732
4193	1694
4194	1629
4195	1584
4196	1508
4197	1735
4198	1717
4199	1650
4200	1649
4201	1707
4202	1796
4203	1432
4204	1766
4205	1891
4206	1697
4207	1639
4208	1720
4209	1659
4210	1677
4211	1532
4212	1587
4213	1621
4214	1558
4215	1637
4216	1836
4217	1538
4218	1583
4219	1648
4220	1586
4221	1726
4222	1514
4223	1715
4224	1691
4225	1758
4226	1623
4227	1552
4228	1885
4229	1646
4230	1538
4231	1635
4232	1486
4233	1768
4234	1566
4235	1699
4236	1690
4237	1738
4238	1513
4239	1642
4240	1687
4241	1530
4242	1634
4243	1776
4244	1733
4245	1635
4246	1695
4247	1584
4248	1660
4249	1621
4250	1528
4251	1742
4252	1594
4253	1503
4254	1629
4255	1792
4256	1760
4257	1552
4258	1594
4259	1619
4260	1457
4261	1422
4262	1479
4263	1563
4264	1772
4265	1866
4266	1647
4267	1687
4268	1796
4269	1788
4270	1834
4271	1686
4272	1646
4273	1819
4274	1670
4275	1699
4276	1796
4277	1664
4278	1697
4279	1769
4280	1979
4281	1854
4282	1805
4283	1602
4284	1575
4285	1561
4286	1671
4287	1718
4288	1531
4289	1706
4290	1812
4291	1622
4292	1660
4293	1761
4294	2013
4295	1710
4296	1735
4297	1698
4298	1876
4299	1813
4300	1505
4301	1677
4302	1806
4303	1934
4304	1660
4305	1662
4306	1564
4307	1698
4308	1910
4309	1520
4310	1480
4311	1647
4312	1792
4313	1595
4314	1485
4315	1628
4316	1816
4317	1495
4318	1585
4319	1503
4320	1688
4321	1596
4322	1522
4323	1586
4324	1543
4325	1665
4326	1697
4327	1633
4328	1584
4329	1601
4330	1490
4331	1501
4332	1527
4333	1534
4334	1498
4335	1774
4336	1544
4337	1525
4338	1481
4339	1648
4340	1522
4341	1638
4342	1460
4343	1607
4344	1532
4345	1370
4346	1346
4347	1341
4348	1414
4349	1499
4350	1672
4351	1410
4352	1427
4353	1387
4354	1369
4355	1518
4356	1545
4357	1284
4358	1279
4359	1653
4360	1401
4361	1434
4362	1430
4363	1435
4364	1498
4365	1383
4366	1452
4367	1395
4368	1516
4369	1548
4370	1453
4371	1405
4372	1660
4373	1470
4374	1548
4375	1572
4376	1449
4377	1645
4378	1593
4379	1454
4380	1474
4381	1477
4382	1367
4383	1475
4384	1358
4385	1369
4386	1316
4387	1351
4388	1477
4389	1477
4390	1590
4391	1288
4392	1491
4393	1357
4394	1473
4395	1569
4396	1358
4397	1400
4398	1381
4399	1309
4400	1390
4401	1390
4402	1305
4403	1451
4404	1321
4405	1426
4406	1319
4407	1406
4408	1474
4409	1320
4410	1353
4411	1553
4412	1475
4413	1442
4414	1496
4415	1398
4416	1376
4417	1657
4418	1389
4419	1314
4420	1377
4421	1453
4422	1390
4423	1388
4424	1395
4425	1363
4426	1455
4427	1335
4428	1367
4429	1435
4430	1474
4431	1412
4432	1435
4433	1323
4434	1315
4435	1259
4436	1251
4437	1307
4438	1290
4439	1261
4440	1409
4441	1385
4442	1344
4443	1417
4444	1269
4445	1147
4446	1291
4447	1454
4448	1287
4449	1299
4450	1334
4451	1363
4452	1318
4453	1279
4454	1297
4455	1377
4456	1281
4457	1298
4458	1489
4459	1337
4460	1430
4461	1401
4462	1427
4463	1491
4464	1336
4465	1335
4466	1325
4467	1405
4468	1388
4469	1350
4470	1421
4471	1372
4472	1379
4473	1369
4474	1360
4475	1424
4476	1384
4477	1362
4478	1145
4479	1321
4480	1282
4481	1352
4482	1460
4483	1247
4484	1533
4485	1486
4486	1453
4487	1358
4488	1309
4489	1358
4490	1363
4491	1467
4492	1405
4493	1456
4494	1397
4495	1345
4496	1418
4497	1458
4498	1568
4499	1371
4500	1391
4501	1589
4502	1498
4503	1353
4504	1377
4505	1465
4506	1462
4507	1351
4508	1387
4509	1370
4510	1426
4511	1454
4512	1555
4513	1344
4514	1482
4515	1454
4516	1336
4517	1397
4518	1463
4519	1405
4520	1427
4521	1267
4522	1335
4523	1405
4524	1363
4525	1254
4526	1320
4527	1340
4528	1466
4529	1390
4530	1447
4531	1259
4532	1347
4533	1499
4534	1385
4535	1364
4536	1468
4537	1368
4538	1257
4539	1285
4540	1381
4541	1367
4542	1309
4543	1356
4544	1229
4545	1412
4546	1311
4547	1584
4548	1370
4549	1440
4550	1516
4551	1548
4552	1373
4553	1524
4554	1315
4555	1337
4556	1324
4557	1388
4558	1211
4559	1430
4560	1414
4561	1366
4562	1408
4563	1204
4564	1365
4565	1310
4566	1151
4567	1372
4568	1124
4569	1385
4570	1313
4571	1310
4572	1307
4573	1366
4574	1392
4575	1221
4576	1243
4577	1275
4578	1337
4579	1289
4580	1557
4581	1277
4582	1485
4583	1214
4584	1402
4585	1348
4586	1315
4587	1395
4588	1306
4589	1282
4590	1324
4591	1387
4592	1289
4593	1322
4594	1215
4595	1296
4596	1249
4597	1267
4598	1474
4599	1476
4600	1406
4601	1403
4602	1347
4603	1287
4604	1324
4605	1389
4606	1257
4607	1307
4608	1318
4609	1386
4610	1247
4611	1319
4612	1336
4613	1302
4614	1388
4615	1416
4616	1177
4617	1420
4618	1354
4619	1310
4620	1317
4621	1356
4622	1350
4623	1446
4624	1501
4625	1348
4626	1456
4627	1288
4628	1387
4629	1436
4630	1369
4631	1343
4632	1370
4633	1357
4634	1534
4635	1338
4636	1492
4637	1402
4638	1384
4639	1458
4640	1390
4641	1460
4642	1536
4643	1234
4644	1437
4645	1428
4646	1465
4647	1265
4648	1384
4649	1518
4650	1424
4651	1314
4652	1459
4653	1312
4654	1437
4655	1375
4656	1323
4657	1499
4658	1255
4659	1355
4660	1423
4661	1334
4662	1406
4663	1690
4664	1473
4665	1391
4666	1347
4667	1358
4668	1454
4669	1258
4670	1352
4671	1440
4672	1480
4673	1376
4674	1365
4675	1382
4676	1355
4677	1349
4678	1363
4679	1452
4680	1363
4681	1302
4682	1492
4683	1402
4684	1356
4685	1461
4686	1380
4687	1295
4688	1285
4689	1268
4690	1411
4691	1390
4692	1442
4693	1398
4694	1414
4695	1418
4696	1396
4697	1220
4698	1418
4699	1395
4700	1528
4701	1446
4702	1379
4703	1445
4704	1437
4705	1331
4706	1288
4707	1355
4708	1410
4709	1295
4710	1232
4711	1451
4712	1433
4713	1344
4714	1258
4715	1326
4716	1249
4717	1343
4718	1147
4719	1215
4720	1356
4721	1286
4722	1213
4723	1342
4724	1291
4725	1430
4726	1287
4727	1256
4728	1331
4729	1281
4730	1393
4731	1272
4732	1421
4733	1386
4734	1298
4735	1324
4736	1153
4737	1285
4738	1208
4739	1274
4740	1303
4741	1314
4742	1377
4743	1307
4744	1344
4745	1392
4746	1385
4747	1122
4748	1426
4749	1331
4750	1310
4751	1439
4752	1439
4753	1276
4754	1348
4755	1406
4756	1489
4757	1298
4758	1286
4759	1492
4760	1414
4761	1307
4762	1301
4763	1352
4764	1352
4765	1204
4766	1317
4767	1311
4768	1233
4769	1263
4770	1347
4771	1400
4772	1294
4773	1248
4774	1209
4775	1216
4776	1328
4777	1362
4778	1375
4779	1404
4780	1275
4781	1392
4782	1504
4783	1267
4784	1319
4785	1289
4786	1328
4787	1351
4788	1195
4789	1316
4790	1218
4791	1209
4792	1403
4793	1396
4794	1313
4795	1386
4796	1350
4797	1400
4798	1487
4799	1392
4800	1334
4801	1263
4802	1282
4803	1122
4804	1211
4805	1374
4806	1227
4807	1258
4808	1357
4809	1331
4810	1333
4811	1299
4812	1234
4813	1309
4814	1265
4815	1427
4816	1170
4817	1229
4818	1315
4819	1414
4820	1381
4821	1173
4822	1329
4823	1254
4824	1188
4825	1330
4826	1303
4827	1362
4828	1374
4829	1305
4830	1211
4831	1348
4832	1318
4833	1460
4834	1295
4835	1249
4836	1320
4837	1330
4838	1219
4839	1441
4840	1493
4841	1463
4842	1350
4843	1436
4844	1398
4845	1449
4846	1292
4847	1287
4848	1404
4849	1403
4850	1445
4851	1274
4852	1273
4853	1441
4854	1807
4855	1303
4856	1379
4857	1153
4858	1277
4859	1330
4860	1441
4861	1385
4862	1168
4863	1374
4864	1214
4865	1180
4866	1299
4867	1496
4868	1152
4869	1378
4870	1350
4871	1205
4872	1150
4873	1482
4874	1266
4875	1421
4876	1291
4877	1197
4878	1270
4879	1228
4880	1231
4881	1209
4882	1159
4883	1138
4884	1259
4885	1185
4886	1189
4887	1342
4888	1445
4889	1265
4890	1214
4891	1130
4892	1251
4893	1287
4894	1124
4895	1251
4896	1242
4897	1257
4898	1248
4899	1213
4900	1156
4901	1377
4902	1178
4903	1305
4904	1146
4905	1271
4906	1295
4907	1173
4908	1422
4909	1352
4910	1342
4911	1410
4912	1336
4913	1357
4914	1182
4915	1233
4916	1213
4917	1185
4918	1333
4919	1182
4920	1242
4921	1324
4922	1233
4923	1296
4924	1194
4925	1402
4926	1163
4927	1405
4928	1219
4929	1244
4930	1215
4931	1235
4932	1133
4933	1076
4934	1316
4935	1267
4936	1255
4937	1401
4938	1112
4939	1208
4940	1279
4941	1406
4942	1422
4943	1338
4944	1353
4945	1272
4946	1443
4947	1289
4948	1452
4949	1248
4950	1388
4951	1302
4952	1411
4953	1235
4954	1422
4955	1206
4956	1214
4957	1211
4958	1449
4959	1456
4960	1187
4961	1243
4962	1236
4963	1362
4964	1511
4965	1322
4966	1366
4967	1475
4968	1306
4969	1291
4970	1368
4971	1247
4972	1501
4973	1297
4974	1279
4975	1277
4976	1306
4977	1350
4978	1516
4979	1492
4980	1244
4981	1298
4982	1333
4983	1156
4984	1312
4985	1252
4986	1204
4987	1354
4988	1328
4989	1355
4990	1212
4991	1221
4992	1352
4993	1175
4994	1164
4995	1240
4996	1284
4997	1320
4998	1156
4999	1107
5000	1359
5001	1339
5002	1209
5003	1299
5004	1193
5005	1297
5006	1268
5007	1104
5008	1319
5009	1249
5010	1344
5011	1372
5012	1250
5013	1182
5014	1236
5015	1122
5016	1238
5017	1207
5018	1219
5019	1240
5020	1271
5021	1253
5022	1330
5023	1212
5024	1283
5025	1171
5026	1258
5027	1317
5028	1406
5029	1287
5030	1377
5031	1349
5032	1221
5033	1314
5034	1246
5035	1259
5036	1216
5037	1265
5038	1100
5039	1114
5040	1192
5041	1284
5042	1304
5043	1159
5044	1147
5045	1190
5046	1228
5047	1248
5048	1227
5049	1190
5050	1048
5051	1154
5052	1219
5053	1112
5054	1247
5055	1082
5056	1267
5057	1149
5058	1143
5059	1198
5060	1080
5061	1207
5062	1068
5063	1254
5064	1110
5065	1293
5066	1195
5067	1304
5068	1101
5069	1151
5070	1208
5071	1336
5072	1224
5073	1175
5074	1190
5075	1211
5076	1263
5077	1149
5078	1126
5079	1175
5080	1205
5081	1162
5082	1192
5083	1196
5084	989
5085	1203
5086	1226
5087	1072
5088	1208
5089	1152
5090	1148
5091	1226
5092	1279
5093	1311
5094	1093
5095	1158
5096	1299
5097	1195
5098	1223
5099	1062
5100	1217
5101	1044
5102	1257
5103	1251
5104	1088
5105	1028
5106	1131
5107	1084
5108	1065
5109	1125
5110	1200
5111	1216
5112	1148
5113	998
5114	1059
5115	1062
5116	1208
5117	1226
5118	1187
5119	1210
5120	1242
5121	1025
5122	1114
5123	1143
5124	1405
5125	1130
5126	1125
5127	1093
5128	1183
5129	971
5130	1035
5131	1291
5132	1106
5133	1166
5134	1154
5135	1195
5136	986
5137	1149
5138	1106
5139	1009
5140	1075
5141	1162
5142	1167
5143	1231
5144	1219
5145	1235
5146	1085
5147	1101
5148	981
5149	1085
5150	1125
5151	1176
5152	975
5153	1083
5154	1123
5155	1019
5156	1097
5157	1104
5158	1103
5159	1224
5160	1111
5161	1091
5162	1177
5163	994
5164	1123
5165	1117
5166	1151
5167	1028
5168	1154
5169	1106
5170	1125
5171	1194
5172	1134
5173	1189
5174	1096
5175	987
5176	1057
5177	1007
5178	1185
5179	1101
5180	1054
5181	1052
5182	1043
5183	1081
5184	1118
5185	1102
5186	1126
5187	1089
5188	1170
5189	1105
5190	1117
5191	1054
5192	1004
5193	1048
5194	1061
5195	1125
5196	1037
5197	1157
5198	1222
5199	987
5200	1100
5201	1147
5202	1187
5203	1069
5204	1203
5205	1117
5206	1205
5207	993
5208	986
5209	981
5210	1128
5211	1029
5212	1106
5213	1114
5214	1178
5215	1052
5216	1213
5217	1067
5218	1074
5219	1043
5220	1090
5221	1055
5222	1021
5223	1121
5224	1022
5225	1172
5226	1009
5227	1020
5228	1108
5229	1029
5230	1094
5231	1161
5232	1221
5233	1063
5234	1119
5235	1192
5236	1140
5237	1058
5238	1179
5239	1075
5240	1240
5241	1040
5242	1081
5243	1106
5244	1159
5245	1121
5246	996
5247	1079
5248	916
5249	978
5250	1063
5251	966
5252	1155
5253	1183
5254	979
5255	1085
5256	1086
5257	1133
5258	967
5259	947
5260	1082
5261	1158
5262	1084
5263	1114
5264	1098
5265	984
5266	1089
5267	1105
5268	1015
5269	1118
5270	1095
5271	1084
5272	1181
5273	1064
5274	981
5275	1231
5276	1103
5277	1089
5278	942
5279	1165
5280	1072
5281	1013
5282	1138
5283	1110
5284	1131
5285	1104
5286	1058
5287	1069
5288	1074
5289	1077
5290	1118
5291	1035
5292	1107
5293	1170
5294	1078
5295	1014
5296	1154
5297	972
5298	1123
5299	1018
5300	1013
5301	1130
5302	1124
5303	1162
5304	1000
5305	968
5306	1103
5307	1151
5308	1065
5309	1051
5310	1148
5311	1056
5312	1012
5313	1211
5314	1110
5315	1223
5316	1236
5317	1126
5318	1279
5319	1490
5320	1250
5321	1140
5322	1295
5323	2179
5324	1158
5325	1022
5326	1181
5327	936
5328	1107
5329	1028
5330	1034
5331	1015
5332	1031
5333	1113
5334	958
5335	1076
5336	1136
5337	1117
5338	1083
5339	1086
5340	1060
5341	1077
5342	1090
5343	1009
5344	1088
5345	1018
5346	1162
5347	1005
5348	1081
5349	960
5350	1067
5351	1100
5352	1087
5353	1140
5354	964
5355	1052
5356	1116
5357	1057
5358	1101
5359	1151
5360	1207
5361	929
5362	994
5363	1151
5364	958
5365	978
5366	1025
5367	1030
5368	1268
5369	1141
5370	1166
5371	967
5372	1012
5373	1218
5374	1026
5375	1067
5376	1021
5377	1093
5378	1089
5379	1126
5380	1083
5381	976
5382	996
5383	1081
5384	1150
5385	1075
5386	894
5387	1128
5388	1038
5389	997
5390	1164
5391	1095
5392	901
5393	1053
5394	1133
5395	1114
5396	1070
5397	886
5398	993
5399	1130
5400	1063
5401	963
5402	1165
5403	1138
5404	1024
5405	1018
5406	1201
5407	1111
5408	1070
5409	1158
5410	1088
5411	1158
5412	1132
5413	1337
5414	1113
5415	1010
5416	1078
5417	1163
5418	1027
5419	1165
5420	1166
5421	1287
5422	1165
5423	1156
5424	1250
5425	1218
5426	1155
5427	1148
5428	1125
5429	1188
5430	1176
5431	1249
5432	1161
5433	1035
5434	995
5435	1080
5436	1076
5437	1252
5438	1023
5439	1296
5440	1170
5441	1185
5442	1104
5443	1239
5444	1126
5445	1309
5446	1180
5447	1311
5448	1155
5449	1158
5450	1146
5451	1096
5452	1119
5453	1132
5454	1127
5455	1081
5456	1120
5457	1268
5458	1284
5459	1622
5460	1159
5461	1160
5462	1045
5463	1041
5464	1105
5465	1134
5466	1161
5467	1131
5468	1175
5469	1028
5470	1207
5471	1124
5472	1144
5473	1189
5474	1166
5475	1136
5476	1231
5477	1303
5478	1426
5479	1445
5480	1542
5481	1297
5482	1415
5483	1355
5484	1399
5485	1456
5486	1292
5487	1423
5488	1496
5489	1349
5490	1625
5491	1178
5492	1562
5493	1294
5494	1388
5495	1402
5496	1352
5497	1490
5498	1453
5499	1457
5500	1302
5501	1370
5502	1451
5503	1397
5504	1297
5505	1224
5506	1391
5507	1270
5508	1274
5509	1241
5510	1430
5511	1447
5512	1379
5513	1269
5514	1420
5515	1246
5516	1420
5517	1339
5518	1284
5519	1280
5520	1401
5521	1562
5522	1417
5523	1373
5524	1517
5525	1378
5526	1535
5527	1516
5528	1631
5529	1457
5530	1155
5531	1387
5532	1272
5533	1325
5534	1386
5535	1510
5536	1502
5537	1471
5538	1517
5539	1425
5540	1612
5541	1440
5542	1459
5543	1461
5544	1632
5545	1495
5546	1481
5547	1439
5548	1496
5549	1478
5550	1602
5551	1689
5552	1451
5553	1416
5554	1373
5555	1432
5556	1394
5557	1496
5558	1466
5559	1323
5560	1438
5561	1284
5562	1353
5563	1265
5564	1207
5565	1290
5566	1226
5567	1180
5568	1239
5569	1424
5570	1310
5571	1239
5572	1270
5573	1216
5574	1493
5575	1329
5576	1257
5577	1286
5578	1297
5579	1263
5580	1387
5581	1259
5582	1181
5583	1309
5584	1103
5585	1133
5586	1354
5587	1204
5588	1139
5589	1413
5590	1251
5591	1312
5592	1256
5593	1259
5594	1362
5595	1120
5596	1066
5597	1373
5598	1235
5599	1188
5600	1287
5601	1225
5602	1252
5603	1069
5604	1306
5605	1318
5606	1405
5607	1226
5608	1398
5609	1147
5610	1400
5611	1264
5612	1370
5613	1178
5614	1155
5615	1295
5616	1429
5617	994
5618	1191
5619	1025
5620	1157
5621	1162
5622	1232
5623	1294
5624	1136
5625	1160
5626	1000
5627	1168
5628	1088
5629	1120
5630	1262
5631	1130
5632	1200
5633	1097
5634	1213
5635	1211
5636	1094
5637	1278
5638	1156
5639	1171
5640	1341
5641	1233
5642	1309
5643	1213
5644	1246
5645	1295
5646	1171
5647	1150
5648	1189
5649	1243
5650	1183
5651	1218
5652	1175
5653	1285
5654	1163
5655	1167
5656	1293
5657	1331
5658	1799
5659	1767
5660	1637
5661	1291
5662	1609
5663	1578
5664	1670
5665	2237
5666	1913
5667	1789
5668	1185
5669	1124
5670	1294
5671	1215
5672	1105
5673	1150
5674	1299
5675	1239
5676	1033
5677	1023
5678	1238
5679	1178
5680	1145
5681	1350
5682	1252
5683	1229
5684	947
5685	1173
5686	1228
5687	1222
5688	1158
5689	1253
5690	1241
5691	1268
5692	1065
5693	1207
5694	1280
5695	1112
5696	1318
5697	1206
5698	1199
5699	1083
5700	1108
5701	1061
5702	1253
5703	1258
5704	1223
5705	1075
5706	1205
5707	987
5708	1080
5709	1057
5710	1069
5711	1206
5712	1178
5713	1104
5714	1122
5715	1149
5716	1213
5717	1178
5718	1064
5719	1171
5720	1268
5721	1265
5722	1148
5723	1150
5724	1276
5725	1102
5726	1146
5727	1187
5728	1142
5729	1099
5730	1134
5731	1098
5732	1192
5733	1037
5734	1178
5735	1242
5736	1137
5737	1068
5738	1106
5739	1093
5740	1130
5741	1155
5742	1183
5743	1084
5744	1172
5745	1086
5746	1460
5747	1171
5748	1059
5749	1141
5750	993
5751	1120
5752	1219
5753	1198
5754	1117
5755	1154
5756	1216
5757	1121
5758	1263
5759	1128
5760	1159
5761	1348
5762	1107
5763	1136
5764	1069
5765	1072
5766	1067
5767	1039
5768	1060
5769	1381
5770	1117
5771	1204
5772	1176
5773	1003
5774	1111
5775	1129
5776	1280
5777	1054
5778	1140
5779	1157
5780	1003
5781	1110
5782	1042
5783	1037
5784	1028
5785	1221
5786	1101
5787	1216
5788	1167
5789	1232
5790	1050
5791	1211
5792	1222
5793	1123
5794	1021
5795	963
5796	1015
5797	1074
5798	1100
5799	965
5800	1099
5801	1154
5802	1136
5803	1040
5804	1053
5805	1056
5806	1041
5807	1007
5808	1026
5809	1097
5810	1121
5811	1055
5812	1060
5813	1097
5814	1030
5815	981
5816	971
5817	1239
5818	1215
5819	1053
5820	1140
5821	1087
5822	1207
5823	1022
5824	1033
5825	1113
5826	1232
5827	1171
5828	1088
5829	945
5830	1112
5831	1138
5832	975
5833	1076
5834	979
5835	967
5836	1042
5837	1024
5838	1011
5839	1067
5840	996
5841	1037
5842	1254
5843	972
5844	1111
5845	1107
5846	1115
5847	1006
5848	1046
5849	1073
5850	1163
5851	1093
5852	1112
5853	1007
5854	1008
5855	1031
5856	1287
5857	1046
5858	839
5859	1088
5860	1082
5861	1143
5862	969
5863	1087
5864	920
5865	1070
5866	1038
5867	1070
5868	1160
5869	910
5870	1078
5871	962
5872	1272
5873	1048
5874	970
5875	943
5876	1067
5877	1022
5878	1076
5879	934
5880	1017
5881	1055
5882	1129
5883	932
5884	1177
5885	1057
5886	1001
5887	969
5888	1084
5889	926
5890	944
5891	911
5892	983
5893	1186
5894	1177
5895	885
5896	970
5897	917
5898	983
5899	995
5900	1085
5901	1062
5902	1010
5903	1024
5904	990
5905	1166
5906	1129
5907	1134
5908	1115
5909	886
5910	1001
5911	985
5912	991
5913	1060
5914	1128
5915	891
5916	930
5917	1066
5918	990
5919	1110
5920	1072
5921	1178
5922	978
5923	971
5924	999
5925	970
5926	939
5927	900
5928	1037
5929	988
5930	1197
5931	914
5932	1048
5933	862
5934	1029
5935	993
5936	1008
5937	946
5938	1081
5939	1003
5940	1050
5941	1022
5942	948
5943	919
5944	1066
5945	1090
5946	962
5947	1073
5948	888
5949	875
5950	907
5951	901
5952	906
5953	961
5954	1106
5955	985
5956	909
5957	991
5958	1027
5959	948
5960	870
5961	924
5962	945
5963	1050
5964	996
5965	1065
5966	1112
5967	1011
5968	1023
5969	1013
5970	868
5971	982
5972	1048
5973	1043
5974	930
5975	959
5976	1015
5977	1079
5978	944
5979	1049
5980	1116
5981	914
5982	996
5983	978
5984	958
5985	1009
5986	867
5987	1079
5988	828
5989	1021
5990	859
5991	914
5992	953
5993	983
5994	917
5995	973
5996	980
5997	919
5998	986
5999	976
6000	898
6001	949
6002	886
6003	972
6004	890
6005	1003
6006	1045
6007	944
6008	1048
6009	944
6010	947
6011	1085
6012	1056
6013	889
6014	1006
6015	990
6016	959
6017	992
6018	971
6019	987
6020	996
6021	960
6022	867
6023	952
6024	874
6025	1023
6026	891
6027	871
6028	1052
6029	965
6030	928
6031	936
6032	841
6033	998
6034	906
6035	984
6036	958
6037	920
6038	975
6039	1007
6040	958
6041	935
6042	922
6043	958
6044	946
6045	888
6046	895
6047	1016
6048	873
6049	1069
6050	949
6051	798
6052	1013
6053	780
6054	822
6055	770
6056	978
6057	859
6058	958
6059	871
6060	869
6061	967
6062	903
6063	1003
6064	841
6065	862
6066	823
6067	966
6068	1062
6069	945
6070	930
6071	824
6072	957
6073	1023
6074	1109
6075	905
6076	813
6077	1001
6078	813
6079	1051
6080	938
6081	888
6082	961
6083	968
6084	893
6085	926
6086	920
6087	916
6088	918
6089	1012
6090	1022
6091	865
6092	1043
6093	866
6094	1001
6095	918
6096	1009
6097	913
6098	972
6099	898
6100	991
6101	846
6102	1018
6103	1018
6104	1005
6105	885
6106	852
6107	872
6108	882
6109	929
6110	907
6111	912
6112	980
6113	875
6114	1024
6115	862
6116	1038
6117	943
6118	1027
6119	961
6120	943
6121	885
6122	986
6123	887
6124	990
6125	910
6126	880
6127	976
6128	918
6129	874
6130	937
6131	939
6132	865
6133	945
6134	914
6135	829
6136	809
6137	940
6138	1034
6139	983
6140	778
6141	912
6142	931
6143	898
6144	1009
6145	1020
6146	1008
6147	847
6148	844
6149	865
6150	770
6151	929
6152	883
6153	957
6154	921
6155	925
6156	960
6157	878
6158	846
6159	911
6160	902
6161	906
6162	904
6163	923
6164	812
6165	962
6166	939
6167	936
6168	903
6169	903
6170	803
6171	858
6172	943
6173	907
6174	730
6175	844
6176	892
6177	752
6178	809
6179	863
6180	900
6181	862
6182	783
6183	844
6184	763
6185	767
6186	740
6187	790
6188	859
6189	760
6190	808
6191	800
6192	927
6193	862
6194	753
6195	783
6196	887
6197	827
6198	779
6199	850
6200	725
6201	815
6202	949
6203	835
6204	818
6205	931
6206	747
6207	831
6208	741
6209	872
6210	791
6211	962
6212	889
6213	900
6214	873
6215	889
6216	921
6217	889
6218	866
6219	951
6220	800
6221	664
6222	876
6223	759
6224	736
6225	648
6226	756
6227	864
6228	881
6229	759
6230	863
6231	762
6232	935
6233	823
6234	877
6235	851
6236	775
6237	852
6238	914
6239	859
6240	950
6241	848
6242	906
6243	853
6244	863
6245	826
6246	699
6247	729
6248	715
6249	853
6250	881
6251	874
6252	836
6253	862
6254	976
6255	889
6256	752
6257	791
6258	860
6259	786
6260	807
6261	923
6262	837
6263	856
6264	740
6265	818
6266	845
6267	877
6268	917
6269	880
6270	747
6271	877
6272	848
6273	1003
6274	907
6275	859
6276	920
6277	878
6278	862
6279	869
6280	804
6281	815
6282	729
6283	774
6284	847
6285	808
6286	850
6287	901
6288	819
6289	859
6290	829
6291	777
6292	930
6293	887
6294	789
6295	794
6296	1007
6297	829
6298	910
6299	848
6300	909
6301	908
6302	814
6303	858
6304	812
6305	933
6306	865
6307	892
6308	976
6309	972
6310	906
6311	912
6312	831
6313	954
6314	749
6315	811
6316	818
6317	988
6318	938
6319	897
6320	833
6321	997
6322	958
6323	998
6324	946
6325	916
6326	924
6327	911
6328	1037
6329	1005
6330	958
6331	989
6332	981
6333	1029
6334	859
6335	987
6336	923
6337	979
6338	1009
6339	1011
6340	1011
6341	939
6342	983
6343	988
6344	979
6345	980
6346	1022
6347	1027
6348	1025
6349	1061
6350	1060
6351	835
6352	1015
6353	943
6354	1142
6355	973
6356	1055
6357	899
6358	890
6359	904
6360	997
6361	964
6362	1053
6363	882
6364	974
6365	826
6366	925
6367	947
6368	833
6369	811
6370	861
6371	946
6372	824
6373	969
6374	955
6375	953
6376	861
6377	933
6378	902
6379	937
6380	992
6381	857
6382	968
6383	1011
6384	900
6385	957
6386	933
6387	877
6388	892
6389	951
6390	857
6391	927
6392	768
6393	901
6394	1056
6395	900
6396	839
6397	899
6398	877
6399	923
6400	904
6401	943
6402	845
6403	806
6404	936
6405	910
6406	888
6407	981
6408	968
6409	971
6410	916
6411	942
6412	960
6413	935
6414	954
6415	912
6416	967
6417	874
6418	1033
6419	1017
6420	920
6421	890
6422	896
6423	778
6424	970
6425	991
6426	1011
6427	997
6428	933
6429	897
6430	901
6431	929
6432	889
6433	945
6434	911
6435	961
6436	932
6437	925
6438	763
6439	962
6440	973
6441	892
6442	851
6443	1030
6444	1033
6445	845
6446	921
6447	801
6448	1001
6449	872
6450	815
6451	745
6452	822
6453	916
6454	909
6455	807
6456	913
6457	781
6458	904
6459	765
6460	880
6461	795
6462	785
6463	811
6464	913
6465	794
6466	847
6467	855
6468	849
6469	712
6470	899
6471	978
6472	854
6473	798
6474	897
6475	906
6476	705
6477	823
6478	819
6479	864
6480	814
6481	929
6482	912
6483	886
6484	856
6485	907
6486	841
6487	915
6488	882
6489	856
6490	1011
6491	981
6492	900
6493	1054
6494	794
6495	890
6496	905
6497	853
6498	896
6499	885
6500	860
6501	919
6502	861
6503	945
6504	952
6505	883
6506	855
6507	748
6508	900
6509	848
6510	987
6511	887
6512	945
6513	1046
6514	968
6515	1017
6516	785
6517	997
6518	847
6519	922
6520	887
6521	872
6522	877
6523	927
6524	846
6525	883
6526	967
6527	948
6528	981
6529	961
6530	1009
6531	923
6532	961
6533	801
6534	814
6535	936
6536	861
6537	939
6538	969
6539	938
6540	1114
6541	857
6542	873
6543	970
6544	914
6545	751
6546	873
6547	1061
6548	697
6549	776
6550	923
6551	899
6552	824
6553	962
6554	752
6555	822
6556	854
6557	875
6558	912
6559	886
6560	890
6561	879
6562	801
6563	827
6564	950
6565	890
6566	748
6567	941
6568	921
6569	741
6570	909
6571	808
6572	744
6573	816
6574	958
6575	818
6576	864
6577	904
6578	801
6579	878
6580	904
6581	760
6582	704
6583	999
6584	986
6585	849
6586	926
6587	794
6588	870
6589	866
6590	762
6591	785
6592	826
6593	766
6594	770
6595	813
6596	849
6597	891
6598	822
6599	732
6600	895
6601	928
6602	817
6603	832
6604	831
6605	862
6606	862
6607	767
6608	723
6609	912
6610	712
6611	794
6612	807
6613	708
6614	828
6615	812
6616	814
6617	847
6618	869
6619	745
6620	821
6621	782
6622	864
6623	844
6624	856
6625	863
6626	753
6627	743
6628	719
6629	718
6630	787
6631	761
6632	761
6633	715
6634	683
6635	676
6636	884
6637	710
6638	708
6639	699
6640	830
6641	846
6642	712
6643	775
6644	727
6645	668
6646	741
6647	785
6648	726
6649	743
6650	795
6651	815
6652	739
6653	718
6654	790
6655	751
6656	668
6657	638
6658	678
6659	683
6660	759
6661	694
6662	816
6663	790
6664	750
6665	688
6666	754
6667	676
6668	738
6669	785
6670	781
6671	767
6672	747
6673	649
6674	790
6675	747
6676	732
6677	750
6678	720
6679	779
6680	672
6681	699
6682	676
6683	876
6684	779
6685	688
6686	706
6687	709
6688	819
6689	775
6690	824
6691	780
6692	770
6693	580
6694	708
6695	624
6696	823
6697	760
6698	733
6699	693
6700	810
6701	878
6702	627
6703	692
6704	763
6705	752
6706	754
6707	654
6708	775
6709	690
6710	782
6711	752
6712	630
6713	808
6714	818
6715	793
6716	801
6717	766
6718	887
6719	832
6720	891
6721	812
6722	782
6723	869
6724	804
6725	848
6726	886
6727	895
6728	830
6729	762
6730	750
6731	848
6732	818
6733	778
6734	758
6735	825
6736	781
6737	645
6738	715
6739	827
6740	711
6741	840
6742	740
6743	793
6744	847
6745	839
6746	795
6747	845
6748	838
6749	890
6750	787
6751	725
6752	835
6753	704
6754	897
6755	822
6756	827
6757	885
6758	851
6759	716
6760	793
6761	776
6762	774
6763	654
6764	771
6765	841
6766	812
6767	845
6768	895
6769	928
6770	714
6771	708
6772	800
6773	925
6774	696
6775	746
6776	801
6777	794
6778	866
6779	669
6780	797
6781	808
6782	686
6783	829
6784	809
6785	817
6786	824
6787	775
6788	767
6789	800
6790	804
6791	790
6792	818
6793	850
6794	784
6795	769
6796	866
6797	731
6798	828
6799	761
6800	798
6801	781
6802	739
6803	690
6804	761
6805	713
6806	749
6807	740
6808	815
6809	856
6810	815
6811	721
6812	777
6813	828
6814	692
6815	848
6816	774
6817	781
6818	770
6819	704
6820	744
6821	658
6822	661
6823	719
6824	791
6825	714
6826	802
6827	764
6828	695
6829	780
6830	762
6831	748
6832	837
6833	741
6834	855
6835	733
6836	815
6837	816
6838	784
6839	728
6840	801
6841	754
6842	753
6843	734
6844	829
6845	789
6846	749
6847	842
6848	709
6849	753
6850	723
6851	637
6852	904
6853	675
6854	818
6855	791
6856	717
6857	835
6858	707
6859	705
6860	914
6861	721
6862	630
6863	771
6864	626
6865	784
6866	792
6867	808
6868	839
6869	764
6870	700
6871	819
6872	845
6873	765
6874	766
6875	805
6876	817
6877	786
6878	784
6879	799
6880	733
6881	764
6882	731
6883	762
6884	710
6885	821
6886	697
6887	762
6888	856
6889	702
6890	768
6891	741
6892	739
6893	742
6894	760
6895	767
6896	710
6897	822
6898	877
6899	867
6900	788
6901	816
6902	787
6903	861
6904	715
6905	824
6906	764
6907	858
6908	929
6909	746
6910	815
6911	748
6912	871
6913	737
6914	761
6915	721
6916	880
6917	781
6918	772
6919	756
6920	802
6921	870
6922	826
6923	718
6924	744
6925	911
6926	847
6927	724
6928	778
6929	735
6930	822
6931	755
6932	799
6933	817
6934	714
6935	880
6936	734
6937	825
6938	753
6939	769
6940	749
6941	801
6942	789
6943	810
6944	832
6945	951
6946	768
6947	729
6948	867
6949	785
6950	727
6951	876
6952	800
6953	769
6954	756
6955	865
6956	853
6957	759
6958	813
6959	741
6960	877
6961	683
6962	734
6963	771
6964	814
6965	844
6966	709
6967	663
6968	757
6969	829
6970	777
6971	828
6972	742
6973	764
6974	809
6975	715
6976	771
6977	710
6978	761
6979	733
6980	726
6981	972
6982	830
6983	705
6984	821
6985	699
6986	829
6987	785
6988	738
6989	855
6990	626
6991	653
6992	705
6993	743
6994	695
6995	724
6996	619
6997	747
6998	765
6999	872
7000	726
7001	716
7002	725
7003	828
7004	751
7005	789
7006	813
7007	818
7008	784
7009	724
7010	732
7011	704
7012	715
7013	722
7014	861
7015	868
7016	784
7017	809
7018	730
7019	688
7020	734
7021	697
7022	661
7023	721
7024	687
7025	740
7026	656
7027	640
7028	817
7029	708
7030	733
7031	695
7032	750
7033	623
7034	679
7035	715
7036	738
7037	777
7038	769
7039	748
7040	766
7041	755
7042	721
7043	645
7044	697
7045	698
7046	755
7047	748
7048	788
7049	689
7050	812
7051	759
7052	666
7053	772
7054	631
7055	595
7056	748
7057	750
7058	749
7059	772
7060	745
7061	835
7062	686
7063	750
7064	677
7065	773
7066	720
7067	779
7068	751
7069	743
7070	639
7071	746
7072	660
7073	735
7074	791
7075	723
7076	697
7077	727
7078	669
7079	817
7080	817
7081	660
7082	697
7083	658
7084	784
7085	714
7086	693
7087	667
7088	654
7089	768
7090	786
7091	641
7092	748
7093	772
7094	614
7095	602
7096	689
7097	724
7098	786
7099	637
7100	649
7101	866
7102	732
7103	716
7104	801
7105	716
7106	727
7107	744
7108	604
7109	766
7110	691
7111	697
7112	643
7113	783
7114	696
7115	733
7116	693
7117	692
7118	722
7119	619
7120	667
7121	746
7122	703
7123	651
7124	711
7125	749
7126	744
7127	779
7128	682
7129	701
7130	882
7131	695
7132	773
7133	874
7134	711
7135	720
7136	749
7137	756
7138	766
7139	806
7140	640
7141	731
7142	634
7143	714
7144	678
7145	823
7146	692
7147	737
7148	706
7149	790
7150	669
7151	805
7152	678
7153	720
7154	759
7155	718
7156	702
7157	641
7158	803
7159	759
7160	790
7161	673
7162	781
7163	820
7164	752
7165	854
7166	848
7167	844
7168	809
7169	724
7170	744
7171	645
7172	792
7173	718
7174	654
7175	818
7176	644
7177	842
7178	738
7179	631
7180	605
7181	765
7182	749
7183	728
7184	745
7185	881
7186	807
7187	738
7188	870
7189	821
7190	749
7191	826
7192	801
7193	827
7194	810
7195	692
7196	873
7197	836
7198	767
7199	831
7200	832
7201	744
7202	732
7203	827
7204	743
7205	777
7206	905
7207	812
7208	819
7209	820
7210	828
7211	911
7212	661
7213	789
7214	761
7215	875
7216	852
7217	739
7218	680
7219	822
7220	784
7221	780
7222	812
7223	845
7224	778
7225	785
7226	856
7227	783
7228	746
7229	929
7230	849
7231	724
7232	823
7233	851
7234	833
7235	720
7236	787
7237	852
7238	814
7239	918
7240	707
7241	675
7242	692
7243	752
7244	726
7245	769
7246	696
7247	741
7248	802
7249	658
7250	725
7251	812
7252	737
7253	704
7254	641
7255	793
7256	779
7257	781
7258	798
7259	931
7260	751
7261	795
7262	774
7263	720
7264	758
7265	676
7266	738
7267	658
7268	649
7269	733
7270	760
7271	794
7272	838
7273	721
7274	761
7275	674
7276	716
7277	764
7278	728
7279	726
7280	665
7281	737
7282	750
7283	723
7284	640
7285	745
7286	886
7287	729
7288	689
7289	717
7290	765
7291	770
7292	664
7293	706
7294	788
7295	817
7296	661
7297	713
7298	668
7299	660
7300	631
7301	740
7302	720
7303	593
7304	711
7305	788
7306	640
7307	767
7308	666
7309	600
7310	653
7311	703
7312	729
7313	692
7314	638
7315	704
7316	680
7317	659
7318	746
7319	669
7320	687
7321	574
7322	711
7323	587
7324	656
7325	755
7326	686
7327	677
7328	645
7329	709
7330	629
7331	641
7332	624
7333	706
7334	616
7335	689
7336	708
7337	786
7338	671
7339	688
7340	794
7341	667
7342	645
7343	596
7344	732
7345	727
7346	694
7347	620
7348	634
7349	667
7350	610
7351	692
7352	729
7353	733
7354	704
7355	677
7356	760
7357	710
7358	667
7359	728
7360	614
7361	661
7362	767
7363	644
7364	592
7365	675
7366	630
7367	594
7368	592
7369	558
7370	595
7371	611
7372	696
7373	649
7374	636
7375	630
7376	617
7377	618
7378	573
7379	646
7380	635
7381	684
7382	711
7383	635
7384	692
7385	551
7386	609
7387	624
7388	631
7389	643
7390	567
7391	675
7392	748
7393	651
7394	670
7395	618
7396	656
7397	715
7398	635
7399	629
7400	700
7401	659
7402	795
7403	702
7404	699
7405	643
7406	659
7407	714
7408	739
7409	634
7410	705
7411	670
7412	639
7413	722
7414	620
7415	728
7416	674
7417	669
7418	739
7419	683
7420	665
7421	632
7422	623
7423	586
7424	686
7425	716
7426	704
7427	646
7428	560
7429	590
7430	526
7431	641
7432	533
7433	613
7434	669
7435	671
7436	642
7437	710
7438	610
7439	684
7440	649
7441	654
7442	685
7443	662
7444	686
7445	611
7446	646
7447	632
7448	624
7449	569
7450	649
7451	737
7452	629
7453	650
7454	598
7455	600
7456	712
7457	667
7458	648
7459	612
7460	563
7461	800
7462	684
7463	633
7464	537
7465	582
7466	700
7467	519
7468	612
7469	703
7470	582
7471	639
7472	560
7473	557
7474	499
7475	633
7476	665
7477	502
7478	584
7479	569
7480	623
7481	652
7482	681
7483	729
7484	604
7485	623
7486	555
7487	465
7488	485
7489	579
7490	588
7491	536
7492	502
7493	622
7494	574
7495	611
7496	685
7497	692
7498	551
7499	568
7500	617
7501	590
7502	631
7503	688
7504	659
7505	614
7506	646
7507	583
7508	705
7509	592
7510	679
7511	661
7512	681
7513	727
7514	671
7515	648
7516	604
7517	769
7518	588
7519	710
7520	677
7521	668
7522	702
7523	632
7524	735
7525	561
7526	552
7527	701
7528	587
7529	694
7530	700
7531	650
7532	536
7533	609
7534	631
7535	604
7536	582
7537	526
7538	659
7539	682
7540	668
7541	681
7542	702
7543	570
7544	519
7545	643
7546	686
7547	708
7548	631
7549	656
7550	627
7551	641
7552	627
7553	591
7554	728
7555	563
7556	562
7557	689
7558	539
7559	710
7560	586
7561	624
7562	676
7563	608
7564	587
7565	682
7566	576
7567	803
7568	730
7569	639
7570	625
7571	591
7572	736
7573	602
7574	606
7575	524
7576	696
7577	606
7578	570
7579	548
7580	629
7581	686
7582	603
7583	661
7584	549
7585	601
7586	562
7587	660
7588	564
7589	595
7590	630
7591	601
7592	542
7593	630
7594	554
7595	718
7596	560
7597	639
7598	664
7599	573
7600	583
7601	620
7602	632
7603	612
7604	623
7605	590
7606	605
7607	527
7608	547
7609	595
7610	650
7611	508
7612	642
7613	662
7614	659
7615	592
7616	437
7617	557
7618	595
7619	434
7620	579
7621	550
7622	584
7623	598
7624	599
7625	639
7626	561
7627	610
7628	712
7629	632
7630	608
7631	593
7632	602
7633	621
7634	567
7635	670
7636	614
7637	566
7638	591
7639	701
7640	663
7641	533
7642	612
7643	624
7644	547
7645	659
7646	658
7647	619
7648	638
7649	724
7650	699
7651	652
7652	652
7653	583
7654	581
7655	605
7656	697
7657	631
7658	613
7659	668
7660	715
7661	696
7662	673
7663	652
7664	669
7665	616
7666	661
7667	571
7668	606
7669	647
7670	612
7671	605
7672	635
7673	583
7674	629
7675	671
7676	659
7677	635
7678	583
7679	600
7680	583
7681	675
7682	624
7683	642
7684	651
7685	550
7686	640
7687	584
7688	525
7689	666
7690	631
7691	660
7692	670
7693	637
7694	613
7695	653
7696	556
7697	641
7698	641
7699	754
7700	522

