## htsjdk.samtools.metrics.StringHeader
# CollectInsertSizeMetrics HISTOGRAM_FILE=/work/ugbogu/pipeline/data/nbl/GSE189367/results/picard/SRR17011025_insert_size_histogram.pdf MINIMUM_PCT=0.5 INPUT=/work/ugbogu/pipeline/data/nbl/GSE189367/results/star/SRR17011025.Aligned.sortedByCoord.out.bam OUTPUT=/work/ugbogu/pipeline/data/nbl/GSE189367/results/picard/SRR17011025_insert_size_metrics.txt    DEVIATIONS=10.0 METRIC_ACCUMULATION_LEVEL=[ALL_READS] INCLUDE_DUPLICATES=false ASSUME_SORTED=true STOP_AFTER=0 VERBOSITY=INFO QUIET=false VALIDATION_STRINGENCY=STRICT COMPRESSION_LEVEL=5 MAX_RECORDS_IN_RAM=500000 CREATE_INDEX=false CREATE_MD5_FILE=false USE_JDK_DEFLATER=false USE_JDK_INFLATER=false
## htsjdk.samtools.metrics.StringHeader
# Started on: Fri Apr 17 02:04:04 UTC 2026

## METRICS CLASS	picard.analysis.InsertSizeMetrics
MEDIAN_INSERT_SIZE	MODE_INSERT_SIZE	MEDIAN_ABSOLUTE_DEVIATION	MIN_INSERT_SIZE	MAX_INSERT_SIZE	MEAN_INSERT_SIZE	STANDARD_DEVIATION	READ_PAIRS	PAIR_ORIENTATION	WIDTH_OF_10_PERCENT	WIDTH_OF_20_PERCENT	WIDTH_OF_30_PERCENT	WIDTH_OF_40_PERCENT	WIDTH_OF_50_PERCENT	WIDTH_OF_60_PERCENT	WIDTH_OF_70_PERCENT	WIDTH_OF_80_PERCENT	WIDTH_OF_90_PERCENT	WIDTH_OF_95_PERCENT	WIDTH_OF_99_PERCENT	SAMPLE	LIBRARY	READ_GROUP
770	151	630	27	3177799	1286.314309	1622.37609	33087337	FR	551	929	1093	1191	1261	1435	3711	8115	22845	73803	163019			

## HISTOGRAM	java.lang.Integer
insert_size	All_Reads.fr_count
27	1
28	1
29	4
30	7
31	5
32	14
33	15
34	29
35	277
36	314
37	372
38	411
39	404
40	479
41	437
42	394
43	424
44	455
45	439
46	451
47	507
48	552
49	596
50	563
51	579
52	598
53	612
54	568
55	676
56	702
57	714
58	941
59	928
60	911
61	1055
62	1074
63	1201
64	1191
65	1333
66	1467
67	1593
68	1822
69	1760
70	1933
71	2517
72	2220
73	2787
74	3034
75	5201
76	3486
77	3567
78	4101
79	4299
80	4496
81	5144
82	5469
83	6243
84	6792
85	7736
86	8477
87	9036
88	9838
89	10626
90	11916
91	13377
92	14220
93	15176
94	16718
95	18403
96	20318
97	22893
98	24145
99	25892
100	26330
101	28148
102	29811
103	32629
104	35111
105	38284
106	39404
107	42069
108	44220
109	46622
110	48551
111	49824
112	53049
113	54449
114	57013
115	60494
116	63913
117	66724
118	73600
119	68272
120	75131
121	78748
122	75164
123	78071
124	77824
125	77537
126	78396
127	81800
128	82276
129	86053
130	86712
131	89929
132	87299
133	91890
134	91650
135	89669
136	90362
137	90836
138	90732
139	92403
140	93274
141	94038
142	92467
143	93274
144	93190
145	93126
146	91244
147	91796
148	93658
149	92577
150	92644
151	94325
152	91828
153	92552
154	91437
155	90379
156	89496
157	90548
158	89555
159	88597
160	88043
161	88633
162	87158
163	87133
164	86212
165	85644
166	86422
167	86440
168	85104
169	85179
170	83547
171	82412
172	82828
173	82921
174	81626
175	81246
176	79449
177	77246
178	78281
179	77435
180	77584
181	76317
182	75352
183	73815
184	72714
185	72667
186	71854
187	71120
188	70468
189	68801
190	69655
191	68672
192	68250
193	66431
194	66579
195	66380
196	65532
197	65557
198	64469
199	63743
200	63795
201	62774
202	61934
203	62140
204	60468
205	59995
206	59837
207	58979
208	58298
209	58077
210	56554
211	56998
212	56888
213	55296
214	55232
215	54973
216	54300
217	54405
218	54151
219	53781
220	53361
221	53597
222	52289
223	51469
224	51756
225	51001
226	51844
227	51474
228	49848
229	50305
230	49149
231	48463
232	48282
233	47299
234	47710
235	46618
236	46172
237	44892
238	45014
239	44782
240	44093
241	44050
242	43601
243	43166
244	43082
245	42142
246	41816
247	41309
248	40798
249	40410
250	40632
251	40467
252	39349
253	39218
254	38912
255	39037
256	38461
257	37983
258	37288
259	37310
260	36766
261	36647
262	36710
263	36195
264	35379
265	34580
266	34922
267	34501
268	34451
269	33795
270	33881
271	34039
272	32990
273	33354
274	33091
275	32272
276	31691
277	31533
278	31192
279	31003
280	30568
281	30643
282	30812
283	30590
284	30251
285	29405
286	29452
287	28919
288	28816
289	28363
290	27866
291	27700
292	27868
293	27516
294	27438
295	26944
296	26634
297	26303
298	25918
299	25661
300	25324
301	25117
302	25272
303	24743
304	24669
305	24173
306	24063
307	23919
308	23519
309	23517
310	23308
311	22916
312	23297
313	23201
314	23073
315	22706
316	22092
317	22230
318	21548
319	21384
320	21390
321	21248
322	21536
323	20979
324	21112
325	21033
326	20384
327	20077
328	20016
329	19994
330	19683
331	19679
332	19322
333	19006
334	19138
335	18845
336	18345
337	18645
338	18246
339	18141
340	18196
341	17966
342	17897
343	17565
344	17555
345	17599
346	17672
347	17282
348	16853
349	16679
350	16484
351	16617
352	16353
353	16417
354	16450
355	16020
356	15839
357	15793
358	15336
359	15590
360	15427
361	15456
362	15464
363	15105
364	14924
365	14722
366	15211
367	15169
368	14723
369	14530
370	14031
371	14183
372	14260
373	14165
374	13894
375	14029
376	13965
377	13617
378	13395
379	13432
380	13590
381	13413
382	12843
383	13210
384	13087
385	12964
386	13172
387	13002
388	12603
389	12549
390	12990
391	12723
392	12224
393	12529
394	12229
395	12034
396	12167
397	11864
398	12108
399	11810
400	11563
401	11948
402	11471
403	11647
404	11472
405	11184
406	11231
407	11253
408	11427
409	11038
410	11286
411	11149
412	10991
413	10816
414	11130
415	10601
416	10896
417	10668
418	10774
419	10363
420	10501
421	10296
422	10309
423	10139
424	10466
425	9851
426	10079
427	9966
428	9899
429	9815
430	9876
431	9877
432	9672
433	9881
434	9713
435	9631
436	9848
437	9543
438	9766
439	9756
440	9545
441	9507
442	9360
443	9244
444	9474
445	9118
446	9203
447	9167
448	9242
449	9399
450	8867
451	8830
452	9236
453	9193
454	9257
455	8947
456	8762
457	8801
458	8702
459	8631
460	8498
461	8306
462	8426
463	8408
464	8550
465	8500
466	8456
467	8330
468	8308
469	8179
470	7945
471	8231
472	8187
473	8109
474	7942
475	7983
476	7977
477	7940
478	8008
479	7939
480	7855
481	7845
482	7987
483	7742
484	7738
485	7910
486	7939
487	7811
488	7756
489	7640
490	7633
491	7912
492	7767
493	7677
494	7804
495	7655
496	7741
497	7616
498	7732
499	7566
500	7812
501	7691
502	7318
503	7786
504	7477
505	7501
506	7499
507	7713
508	7688
509	7557
510	7477
511	7407
512	7539
513	7344
514	7580
515	7361
516	7486
517	7284
518	7586
519	7424
520	7549
521	7369
522	7382
523	7516
524	7395
525	7270
526	7522
527	7373
528	7426
529	7221
530	7391
531	7463
532	7167
533	7567
534	7640
535	7582
536	7531
537	7464
538	7217
539	7426
540	7542
541	7542
542	7382
543	7330
544	7122
545	7070
546	7140
547	7223
548	7187
549	7136
550	7033
551	7203
552	7376
553	7241
554	6911
555	7102
556	7023
557	7046
558	7191
559	7245
560	7021
561	6962
562	7025
563	7221
564	6928
565	7075
566	7003
567	6752
568	6745
569	6858
570	6960
571	6985
572	7055
573	6930
574	7019
575	7006
576	6836
577	6875
578	6837
579	6791
580	6898
581	6973
582	6859
583	6937
584	6870
585	6893
586	6934
587	7041
588	6958
589	7119
590	6917
591	6966
592	7011
593	6778
594	6705
595	6807
596	7005
597	6748
598	6614
599	6880
600	6664
601	6688
602	6753
603	6710
604	6895
605	6499
606	6664
607	6492
608	6573
609	6601
610	6650
611	6404
612	6592
613	6522
614	6510
615	6361
616	6559
617	6442
618	6384
619	6631
620	6391
621	6317
622	6487
623	6598
624	6685
625	6710
626	6375
627	6253
628	6462
629	6380
630	6400
631	6386
632	6446
633	6380
634	6741
635	6473
636	6519
637	6325
638	6413
639	6504
640	6333
641	6396
642	6514
643	6358
644	6549
645	6392
646	6307
647	6492
648	6329
649	6610
650	6371
651	6456
652	6496
653	6314
654	6471
655	6089
656	6360
657	6389
658	6410
659	6264
660	6230
661	6333
662	6352
663	6305
664	6630
665	6269
666	6339
667	6452
668	6342
669	6462
670	6520
671	6326
672	6210
673	6401
674	6122
675	6154
676	6404
677	6421
678	6511
679	6300
680	6349
681	6187
682	6098
683	6444
684	6106
685	6310
686	6165
687	6240
688	6117
689	6408
690	6380
691	6468
692	6332
693	6112
694	6219
695	6236
696	6080
697	6381
698	6336
699	6168
700	6271
701	6201
702	6397
703	6107
704	6100
705	6357
706	6184
707	6197
708	6123
709	6132
710	6021
711	6329
712	6297
713	6132
714	6156
715	6116
716	6128
717	6109
718	6085
719	6164
720	6087
721	6014
722	6368
723	6309
724	6380
725	6173
726	6062
727	6109
728	6198
729	6075
730	6216
731	6107
732	6142
733	6193
734	6275
735	5911
736	6317
737	6112
738	5984
739	6076
740	6035
741	6177
742	6065
743	6095
744	6226
745	6149
746	6035
747	5963
748	6129
749	5978
750	6001
751	5998
752	6221
753	6064
754	6216
755	6106
756	5978
757	6078
758	6177
759	6105
760	6179
761	5894
762	6143
763	6265
764	6164
765	6090
766	6137
767	5956
768	6282
769	5835
770	6162
771	6061
772	6147
773	6198
774	5986
775	5988
776	5939
777	6026
778	5806
779	6035
780	6135
781	5928
782	6069
783	5799
784	6062
785	5995
786	6197
787	6161
788	6004
789	5908
790	5959
791	5979
792	5747
793	6021
794	5881
795	5876
796	5808
797	5871
798	5945
799	6101
800	5805
801	5840
802	5932
803	5864
804	5933
805	5833
806	5968
807	5975
808	5994
809	5968
810	5792
811	5932
812	5696
813	5698
814	5958
815	5963
816	5948
817	5937
818	5994
819	5725
820	5723
821	5772
822	5787
823	5929
824	5847
825	5618
826	5895
827	5734
828	5676
829	5753
830	5849
831	5818
832	5671
833	5900
834	5842
835	5778
836	5824
837	6076
838	5712
839	5774
840	5940
841	5712
842	5870
843	5702
844	5947
845	5902
846	5801
847	5630
848	5568
849	5534
850	5738
851	5469
852	5727
853	5719
854	5581
855	5575
856	5482
857	5688
858	5587
859	5624
860	5788
861	5605
862	5683
863	5699
864	5548
865	5564
866	5416
867	5592
868	5651
869	5648
870	5763
871	5664
872	5587
873	5692
874	5506
875	5537
876	5538
877	5499
878	5632
879	5601
880	5662
881	5348
882	5503
883	5551
884	5518
885	5526
886	5606
887	5442
888	5300
889	5403
890	5447
891	5497
892	5458
893	5312
894	5363
895	5544
896	5382
897	5665
898	5312
899	5495
900	5566
901	5213
902	5334
903	5508
904	5356
905	5231
906	5280
907	5422
908	5291
909	5520
910	5255
911	5449
912	5197
913	5566
914	5264
915	5321
916	5506
917	5401
918	5316
919	5384
920	5362
921	5343
922	5212
923	5288
924	5311
925	5368
926	5427
927	5422
928	5391
929	5372
930	5118
931	5264
932	5368
933	5275
934	5358
935	5417
936	5282
937	5287
938	5332
939	5017
940	5319
941	5162
942	5383
943	5072
944	5168
945	5396
946	5245
947	4941
948	5233
949	5058
950	4952
951	5137
952	5195
953	5170
954	5121
955	5119
956	5152
957	5162
958	5121
959	4980
960	5129
961	5038
962	5312
963	4922
964	5100
965	5170
966	5129
967	5030
968	4993
969	4887
970	4947
971	4880
972	5115
973	5091
974	5357
975	4905
976	4957
977	5149
978	5113
979	5035
980	4979
981	4846
982	4926
983	4972
984	5066
985	4996
986	5069
987	5240
988	5131
989	4985
990	5039
991	5041
992	5031
993	4935
994	5057
995	5043
996	4916
997	4840
998	4862
999	4834
1000	4976
1001	4911
1002	4956
1003	4773
1004	5074
1005	4926
1006	4999
1007	4782
1008	5107
1009	5070
1010	4911
1011	4880
1012	4979
1013	4920
1014	5317
1015	4938
1016	4811
1017	5083
1018	5061
1019	4947
1020	4949
1021	4838
1022	5031
1023	4872
1024	4826
1025	4832
1026	4935
1027	4864
1028	4695
1029	4868
1030	4467
1031	4777
1032	4685
1033	4799
1034	4695
1035	4741
1036	4675
1037	4824
1038	4765
1039	4572
1040	4620
1041	4582
1042	4635
1043	4570
1044	4723
1045	4865
1046	4909
1047	4799
1048	4800
1049	4599
1050	4722
1051	4853
1052	4883
1053	4556
1054	4488
1055	4511
1056	4588
1057	4785
1058	4856
1059	4568
1060	4416
1061	4475
1062	4644
1063	4655
1064	4432
1065	4402
1066	4454
1067	4403
1068	4601
1069	4471
1070	4540
1071	4560
1072	4537
1073	4468
1074	4536
1075	4457
1076	4500
1077	4483
1078	4658
1079	4495
1080	4416
1081	4334
1082	4470
1083	4537
1084	4613
1085	4683
1086	4593
1087	4420
1088	4463
1089	4417
1090	4317
1091	4373
1092	4451
1093	4462
1094	4631
1095	4530
1096	4325
1097	4181
1098	4430
1099	4410
1100	4404
1101	4326
1102	4318
1103	4041
1104	4349
1105	4218
1106	4187
1107	4325
1108	4317
1109	4518
1110	4263
1111	4178
1112	4269
1113	4354
1114	4240
1115	4173
1116	4289
1117	4366
1118	4391
1119	4494
1120	4372
1121	4094
1122	4351
1123	4280
1124	4304
1125	4417
1126	4229
1127	4324
1128	4359
1129	4371
1130	4402
1131	4453
1132	4307
1133	4334
1134	4434
1135	4266
1136	4247
1137	4150
1138	4276
1139	4321
1140	4256
1141	4534
1142	4261
1143	4120
1144	4411
1145	4212
1146	4186
1147	4216
1148	4350
1149	4281
1150	4104
1151	4519
1152	4282
1153	4273
1154	4444
1155	4327
1156	4236
1157	4396
1158	4328
1159	4221
1160	4496
1161	4464
1162	4369
1163	4337
1164	4318
1165	4418
1166	4326
1167	4221
1168	4304
1169	4326
1170	4423
1171	4510
1172	4204
1173	4354
1174	4350
1175	4262
1176	4211
1177	4313
1178	4178
1179	4197
1180	4284
1181	4270
1182	4195
1183	4141
1184	4336
1185	4328
1186	4153
1187	4283
1188	4410
1189	4245
1190	4269
1191	4155
1192	4428
1193	4374
1194	4185
1195	4249
1196	4237
1197	4357
1198	4202
1199	4356
1200	4237
1201	4149
1202	4123
1203	4373
1204	4044
1205	4182
1206	4330
1207	4228
1208	4207
1209	4241
1210	4253
1211	4145
1212	4318
1213	4123
1214	4166
1215	4174
1216	4151
1217	4242
1218	4295
1219	4250
1220	4251
1221	4338
1222	4296
1223	4259
1224	4457
1225	4257
1226	4344
1227	4276
1228	4216
1229	4354
1230	4135
1231	4237
1232	4159
1233	4360
1234	4351
1235	4318
1236	4221
1237	4216
1238	4190
1239	4282
1240	4171
1241	4275
1242	4192
1243	4182
1244	3972
1245	4129
1246	4092
1247	4381
1248	4093
1249	4195
1250	4290
1251	4208
1252	4213
1253	4266
1254	4327
1255	4215
1256	4198
1257	4399
1258	4165
1259	4216
1260	4393
1261	4074
1262	4257
1263	4611
1264	4496
1265	4225
1266	4346
1267	4265
1268	4461
1269	4275
1270	4242
1271	4113
1272	4110
1273	4207
1274	4150
1275	4242
1276	4095
1277	4205
1278	4215
1279	4188
1280	4124
1281	4215
1282	4002
1283	4049
1284	4136
1285	4024
1286	4045
1287	4037
1288	4054
1289	4056
1290	4136
1291	4050
1292	4161
1293	4029
1294	4046
1295	4061
1296	4195
1297	4131
1298	4206
1299	4233
1300	4130
1301	4259
1302	4038
1303	4126
1304	4169
1305	4155
1306	4207
1307	4292
1308	4141
1309	4169
1310	4299
1311	4267
1312	4064
1313	4217
1314	4331
1315	4197
1316	4193
1317	4203
1318	4206
1319	4004
1320	4079
1321	4078
1322	4054
1323	4141
1324	4436
1325	4122
1326	4399
1327	4033
1328	4084
1329	4125
1330	3947
1331	4062
1332	4174
1333	4095
1334	4185
1335	3875
1336	3992
1337	3980
1338	3990
1339	3959
1340	4009
1341	4138
1342	4008
1343	4164
1344	4064
1345	4031
1346	4123
1347	4084
1348	4119
1349	4001
1350	3963
1351	4174
1352	4073
1353	3967
1354	4030
1355	3955
1356	4011
1357	3928
1358	4132
1359	3900
1360	3965
1361	3969
1362	3926
1363	3946
1364	3937
1365	4094
1366	3867
1367	3895
1368	3929
1369	4153
1370	3838
1371	3956
1372	3911
1373	4006
1374	3849
1375	3934
1376	3921
1377	3786
1378	3942
1379	3831
1380	3935
1381	3938
1382	4003
1383	3949
1384	3812
1385	3887
1386	3870
1387	4054
1388	3814
1389	3913
1390	3834
1391	3918
1392	3904
1393	3956
1394	4072
1395	3985
1396	3942
1397	3998
1398	3819
1399	3890
1400	3826
1401	3836
1402	3968
1403	3913
1404	3744
1405	3808
1406	3767
1407	3889
1408	3977
1409	3990
1410	3592
1411	3836
1412	3915
1413	3826
1414	3715
1415	3829
1416	3899
1417	3978
1418	3919
1419	3604
1420	3787
1421	3591
1422	3555
1423	3704
1424	3770
1425	3722
1426	3725
1427	3831
1428	3824
1429	3814
1430	3870
1431	3725
1432	3699
1433	3706
1434	3864
1435	3698
1436	3762
1437	3701
1438	3890
1439	3911
1440	3675
1441	3829
1442	3813
1443	3883
1444	3681
1445	3703
1446	3517
1447	3599
1448	3771
1449	3687
1450	3642
1451	3600
1452	3699
1453	3751
1454	3695
1455	3794
1456	3693
1457	3919
1458	3903
1459	3927
1460	3701
1461	3947
1462	3734
1463	3661
1464	3762
1465	3557
1466	3760
1467	3656
1468	3818
1469	3612
1470	3774
1471	3599
1472	3773
1473	3672
1474	3650
1475	3707
1476	3731
1477	3613
1478	3589
1479	3652
1480	3769
1481	3747
1482	3789
1483	3860
1484	3699
1485	3650
1486	3490
1487	3701
1488	3640
1489	3678
1490	3709
1491	3775
1492	3687
1493	3773
1494	3697
1495	3958
1496	3713
1497	4025
1498	3788
1499	4068
1500	3720
1501	3840
1502	3707
1503	3665
1504	3821
1505	3678
1506	3910
1507	3844
1508	3782
1509	3804
1510	3733
1511	3671
1512	3848
1513	3964
1514	3791
1515	3944
1516	3950
1517	3887
1518	3835
1519	3856
1520	3828
1521	3881
1522	3851
1523	3730
1524	3897
1525	3780
1526	3981
1527	3845
1528	3682
1529	3742
1530	3979
1531	3740
1532	3741
1533	3802
1534	3992
1535	3912
1536	4003
1537	4049
1538	3931
1539	3878
1540	3793
1541	3807
1542	3877
1543	3650
1544	3697
1545	3908
1546	3827
1547	4078
1548	3904
1549	3956
1550	3696
1551	3990
1552	3904
1553	3732
1554	3829
1555	3827
1556	3790
1557	3856
1558	4007
1559	3830
1560	3653
1561	3720
1562	3732
1563	3742
1564	3724
1565	3894
1566	3921
1567	3849
1568	3747
1569	3747
1570	4056
1571	3875
1572	3806
1573	3939
1574	3830
1575	3874
1576	3735
1577	3591
1578	3647
1579	3793
1580	3778
1581	3790
1582	3645
1583	3802
1584	3774
1585	3932
1586	3849
1587	3609
1588	3660
1589	3480
1590	3547
1591	3506
1592	3723
1593	3635
1594	3602
1595	3543
1596	3726
1597	3720
1598	3800
1599	3907
1600	3540
1601	3838
1602	3723
1603	3833
1604	3506
1605	3512
1606	3563
1607	3704
1608	3642
1609	3658
1610	3508
1611	3566
1612	3592
1613	3832
1614	3674
1615	3550
1616	3617
1617	3641
1618	3607
1619	3550
1620	3581
1621	3577
1622	3652
1623	3558
1624	3567
1625	3512
1626	3568
1627	3547
1628	3417
1629	3724
1630	3654
1631	3424
1632	3527
1633	3686
1634	3578
1635	3571
1636	3521
1637	3519
1638	3436
1639	3380
1640	3529
1641	3479
1642	3375
1643	3376
1644	3484
1645	3418
1646	3537
1647	3415
1648	3452
1649	3473
1650	3514
1651	3570
1652	3491
1653	3300
1654	3490
1655	3517
1656	3512
1657	3473
1658	3636
1659	3521
1660	3528
1661	3453
1662	3448
1663	3539
1664	3394
1665	3549
1666	3475
1667	3523
1668	3456
1669	3596
1670	3650
1671	3598
1672	3526
1673	3420
1674	3500
1675	3488
1676	3448
1677	3463
1678	3616
1679	3401
1680	3589
1681	3510
1682	3440
1683	3542
1684	3349
1685	3425
1686	3339
1687	3372
1688	3509
1689	3246
1690	3381
1691	3374
1692	3287
1693	3388
1694	3369
1695	3289
1696	3417
1697	3416
1698	3435
1699	3356
1700	3473
1701	3468
1702	3406
1703	3407
1704	3530
1705	3366
1706	3350
1707	3548
1708	3349
1709	3500
1710	3456
1711	3448
1712	3419
1713	3399
1714	3248
1715	3404
1716	3432
1717	3372
1718	3577
1719	3319
1720	3307
1721	3259
1722	3311
1723	3538
1724	3465
1725	3398
1726	3517
1727	3509
1728	3468
1729	3522
1730	3399
1731	3569
1732	3351
1733	3390
1734	3400
1735	3278
1736	3340
1737	3296
1738	3539
1739	3261
1740	3338
1741	3395
1742	3246
1743	3360
1744	3348
1745	3214
1746	3278
1747	3249
1748	3269
1749	3334
1750	3289
1751	3280
1752	3194
1753	3243
1754	3348
1755	3337
1756	3154
1757	3341
1758	3344
1759	3367
1760	3174
1761	3262
1762	3212
1763	3343
1764	3178
1765	3069
1766	3213
1767	3177
1768	3170
1769	3331
1770	3182
1771	3240
1772	3119
1773	3205
1774	3304
1775	3245
1776	3166
1777	3284
1778	3116
1779	3129
1780	3145
1781	3118
1782	3087
1783	3152
1784	3007
1785	3094
1786	3021
1787	3335
1788	3220
1789	3222
1790	3126
1791	3132
1792	3062
1793	3061
1794	3073
1795	2961
1796	2932
1797	3106
1798	2996
1799	3015
1800	3089
1801	3065
1802	3025
1803	3014
1804	3071
1805	2923
1806	2998
1807	2999
1808	3038
1809	2857
1810	2972
1811	2912
1812	2882
1813	3027
1814	2965
1815	2994
1816	2987
1817	3021
1818	2860
1819	3020
1820	2984
1821	2845
1822	3018
1823	2957
1824	2986
1825	2877
1826	2984
1827	2908
1828	2840
1829	2840
1830	2829
1831	2848
1832	2785
1833	2749
1834	2840
1835	2876
1836	2870
1837	2964
1838	2738
1839	2762
1840	2806
1841	2767
1842	2926
1843	2689
1844	2809
1845	2865
1846	2727
1847	2800
1848	2864
1849	2888
1850	2806
1851	2881
1852	2790
1853	2871
1854	2877
1855	2921
1856	2883
1857	2858
1858	2802
1859	2821
1860	2843
1861	3019
1862	2886
1863	2872
1864	2890
1865	2835
1866	2913
1867	2710
1868	2749
1869	2859
1870	2860
1871	2708
1872	2939
1873	2802
1874	2805
1875	2846
1876	2921
1877	2899
1878	2889
1879	2849
1880	2866
1881	2834
1882	2873
1883	2894
1884	2929
1885	2974
1886	2799
1887	2872
1888	3024
1889	2886
1890	2913
1891	2869
1892	3001
1893	2808
1894	2804
1895	2815
1896	2842
1897	2956
1898	3043
1899	3058
1900	3000
1901	2941
1902	2905
1903	3062
1904	3005
1905	2897
1906	2879
1907	3014
1908	3029
1909	2988
1910	3019
1911	2956
1912	2967
1913	2934
1914	3057
1915	3008
1916	3010
1917	2971
1918	3123
1919	3090
1920	2925
1921	3163
1922	3060
1923	2966
1924	3088
1925	3071
1926	3065
1927	2947
1928	3005
1929	3067
1930	3082
1931	3072
1932	3080
1933	3089
1934	3145
1935	3151
1936	3090
1937	3141
1938	3054
1939	2948
1940	2995
1941	3041
1942	2972
1943	3096
1944	2950
1945	3173
1946	3040
1947	3089
1948	3137
1949	3071
1950	3093
1951	3136
1952	3172
1953	3130
1954	3176
1955	3060
1956	3078
1957	3027
1958	2965
1959	3084
1960	3127
1961	3232
1962	3217
1963	3080
1964	3138
1965	3008
1966	3144
1967	3068
1968	3156
1969	3145
1970	3150
1971	3143
1972	3141
1973	3101
1974	3162
1975	3149
1976	3246
1977	3005
1978	2993
1979	3036
1980	3075
1981	3287
1982	3210
1983	3182
1984	3145
1985	3004
1986	3191
1987	3294
1988	3196
1989	3069
1990	3215
1991	3206
1992	3303
1993	3328
1994	3253
1995	3132
1996	3203
1997	3262
1998	3216
1999	3230
2000	3225
2001	3312
2002	3210
2003	3394
2004	3194
2005	3207
2006	3156
2007	3215
2008	3401
2009	3160
2010	3230
2011	3343
2012	3350
2013	3300
2014	3154
2015	3154
2016	3247
2017	3249
2018	3346
2019	3285
2020	3369
2021	3325
2022	3226
2023	3206
2024	3205
2025	3166
2026	3352
2027	3204
2028	3311
2029	3256
2030	3268
2031	3249
2032	3343
2033	3025
2034	3244
2035	3235
2036	3240
2037	3219
2038	3098
2039	3236
2040	3284
2041	3210
2042	3171
2043	3224
2044	3048
2045	3084
2046	3228
2047	3078
2048	3201
2049	3015
2050	3170
2051	3167
2052	3147
2053	3155
2054	3143
2055	3167
2056	3070
2057	3187
2058	3221
2059	3184
2060	3133
2061	3205
2062	3235
2063	3110
2064	3115
2065	3068
2066	3191
2067	2992
2068	3167
2069	3108
2070	3064
2071	3088
2072	3079
2073	3169
2074	2977
2075	2983
2076	2964
2077	2789
2078	3004
2079	3049
2080	2998
2081	3130
2082	2980
2083	2956
2084	2904
2085	2882
2086	3002
2087	2863
2088	2998
2089	2863
2090	3003
2091	2840
2092	2860
2093	2858
2094	2844
2095	2933
2096	2828
2097	2963
2098	2806
2099	2924
2100	2852
2101	2777
2102	2792
2103	2680
2104	2721
2105	2961
2106	2828
2107	2892
2108	2844
2109	2797
2110	2746
2111	2741
2112	2726
2113	2674
2114	2666
2115	2764
2116	2883
2117	2870
2118	2773
2119	2891
2120	2890
2121	2865
2122	2660
2123	2703
2124	2827
2125	2737
2126	2699
2127	2795
2128	2649
2129	2677
2130	2702
2131	2761
2132	2700
2133	2711
2134	2701
2135	2803
2136	2681
2137	2601
2138	2708
2139	2520
2140	2596
2141	2621
2142	2621
2143	2647
2144	2566
2145	2697
2146	2691
2147	2624
2148	2669
2149	2408
2150	2539
2151	2597
2152	2651
2153	2630
2154	2694
2155	2606
2156	2543
2157	2556
2158	2552
2159	2558
2160	2566
2161	2655
2162	2544
2163	2548
2164	2461
2165	2670
2166	2552
2167	2542
2168	2509
2169	2547
2170	2665
2171	2557
2172	2504
2173	2632
2174	2556
2175	2666
2176	2538
2177	2677
2178	2540
2179	2595
2180	2558
2181	2596
2182	2586
2183	2637
2184	2576
2185	2646
2186	2441
2187	2516
2188	2505
2189	2430
2190	2496
2191	2544
2192	2617
2193	2589
2194	2547
2195	2569
2196	2585
2197	2472
2198	2531
2199	2558
2200	2501
2201	2467
2202	2634
2203	2489
2204	2405
2205	2455
2206	2504
2207	2399
2208	2438
2209	2519
2210	2524
2211	2614
2212	2461
2213	2534
2214	2455
2215	2510
2216	2587
2217	2473
2218	2449
2219	2566
2220	2547
2221	2385
2222	2689
2223	2377
2224	2429
2225	2514
2226	2455
2227	2483
2228	2460
2229	2562
2230	2577
2231	2379
2232	2483
2233	2543
2234	2452
2235	2470
2236	2471
2237	2465
2238	2533
2239	2630
2240	2471
2241	2526
2242	2585
2243	2603
2244	2586
2245	2572
2246	2496
2247	2583
2248	2604
2249	2641
2250	2569
2251	2517
2252	2564
2253	2520
2254	2692
2255	2496
2256	2550
2257	2500
2258	2512
2259	2636
2260	2722
2261	2667
2262	2542
2263	2546
2264	2602
2265	2532
2266	2597
2267	2454
2268	2505
2269	2495
2270	2473
2271	2559
2272	2476
2273	2557
2274	2589
2275	2659
2276	2575
2277	2564
2278	2602
2279	2538
2280	2495
2281	2527
2282	2509
2283	2502
2284	2403
2285	2557
2286	2583
2287	2537
2288	2593
2289	2440
2290	2511
2291	2497
2292	2392
2293	2555
2294	2413
2295	2552
2296	2467
2297	2576
2298	2423
2299	2429
2300	2440
2301	2521
2302	2507
2303	2510
2304	2466
2305	2501
2306	2499
2307	2529
2308	2382
2309	2450
2310	2529
2311	2535
2312	2380
2313	2383
2314	2490
2315	2390
2316	2547
2317	2514
2318	2507
2319	2499
2320	2518
2321	2494
2322	2358
2323	2519
2324	2519
2325	2462
2326	2574
2327	2355
2328	2417
2329	2486
2330	2418
2331	2399
2332	2565
2333	2503
2334	2539
2335	2446
2336	2473
2337	2433
2338	2527
2339	2558
2340	2430
2341	2470
2342	2411
2343	2482
2344	2534
2345	2459
2346	2474
2347	2436
2348	2694
2349	2337
2350	2456
2351	2536
2352	2365
2353	2497
2354	2454
2355	2462
2356	2503
2357	2571
2358	2533
2359	2393
2360	2485
2361	2460
2362	2522
2363	2377
2364	2537
2365	2605
2366	2469
2367	2463
2368	2521
2369	2413
2370	2365
2371	2375
2372	2413
2373	2463
2374	2465
2375	2438
2376	2459
2377	2452
2378	2481
2379	2421
2380	2397
2381	2438
2382	2423
2383	2430
2384	2421
2385	2302
2386	2358
2387	2263
2388	2313
2389	2437
2390	2257
2391	2457
2392	2469
2393	2347
2394	2343
2395	2317
2396	2286
2397	2290
2398	2445
2399	2362
2400	2415
2401	2454
2402	2311
2403	2407
2404	2341
2405	2358
2406	2357
2407	2298
2408	2335
2409	2384
2410	2332
2411	2369
2412	2336
2413	2336
2414	2281
2415	2264
2416	2333
2417	2206
2418	2250
2419	2331
2420	2275
2421	2303
2422	2353
2423	2310
2424	2267
2425	2283
2426	2226
2427	2281
2428	2214
2429	2254
2430	2194
2431	2227
2432	2253
2433	2324
2434	2228
2435	2299
2436	2297
2437	2218
2438	2298
2439	2266
2440	2245
2441	2236
2442	2275
2443	2121
2444	2322
2445	2270
2446	2098
2447	2233
2448	2272
2449	2235
2450	2346
2451	2229
2452	2285
2453	2266
2454	2259
2455	2246
2456	2197
2457	2238
2458	2185
2459	2283
2460	2256
2461	2170
2462	2212
2463	2201
2464	2287
2465	2176
2466	2290
2467	2233
2468	2260
2469	2111
2470	2213
2471	2119
2472	2147
2473	2233
2474	2200
2475	2184
2476	2203
2477	2107
2478	2354
2479	2284
2480	2300
2481	2186
2482	2192
2483	2269
2484	2291
2485	2177
2486	2257
2487	2237
2488	2403
2489	2160
2490	2372
2491	2154
2492	2139
2493	2200
2494	2256
2495	2307
2496	2269
2497	2311
2498	2316
2499	2220
2500	2289
2501	2361
2502	2350
2503	2244
2504	2387
2505	2290
2506	2298
2507	2236
2508	2339
2509	2265
2510	2283
2511	2372
2512	2344
2513	2362
2514	2383
2515	2384
2516	2377
2517	2373
2518	2312
2519	2271
2520	2227
2521	2304
2522	2391
2523	2378
2524	2398
2525	2321
2526	2381
2527	2305
2528	2546
2529	2376
2530	2242
2531	2351
2532	2365
2533	2319
2534	2352
2535	2229
2536	2429
2537	2273
2538	2433
2539	2502
2540	2490
2541	2473
2542	2455
2543	2386
2544	2455
2545	2509
2546	2375
2547	2274
2548	2382
2549	2263
2550	2413
2551	2350
2552	2398
2553	2384
2554	2347
2555	2432
2556	2467
2557	2401
2558	2511
2559	2332
2560	2376
2561	2293
2562	2440
2563	2452
2564	2471
2565	2399
2566	2325
2567	2310
2568	2453
2569	2424
2570	2449
2571	2458
2572	2368
2573	2472
2574	2381
2575	2346
2576	2356
2577	2463
2578	2321
2579	2421
2580	2337
2581	2414
2582	2438
2583	2317
2584	2328
2585	2271
2586	2343
2587	2362
2588	2404
2589	2417
2590	2524
2591	2280
2592	2211
2593	2327
2594	2257
2595	2299
2596	2342
2597	2296
2598	2444
2599	2325
2600	2243
2601	2269
2602	2247
2603	2232
2604	2274
2605	2296
2606	2227
2607	2306
2608	2226
2609	2233
2610	2269
2611	2397
2612	2217
2613	2275
2614	2188
2615	2046
2616	2244
2617	2244
2618	2295
2619	2264
2620	2261
2621	2235
2622	2278
2623	2219
2624	2352
2625	2286
2626	2168
2627	2302
2628	2221
2629	2296
2630	2266
2631	2137
2632	2297
2633	2292
2634	2383
2635	2212
2636	2231
2637	2234
2638	2202
2639	2185
2640	2249
2641	2312
2642	2184
2643	2274
2644	2097
2645	2400
2646	2288
2647	2291
2648	2157
2649	2177
2650	2471
2651	2223
2652	2529
2653	2279
2654	2181
2655	2270
2656	2189
2657	2188
2658	2267
2659	2241
2660	2187
2661	2249
2662	2122
2663	2252
2664	2202
2665	2305
2666	2151
2667	2206
2668	2140
2669	2194
2670	2120
2671	2098
2672	2175
2673	2100
2674	2253
2675	2242
2676	2281
2677	2273
2678	2029
2679	2160
2680	2185
2681	2241
2682	2184
2683	2126
2684	2196
2685	2165
2686	2236
2687	2175
2688	2172
2689	2226
2690	2188
2691	2241
2692	2043
2693	2121
2694	2009
2695	2056
2696	2104
2697	2063
2698	2048
2699	2171
2700	2157
2701	2213
2702	2352
2703	2097
2704	2152
2705	2082
2706	2109
2707	2076
2708	2191
2709	2218
2710	2230
2711	2137
2712	2102
2713	2082
2714	2087
2715	2210
2716	2257
2717	2156
2718	2216
2719	2234
2720	2088
2721	2120
2722	2128
2723	2098
2724	2117
2725	2084
2726	2021
2727	1969
2728	2033
2729	2091
2730	2082
2731	2154
2732	2084
2733	2063
2734	2034
2735	2126
2736	2125
2737	2119
2738	1973
2739	2016
2740	2055
2741	2105
2742	2078
2743	1919
2744	1900
2745	1935
2746	1991
2747	2043
2748	1987
2749	2043
2750	1975
2751	1948
2752	2093
2753	2061
2754	2041
2755	2069
2756	2106
2757	2134
2758	2088
2759	2027
2760	2097
2761	2184
2762	2149
2763	1980
2764	2087
2765	2032
2766	2087
2767	1978
2768	2111
2769	2171
2770	2033
2771	2064
2772	2073
2773	2090
2774	2058
2775	2128
2776	2113
2777	1950
2778	1999
2779	2080
2780	2135
2781	2047
2782	1981
2783	2014
2784	1985
2785	2023
2786	2080
2787	1961
2788	1965
2789	2067
2790	2013
2791	1951
2792	1958
2793	2052
2794	2054
2795	1963
2796	2098
2797	2009
2798	1978
2799	2072
2800	1984
2801	1979
2802	1856
2803	1940
2804	1926
2805	2078
2806	1973
2807	2119
2808	1932
2809	2022
2810	1970
2811	2025
2812	2026
2813	2000
2814	2039
2815	2057
2816	2119
2817	2065
2818	2056
2819	2033
2820	1946
2821	1989
2822	1896
2823	1956
2824	1891
2825	1821
2826	1950
2827	1893
2828	1936
2829	1941
2830	1959
2831	1859
2832	1906
2833	1930
2834	1922
2835	1931
2836	1814
2837	1876
2838	1885
2839	2023
2840	1994
2841	1955
2842	2002
2843	1864
2844	1856
2845	1860
2846	1894
2847	2045
2848	1935
2849	1800
2850	1930
2851	1858
2852	1839
2853	1916
2854	1781
2855	1882
2856	1878
2857	2007
2858	1848
2859	2019
2860	1959
2861	1901
2862	1913
2863	1996
2864	1852
2865	1914
2866	1880
2867	1955
2868	1918
2869	1874
2870	1937
2871	1985
2872	1750
2873	1930
2874	1732
2875	1916
2876	1823
2877	1882
2878	1871
2879	1908
2880	1813
2881	1985
2882	1954
2883	1973
2884	1899
2885	1835
2886	1964
2887	1871
2888	1909
2889	1936
2890	1876
2891	1833
2892	1877
2893	1886
2894	1846
2895	1817
2896	1759
2897	1829
2898	1853
2899	1875
2900	1813
2901	1894
2902	1836
2903	1850
2904	1814
2905	1854
2906	1922
2907	1892
2908	1856
2909	1878
2910	1973
2911	1807
2912	1765
2913	1778
2914	1728
2915	1766
2916	1946
2917	1847
2918	1802
2919	1882
2920	1781
2921	1859
2922	1747
2923	1767
2924	1672
2925	1740
2926	1885
2927	1770
2928	1704
2929	1824
2930	1745
2931	1816
2932	1796
2933	1847
2934	1811
2935	1914
2936	1713
2937	1676
2938	1807
2939	1873
2940	1776
2941	1927
2942	1771
2943	1759
2944	1841
2945	1847
2946	1762
2947	1786
2948	1750
2949	1769
2950	1716
2951	1751
2952	1874
2953	1734
2954	1786
2955	1774
2956	1740
2957	1667
2958	1672
2959	1799
2960	1694
2961	1848
2962	1806
2963	1860
2964	1782
2965	1795
2966	1739
2967	1714
2968	1741
2969	1805
2970	1827
2971	1752
2972	1792
2973	1774
2974	1898
2975	1825
2976	1729
2977	1859
2978	1775
2979	1690
2980	1716
2981	1841
2982	1730
2983	1815
2984	1835
2985	1735
2986	1781
2987	1766
2988	1784
2989	1700
2990	1905
2991	1727
2992	1782
2993	1768
2994	1811
2995	1787
2996	1816
2997	1920
2998	1865
2999	1830
3000	1842
3001	1855
3002	1743
3003	1943
3004	1890
3005	1836
3006	1917
3007	1860
3008	1852
3009	1790
3010	1952
3011	1813
3012	1881
3013	1884
3014	1929
3015	1908
3016	1972
3017	2009
3018	1830
3019	1859
3020	1754
3021	1850
3022	1774
3023	1982
3024	1901
3025	1844
3026	1794
3027	1869
3028	1818
3029	1765
3030	1818
3031	1844
3032	1865
3033	1843
3034	1834
3035	1899
3036	1843
3037	1739
3038	1807
3039	1784
3040	1853
3041	1884
3042	1843
3043	1865
3044	1825
3045	1914
3046	1943
3047	1918
3048	1863
3049	1838
3050	1929
3051	1975
3052	1870
3053	1938
3054	1854
3055	1874
3056	1905
3057	1969
3058	1884
3059	1875
3060	1844
3061	1797
3062	1908
3063	1798
3064	2023
3065	1798
3066	1835
3067	1777
3068	1827
3069	1879
3070	1962
3071	1872
3072	1836
3073	1853
3074	1917
3075	1850
3076	2020
3077	1908
3078	1853
3079	1853
3080	1864
3081	1890
3082	1799
3083	1732
3084	1781
3085	1754
3086	1805
3087	1824
3088	1704
3089	1742
3090	1784
3091	1916
3092	1855
3093	1874
3094	1785
3095	1878
3096	1891
3097	1764
3098	1764
3099	1872
3100	1847
3101	1944
3102	1784
3103	1913
3104	1876
3105	1829
3106	1768
3107	1741
3108	1810
3109	1852
3110	1886
3111	1707
3112	1776
3113	1847
3114	1931
3115	1820
3116	1836
3117	1814
3118	1825
3119	1837
3120	1868
3121	1775
3122	1860
3123	1753
3124	1762
3125	1822
3126	1841
3127	1749
3128	1810
3129	1698
3130	1757
3131	1790
3132	1794
3133	1734
3134	1845
3135	1764
3136	1761
3137	1799
3138	1754
3139	1785
3140	1870
3141	1818
3142	1786
3143	1665
3144	1717
3145	1732
3146	1861
3147	1760
3148	1745
3149	1823
3150	1825
3151	1793
3152	1746
3153	1869
3154	1875
3155	1711
3156	1779
3157	1734
3158	1889
3159	1779
3160	1735
3161	1697
3162	1693
3163	1802
3164	1798
3165	1837
3166	1725
3167	1738
3168	1789
3169	1824
3170	1706
3171	1714
3172	1675
3173	1650
3174	1735
3175	1693
3176	1794
3177	1698
3178	1740
3179	1811
3180	1760
3181	1714
3182	1798
3183	1736
3184	1793
3185	1671
3186	1751
3187	1800
3188	1699
3189	1715
3190	1746
3191	1683
3192	1789
3193	1717
3194	1730
3195	1650
3196	1846
3197	1723
3198	1644
3199	1756
3200	1709
3201	1779
3202	1691
3203	1803
3204	1841
3205	1774
3206	1840
3207	1796
3208	1679
3209	1706
3210	1698
3211	1825
3212	1746
3213	1710
3214	1769
3215	1747
3216	1726
3217	1706
3218	1767
3219	1684
3220	1764
3221	1779
3222	1791
3223	1716
3224	1775
3225	1841
3226	1743
3227	1845
3228	1679
3229	1758
3230	1793
3231	1781
3232	1732
3233	1822
3234	1808
3235	1791
3236	1833
3237	1855
3238	1724
3239	1700
3240	1796
3241	1733
3242	1713
3243	1770
3244	1752
3245	1715
3246	1711
3247	1798
3248	1807
3249	1742
3250	1815
3251	1774
3252	1743
3253	1722
3254	1765
3255	1835
3256	1793
3257	1772
3258	1762
3259	1700
3260	1806
3261	1758
3262	1835
3263	1756
3264	1759
3265	1810
3266	1779
3267	1814
3268	1767
3269	1787
3270	1758
3271	1890
3272	1801
3273	1734
3274	1764
3275	1798
3276	1749
3277	1814
3278	1830
3279	1772
3280	1764
3281	1783
3282	1784
3283	1809
3284	1745
3285	1860
3286	1847
3287	1837
3288	1832
3289	1804
3290	1886
3291	1859
3292	1821
3293	1812
3294	1887
3295	1828
3296	1702
3297	1878
3298	1812
3299	1744
3300	1782
3301	1780
3302	1750
3303	1719
3304	1915
3305	1879
3306	1792
3307	1888
3308	1758
3309	1809
3310	1908
3311	1826
3312	1843
3313	1776
3314	1876
3315	1901
3316	1858
3317	1830
3318	1836
3319	1748
3320	1788
3321	1805
3322	1795
3323	1845
3324	1741
3325	1790
3326	1833
3327	1768
3328	1811
3329	1741
3330	1790
3331	1871
3332	1860
3333	1803
3334	1852
3335	1797
3336	1807
3337	1793
3338	1763
3339	1714
3340	1813
3341	1788
3342	1761
3343	1784
3344	1798
3345	1758
3346	1670
3347	1762
3348	1741
3349	1728
3350	1803
3351	1663
3352	1788
3353	1765
3354	1749
3355	1758
3356	1725
3357	1767
3358	1841
3359	1651
3360	1695
3361	1681
3362	1677
3363	1713
3364	1641
3365	1655
3366	1689
3367	1722
3368	1683
3369	1678
3370	1709
3371	1588
3372	1680
3373	1756
3374	1597
3375	1693
3376	1740
3377	1560
3378	1565
3379	1590
3380	1602
3381	1585
3382	1546
3383	1635
3384	1522
3385	1663
3386	1601
3387	1531
3388	1615
3389	1561
3390	1520
3391	1623
3392	1543
3393	1625
3394	1594
3395	1581
3396	1509
3397	1606
3398	1665
3399	1567
3400	1576
3401	1548
3402	1595
3403	1525
3404	1495
3405	1655
3406	1534
3407	1663
3408	1585
3409	1600
3410	1620
3411	1567
3412	1584
3413	1558
3414	1658
3415	1528
3416	1560
3417	1518
3418	1595
3419	1653
3420	1544
3421	1616
3422	1484
3423	1567
3424	1523
3425	1582
3426	1550
3427	1578
3428	1547
3429	1640
3430	1592
3431	1546
3432	1479
3433	1550
3434	1574
3435	1581
3436	1566
3437	1570
3438	1660
3439	1590
3440	1543
3441	1543
3442	1587
3443	1582
3444	1646
3445	1541
3446	1443
3447	1536
3448	1544
3449	1534
3450	1568
3451	1539
3452	1624
3453	1512
3454	1473
3455	1575
3456	1505
3457	1529
3458	1557
3459	1443
3460	1514
3461	1491
3462	1608
3463	1530
3464	1497
3465	1526
3466	1612
3467	1594
3468	1454
3469	1586
3470	1553
3471	1589
3472	1519
3473	1511
3474	1433
3475	1534
3476	1520
3477	1505
3478	1488
3479	1646
3480	1688
3481	1638
3482	1529
3483	1497
3484	1487
3485	1471
3486	1480
3487	1575
3488	1599
3489	1463
3490	1601
3491	1552
3492	1529
3493	1651
3494	1552
3495	1528
3496	1537
3497	1505
3498	1471
3499	1575
3500	1475
3501	1482
3502	1569
3503	1677
3504	1511
3505	1470
3506	1476
3507	1466
3508	1590
3509	1525
3510	1501
3511	1537
3512	1468
3513	1606
3514	1470
3515	1514
3516	1521
3517	1653
3518	1500
3519	1417
3520	1489
3521	1489
3522	1558
3523	1541
3524	1515
3525	1535
3526	1540
3527	1644
3528	1556
3529	1623
3530	1442
3531	1427
3532	1559
3533	1579
3534	1473
3535	1539
3536	1445
3537	1517
3538	1549
3539	1612
3540	1514
3541	1494
3542	1472
3543	1593
3544	1533
3545	1493
3546	1530
3547	1442
3548	1479
3549	1494
3550	1484
3551	1533
3552	1552
3553	1482
3554	1417
3555	1490
3556	1526
3557	1569
3558	1543
3559	1498
3560	1541
3561	1495
3562	1491
3563	1555
3564	1484
3565	1538
3566	1513
3567	1365
3568	1427
3569	1508
3570	1518
3571	1575
3572	1530
3573	1498
3574	1428
3575	1580
3576	1413
3577	1466
3578	1489
3579	1578
3580	1490
3581	1475
3582	1568
3583	1554
3584	1549
3585	1481
3586	1540
3587	1544
3588	1476
3589	1533
3590	1432
3591	1468
3592	1533
3593	1431
3594	1519
3595	1575
3596	1412
3597	1416
3598	1430
3599	1591
3600	1459
3601	1531
3602	1517
3603	1535
3604	1500
3605	1538
3606	1485
3607	1467
3608	1439
3609	1502
3610	1527
3611	1398
3612	1429
3613	1553
3614	1540
3615	1486
3616	1456
3617	1531
3618	1491
3619	1481
3620	1463
3621	1537
3622	1501
3623	1425
3624	1471
3625	1396
3626	1379
3627	1408
3628	1460
3629	1479
3630	1470
3631	1397
3632	1460
3633	1504
3634	1547
3635	1453
3636	1560
3637	1413
3638	1547
3639	1453
3640	1451
3641	1480
3642	1418
3643	1492
3644	1392
3645	1423
3646	1425
3647	1435
3648	1475
3649	1375
3650	1471
3651	1362
3652	1376
3653	1497
3654	1472
3655	1467
3656	1361
3657	1461
3658	1456
3659	1460
3660	1347
3661	1363
3662	1432
3663	1384
3664	1276
3665	1483
3666	1421
3667	1498
3668	1424
3669	1461
3670	1350
3671	1396
3672	1458
3673	1562
3674	1442
3675	1397
3676	1373
3677	1482
3678	1488
3679	1487
3680	1498
3681	1468
3682	1452
3683	1412
3684	1512
3685	1470
3686	1445
3687	1467
3688	1517
3689	1438
3690	1456
3691	1407
3692	1449
3693	1546
3694	1454
3695	1414
3696	1496
3697	1572
3698	1460
3699	1581
3700	1582
3701	1482
3702	1490
3703	1568
3704	1454
3705	1512
3706	1548
3707	1524
3708	1600
3709	1541
3710	1652
3711	1661
3712	1711
3713	1506
3714	1429
3715	1525
3716	1553
3717	1537
3718	1631
3719	1634
3720	1532
3721	1518
3722	1474
3723	1631
3724	1496
3725	1620
3726	1575
3727	1576
3728	1555
3729	1517
3730	1484
3731	1566
3732	1570
3733	1555
3734	1503
3735	1469
3736	1587
3737	1606
3738	1526
3739	1484
3740	1528
3741	1477
3742	1672
3743	1529
3744	1534
3745	1608
3746	1507
3747	1586
3748	1671
3749	1635
3750	1614
3751	1508
3752	1684
3753	1588
3754	1506
3755	1696
3756	1623
3757	1630
3758	1469
3759	1510
3760	1513
3761	1498
3762	1535
3763	1533
3764	1515
3765	1589
3766	1630
3767	1653
3768	1672
3769	1600
3770	1652
3771	1546
3772	1565
3773	1465
3774	1483
3775	1500
3776	1485
3777	1438
3778	1449
3779	1559
3780	1500
3781	1516
3782	1618
3783	1486
3784	1654
3785	1468
3786	1548
3787	1555
3788	1609
3789	1548
3790	1573
3791	1459
3792	1478
3793	1410
3794	1465
3795	1455
3796	1484
3797	1431
3798	1551
3799	1492
3800	1449
3801	1517
3802	1502
3803	1527
3804	1495
3805	1468
3806	1478
3807	1383
3808	1497
3809	1414
3810	1440
3811	1597
3812	1422
3813	1492
3814	1404
3815	1542
3816	1503
3817	1466
3818	1445
3819	1503
3820	1551
3821	1399
3822	1447
3823	1395
3824	1358
3825	1502
3826	1384
3827	1384
3828	1463
3829	1347
3830	1329
3831	1373
3832	1287
3833	1477
3834	1458
3835	1516
3836	1409
3837	1415
3838	1477
3839	1467
3840	1519
3841	1371
3842	1437
3843	1459
3844	1359
3845	1494
3846	1407
3847	1434
3848	1397
3849	1415
3850	1419
3851	1449
3852	1360
3853	1451
3854	1432
3855	1397
3856	1420
3857	1367
3858	1379
3859	1358
3860	1348
3861	1419
3862	1311
3863	1358
3864	1330
3865	1384
3866	1426
3867	1397
3868	1376
3869	1455
3870	1452
3871	1348
3872	1397
3873	1381
3874	1385
3875	1430
3876	1357
3877	1382
3878	1370
3879	1418
3880	1452
3881	1441
3882	1385
3883	1469
3884	1414
3885	1418
3886	1303
3887	1292
3888	1399
3889	1365
3890	1452
3891	1460
3892	1478
3893	1360
3894	1446
3895	1344
3896	1332
3897	1375
3898	1351
3899	1380
3900	1405
3901	1444
3902	1370
3903	1489
3904	1407
3905	1406
3906	1440
3907	1428
3908	1469
3909	1433
3910	1544
3911	1465
3912	1476
3913	1419
3914	1447
3915	1531
3916	1415
3917	1484
3918	1443
3919	1428
3920	1383
3921	1421
3922	1369
3923	1395
3924	1393
3925	1455
3926	1494
3927	1354
3928	1466
3929	1606
3930	1460
3931	1459
3932	1497
3933	1449
3934	1446
3935	1480
3936	1520
3937	1464
3938	1340
3939	1520
3940	1434
3941	1438
3942	1386
3943	1432
3944	1443
3945	1483
3946	1369
3947	1389
3948	1385
3949	1411
3950	1530
3951	1405
3952	1406
3953	1566
3954	1559
3955	1507
3956	1590
3957	1568
3958	1654
3959	1645
3960	1618
3961	1659
3962	1604
3963	1621
3964	1447
3965	1567
3966	1568
3967	1540
3968	1557
3969	1490
3970	1642
3971	1533
3972	1599
3973	1364
3974	1476
3975	1456
3976	1789
3977	1648
3978	1654
3979	1477
3980	1571
3981	1449
3982	1493
3983	1433
3984	1482
3985	1478
3986	1408
3987	1584
3988	1398
3989	1404
3990	1386
3991	1382
3992	1420
3993	1565
3994	1523
3995	1562
3996	1530
3997	1521
3998	1480
3999	1661
4000	1474
4001	1552
4002	1446
4003	1392
4004	1665
4005	1533
4006	1489
4007	1494
4008	1676
4009	1467
4010	1600
4011	1655
4012	1701
4013	1725
4014	1574
4015	1761
4016	1564
4017	1533
4018	1611
4019	1711
4020	1643
4021	1909
4022	1659
4023	1651
4024	1608
4025	1579
4026	1631
4027	1699
4028	1578
4029	1580
4030	1915
4031	1597
4032	2161
4033	1571
4034	1697
4035	1662
4036	1527
4037	1528
4038	1496
4039	1500
4040	1576
4041	1575
4042	1414
4043	1389
4044	1450
4045	1385
4046	1551
4047	1406
4048	1504
4049	1396
4050	1528
4051	1494
4052	1511
4053	1432
4054	1516
4055	1547
4056	1494
4057	1487
4058	1461
4059	1460
4060	1696
4061	1568
4062	1513
4063	1409
4064	1481
4065	1659
4066	1574
4067	1461
4068	1476
4069	1492
4070	1442
4071	1524
4072	1615
4073	1522
4074	1427
4075	1512
4076	1446
4077	1486
4078	1518
4079	1614
4080	1420
4081	1364
4082	1596
4083	1474
4084	1439
4085	1417
4086	1545
4087	1536
4088	1519
4089	1397
4090	1512
4091	1535
4092	1474
4093	1542
4094	1477
4095	1358
4096	1556
4097	1523
4098	1581
4099	1402
4100	1395
4101	1403
4102	1383
4103	1439
4104	1427
4105	1326
4106	1413
4107	1348
4108	1368
4109	1358
4110	1451
4111	1476
4112	1401
4113	1490
4114	1374
4115	1451
4116	1480
4117	1364
4118	1420
4119	1463
4120	1497
4121	1400
4122	1453
4123	1482
4124	1377
4125	1396
4126	1420
4127	1438
4128	1301
4129	1404
4130	1333
4131	1407
4132	1324
4133	1375
4134	1248
4135	1345
4136	1316
4137	1409
4138	1209
4139	1362
4140	1323
4141	1301
4142	1291
4143	1287
4144	1383
4145	1312
4146	1375
4147	1376
4148	1357
4149	1271
4150	1299
4151	1223
4152	1322
4153	1290
4154	1260
4155	1318
4156	1346
4157	1334
4158	1304
4159	1320
4160	1326
4161	1290
4162	1233
4163	1149
4164	1302
4165	1258
4166	1371
4167	1361
4168	1184
4169	1322
4170	1191
4171	1188
4172	1268
4173	1276
4174	1151
4175	1298
4176	1261
4177	1274
4178	1276
4179	1230
4180	1223
4181	1214
4182	1148
4183	1285
4184	1273
4185	1221
4186	1209
4187	1261
4188	1279
4189	1212
4190	1209
4191	1127
4192	1211
4193	1157
4194	1238
4195	1176
4196	1283
4197	1255
4198	1189
4199	1270
4200	1193
4201	1224
4202	1261
4203	1237
4204	1163
4205	1154
4206	1251
4207	1213
4208	1223
4209	1305
4210	1196
4211	1230
4212	1210
4213	1206
4214	1228
4215	1171
4216	1204
4217	1246
4218	1194
4219	1178
4220	1132
4221	1125
4222	1132
4223	1243
4224	1145
4225	1148
4226	1269
4227	1284
4228	1226
4229	1231
4230	1194
4231	1168
4232	1211
4233	1249
4234	1174
4235	1235
4236	1241
4237	1228
4238	1182
4239	1168
4240	1160
4241	1187
4242	1168
4243	1249
4244	1186
4245	1198
4246	1174
4247	1198
4248	1247
4249	1184
4250	1201
4251	1195
4252	1133
4253	1204
4254	1159
4255	1175
4256	1170
4257	1203
4258	1163
4259	1241
4260	1168
4261	1111
4262	1192
4263	1297
4264	1216
4265	1283
4266	1248
4267	1198
4268	1271
4269	1199
4270	1194
4271	1184
4272	1171
4273	1231
4274	1192
4275	1260
4276	1237
4277	1233
4278	1209
4279	1210
4280	1196
4281	1278
4282	1174
4283	1188
4284	1285
4285	1227
4286	1197
4287	1220
4288	1256
4289	1176
4290	1191
4291	1244
4292	1168
4293	1151
4294	1142
4295	1181
4296	1206
4297	1144
4298	1205
4299	1248
4300	1213
4301	1119
4302	1177
4303	1185
4304	1187
4305	1192
4306	1113
4307	1158
4308	1116
4309	1199
4310	1284
4311	1172
4312	1176
4313	1074
4314	1326
4315	1255
4316	1202
4317	1176
4318	1165
4319	1146
4320	1151
4321	1188
4322	1195
4323	1163
4324	1121
4325	1144
4326	1231
4327	1083
4328	1061
4329	1141
4330	1053
4331	1147
4332	1172
4333	1186
4334	1142
4335	1110
4336	1132
4337	1129
4338	1052
4339	1212
4340	1073
4341	1101
4342	1114
4343	1147
4344	1128
4345	1127
4346	1079
4347	1077
4348	1059
4349	1079
4350	1093
4351	1129
4352	1082
4353	1071
4354	1160
4355	1037
4356	1104
4357	1036
4358	1153
4359	1015
4360	1095
4361	1114
4362	1071
4363	1109
4364	1000
4365	1125
4366	1147
4367	1031
4368	1005
4369	1120
4370	1166
4371	1107
4372	1083
4373	1017
4374	1043
4375	1161
4376	1102
4377	1092
4378	1110
4379	1052
4380	1066
4381	1114
4382	1069
4383	1152
4384	1021
4385	1109
4386	1071
4387	1058
4388	1109
4389	1032
4390	1092
4391	1057
4392	1073
4393	1055
4394	1063
4395	1075
4396	1066
4397	1035
4398	1068
4399	1003
4400	1101
4401	1013
4402	1113
4403	1041
4404	1047
4405	1079
4406	1050
4407	1101
4408	1106
4409	1063
4410	1083
4411	1001
4412	1038
4413	1043
4414	988
4415	1039
4416	1026
4417	1047
4418	1047
4419	1027
4420	1017
4421	1077
4422	1069
4423	1039
4424	1086
4425	1016
4426	1075
4427	1065
4428	1066
4429	973
4430	1073
4431	1048
4432	999
4433	992
4434	938
4435	1015
4436	1097
4437	993
4438	1010
4439	984
4440	995
4441	1036
4442	1033
4443	1020
4444	1054
4445	1018
4446	1033
4447	1043
4448	991
4449	1102
4450	1060
4451	1075
4452	1076
4453	1036
4454	1013
4455	972
4456	1009
4457	1069
4458	1004
4459	1016
4460	1090
4461	1147
4462	1109
4463	1039
4464	1073
4465	1069
4466	996
4467	1018
4468	1063
4469	1088
4470	1102
4471	1074
4472	1077
4473	1039
4474	1051
4475	1072
4476	1026
4477	1125
4478	1002
4479	1058
4480	1118
4481	1079
4482	1173
4483	1104
4484	1030
4485	1019
4486	1062
4487	1024
4488	1047
4489	1029
4490	1012
4491	1020
4492	1047
4493	1090
4494	1083
4495	1097
4496	1104
4497	1024
4498	1100
4499	1083
4500	1054
4501	1072
4502	1079
4503	1191
4504	1110
4505	1150
4506	1061
4507	1132
4508	1080
4509	1078
4510	1091
4511	1019
4512	1076
4513	1111
4514	1019
4515	1088
4516	1106
4517	1023
4518	1088
4519	1067
4520	1099
4521	1060
4522	1039
4523	1031
4524	1079
4525	1140
4526	1006
4527	1063
4528	1033
4529	1049
4530	1045
4531	1109
4532	1055
4533	1145
4534	1011
4535	1060
4536	1026
4537	989
4538	1006
4539	1056
4540	983
4541	1109
4542	1069
4543	1018
4544	982
4545	1085
4546	1052
4547	1103
4548	1039
4549	1030
4550	1037
4551	1022
4552	1027
4553	990
4554	1019
4555	1012
4556	996
4557	999
4558	1135
4559	1039
4560	965
4561	950
4562	943
4563	1005
4564	978
4565	1042
4566	1010
4567	917
4568	1018
4569	994
4570	966
4571	897
4572	1053
4573	1045
4574	941
4575	1005
4576	922
4577	943
4578	967
4579	965
4580	1095
4581	945
4582	1005
4583	1021
4584	988
4585	994
4586	913
4587	935
4588	905
4589	911
4590	952
4591	968
4592	940
4593	984
4594	888
4595	990
4596	956
4597	925
4598	953
4599	997
4600	927
4601	953
4602	979
4603	965
4604	987
4605	929
4606	895
4607	1008
4608	926
4609	978
4610	960
4611	945
4612	909
4613	969
4614	939
4615	911
4616	986
4617	945
4618	1040
4619	969
4620	921
4621	1022
4622	965
4623	1052
4624	912
4625	989
4626	1029
4627	918
4628	1047
4629	979
4630	942
4631	991
4632	1066
4633	971
4634	945
4635	997
4636	964
4637	955
4638	1012
4639	979
4640	972
4641	953
4642	1000
4643	971
4644	1003
4645	1018
4646	998
4647	922
4648	1003
4649	1013
4650	934
4651	932
4652	956
4653	1001
4654	1008
4655	974
4656	1037
4657	981
4658	999
4659	1060
4660	968
4661	896
4662	968
4663	1045
4664	951
4665	904
4666	1029
4667	999
4668	990
4669	948
4670	963
4671	1026
4672	972
4673	1074
4674	1043
4675	969
4676	1031
4677	1041
4678	999
4679	969
4680	1042
4681	1001
4682	954
4683	983
4684	1050
4685	985
4686	1004
4687	1000
4688	984
4689	994
4690	1023
4691	943
4692	965
4693	1073
4694	997
4695	1045
4696	976
4697	953
4698	1024
4699	982
4700	1004
4701	1043
4702	1047
4703	980
4704	972
4705	981
4706	985
4707	1041
4708	1047
4709	953
4710	1015
4711	1090
4712	1003
4713	1006
4714	1001
4715	1040
4716	1102
4717	998
4718	1058
4719	997
4720	987
4721	1014
4722	1007
4723	1038
4724	1032
4725	1063
4726	964
4727	1060
4728	1018
4729	984
4730	1057
4731	1049
4732	1025
4733	1079
4734	983
4735	976
4736	1057
4737	1026
4738	1095
4739	1011
4740	964
4741	939
4742	1086
4743	975
4744	958
4745	969
4746	1063
4747	980
4748	961
4749	1036
4750	1029
4751	1038
4752	1049
4753	1029
4754	1071
4755	1040
4756	1077
4757	1017
4758	1024
4759	1016
4760	1011
4761	968
4762	1024
4763	1002
4764	1032
4765	970
4766	978
4767	1006
4768	1034
4769	1008
4770	1011
4771	1077
4772	979
4773	1012
4774	1018
4775	1070
4776	969
4777	1106
4778	960
4779	1004
4780	1002
4781	1061
4782	1071
4783	1005
4784	1019
4785	1038
4786	983
4787	945
4788	975
4789	964
4790	1014
4791	1048
4792	990
4793	1045
4794	1052
4795	1032
4796	975
4797	1016
4798	973
4799	1021
4800	1051
4801	1034
4802	997
4803	1009
4804	1093
4805	1015
4806	1067
4807	959
4808	990
4809	1033
4810	1046
4811	1121
4812	1025
4813	1054
4814	1016
4815	1034
4816	1080
4817	1080
4818	999
4819	1010
4820	1018
4821	1034
4822	981
4823	999
4824	1027
4825	1074
4826	1003
4827	1087
4828	1035
4829	1026
4830	1005
4831	1132
4832	1030
4833	1009
4834	995
4835	1055
4836	1039
4837	989
4838	1038
4839	984
4840	1039
4841	964
4842	1017
4843	1036
4844	1014
4845	1002
4846	1044
4847	1066
4848	1034
4849	1003
4850	1026
4851	1046
4852	1057
4853	954
4854	984
4855	1079
4856	1003
4857	944
4858	1028
4859	1070
4860	1015
4861	997
4862	975
4863	953
4864	1041
4865	985
4866	1008
4867	992
4868	936
4869	958
4870	994
4871	1006
4872	1024
4873	931
4874	949
4875	984
4876	985
4877	1012
4878	877
4879	953
4880	994
4881	956
4882	966
4883	973
4884	1003
4885	982
4886	983
4887	989
4888	950
4889	922
4890	1006
4891	988
4892	952
4893	919
4894	927
4895	917
4896	902
4897	929
4898	952
4899	975
4900	953
4901	921
4902	998
4903	1048
4904	977
4905	959
4906	972
4907	946
4908	942
4909	976
4910	937
4911	953
4912	882
4913	960
4914	947
4915	921
4916	1048
4917	986
4918	1057
4919	1029
4920	984
4921	938
4922	951
4923	952
4924	895
4925	959
4926	895
4927	947
4928	932
4929	942
4930	951
4931	945
4932	1025
4933	925
4934	951
4935	1001
4936	945
4937	928
4938	876
4939	931
4940	943
4941	884
4942	971
4943	902
4944	966
4945	992
4946	973
4947	932
4948	959
4949	978
4950	934
4951	877
4952	1035
4953	955
4954	1014
4955	956
4956	1017
4957	1009
4958	1021
4959	1019
4960	953
4961	975
4962	1005
4963	978
4964	1034
4965	1015
4966	862
4967	936
4968	1018
4969	856
4970	894
4971	965
4972	893
4973	943
4974	947
4975	1004
4976	925
4977	930
4978	962
4979	1040
4980	986
4981	941
4982	835
4983	1008
4984	951
4985	878
4986	869
4987	901
4988	861
4989	898
4990	936
4991	871
4992	880
4993	941
4994	870
4995	909
4996	946
4997	905
4998	962
4999	966
5000	950
5001	850
5002	918
5003	906
5004	851
5005	896
5006	887
5007	899
5008	893
5009	817
5010	890
5011	914
5012	875
5013	886
5014	890
5015	956
5016	882
5017	925
5018	851
5019	920
5020	916
5021	915
5022	868
5023	913
5024	908
5025	867
5026	963
5027	966
5028	831
5029	864
5030	975
5031	914
5032	840
5033	881
5034	886
5035	920
5036	837
5037	862
5038	947
5039	879
5040	956
5041	837
5042	900
5043	844
5044	903
5045	928
5046	848
5047	856
5048	915
5049	903
5050	906
5051	900
5052	892
5053	843
5054	930
5055	891
5056	931
5057	900
5058	879
5059	914
5060	871
5061	912
5062	873
5063	911
5064	862
5065	860
5066	902
5067	877
5068	917
5069	862
5070	823
5071	827
5072	864
5073	873
5074	814
5075	833
5076	947
5077	847
5078	889
5079	888
5080	845
5081	921
5082	904
5083	867
5084	856
5085	868
5086	888
5087	839
5088	927
5089	896
5090	834
5091	808
5092	826
5093	873
5094	909
5095	893
5096	904
5097	880
5098	958
5099	853
5100	874
5101	796
5102	845
5103	820
5104	856
5105	812
5106	854
5107	840
5108	869
5109	807
5110	818
5111	831
5112	840
5113	901
5114	878
5115	809
5116	832
5117	907
5118	820
5119	838
5120	837
5121	834
5122	773
5123	822
5124	872
5125	911
5126	874
5127	847
5128	819
5129	853
5130	863
5131	899
5132	825
5133	808
5134	850
5135	869
5136	809
5137	925
5138	834
5139	810
5140	824
5141	802
5142	852
5143	801
5144	823
5145	870
5146	821
5147	858
5148	837
5149	920
5150	845
5151	859
5152	836
5153	819
5154	788
5155	890
5156	874
5157	829
5158	842
5159	862
5160	888
5161	851
5162	803
5163	880
5164	803
5165	856
5166	785
5167	882
5168	828
5169	924
5170	841
5171	910
5172	852
5173	806
5174	901
5175	924
5176	904
5177	840
5178	857
5179	903
5180	872
5181	840
5182	885
5183	842
5184	902
5185	859
5186	862
5187	835
5188	923
5189	893
5190	857
5191	838
5192	828
5193	885
5194	844
5195	833
5196	850
5197	902
5198	908
5199	882
5200	842
5201	809
5202	832
5203	866
5204	813
5205	872
5206	814
5207	800
5208	855
5209	881
5210	871
5211	843
5212	856
5213	860
5214	834
5215	846
5216	854
5217	806
5218	871
5219	825
5220	873
5221	828
5222	812
5223	768
5224	852
5225	851
5226	886
5227	890
5228	908
5229	807
5230	829
5231	863
5232	820
5233	835
5234	888
5235	795
5236	859
5237	840
5238	876
5239	805
5240	763
5241	850
5242	772
5243	813
5244	825
5245	761
5246	826
5247	892
5248	819
5249	828
5250	859
5251	866
5252	896
5253	938
5254	802
5255	841
5256	873
5257	813
5258	798
5259	870
5260	806
5261	861
5262	796
5263	801
5264	846
5265	791
5266	867
5267	760
5268	827
5269	799
5270	841
5271	856
5272	781
5273	817
5274	849
5275	817
5276	759
5277	834
5278	794
5279	788
5280	806
5281	859
5282	778
5283	833
5284	866
5285	795
5286	795
5287	755
5288	787
5289	828
5290	812
5291	870
5292	825
5293	761
5294	892
5295	802
5296	807
5297	819
5298	754
5299	798
5300	820
5301	748
5302	821
5303	865
5304	829
5305	749
5306	836
5307	837
5308	774
5309	789
5310	825
5311	745
5312	819
5313	833
5314	744
5315	780
5316	792
5317	795
5318	754
5319	794
5320	838
5321	784
5322	770
5323	754
5324	800
5325	781
5326	807
5327	824
5328	820
5329	786
5330	733
5331	789
5332	778
5333	734
5334	805
5335	858
5336	765
5337	746
5338	831
5339	867
5340	831
5341	771
5342	848
5343	791
5344	770
5345	751
5346	756
5347	799
5348	771
5349	750
5350	804
5351	812
5352	811
5353	752
5354	733
5355	769
5356	819
5357	851
5358	843
5359	792
5360	865
5361	833
5362	772
5363	814
5364	745
5365	835
5366	768
5367	811
5368	842
5369	774
5370	803
5371	756
5372	821
5373	827
5374	825
5375	883
5376	810
5377	743
5378	765
5379	770
5380	777
5381	765
5382	800
5383	794
5384	727
5385	793
5386	815
5387	816
5388	795
5389	841
5390	839
5391	798
5392	887
5393	780
5394	777
5395	791
5396	770
5397	768
5398	823
5399	887
5400	786
5401	824
5402	812
5403	798
5404	776
5405	806
5406	790
5407	832
5408	795
5409	860
5410	820
5411	763
5412	844
5413	793
5414	859
5415	802
5416	874
5417	787
5418	822
5419	837
5420	860
5421	787
5422	769
5423	892
5424	899
5425	806
5426	870
5427	858
5428	845
5429	842
5430	850
5431	895
5432	864
5433	895
5434	905
5435	906
5436	927
5437	844
5438	851
5439	827
5440	837
5441	873
5442	900
5443	860
5444	860
5445	859
5446	844
5447	822
5448	822
5449	860
5450	832
5451	809
5452	804
5453	857
5454	901
5455	806
5456	825
5457	873
5458	849
5459	797
5460	815
5461	950
5462	851
5463	836
5464	873
5465	809
5466	846
5467	777
5468	823
5469	799
5470	855
5471	876
5472	861
5473	840
5474	891
5475	922
5476	936
5477	957
5478	872
5479	949
5480	883
5481	888
5482	961
5483	907
5484	952
5485	952
5486	911
5487	944
5488	928
5489	894
5490	973
5491	967
5492	879
5493	959
5494	915
5495	955
5496	1028
5497	919
5498	1010
5499	869
5500	1036
5501	911
5502	911
5503	975
5504	990
5505	974
5506	1020
5507	906
5508	1009
5509	999
5510	1023
5511	982
5512	942
5513	1064
5514	954
5515	1017
5516	1042
5517	1062
5518	1097
5519	1093
5520	1078
5521	1023
5522	1008
5523	999
5524	1048
5525	1043
5526	1022
5527	1050
5528	930
5529	1029
5530	1024
5531	1034
5532	980
5533	998
5534	1034
5535	1130
5536	1092
5537	975
5538	987
5539	1036
5540	1053
5541	1056
5542	982
5543	1033
5544	1004
5545	1023
5546	1015
5547	925
5548	971
5549	1067
5550	989
5551	1016
5552	1016
5553	1011
5554	981
5555	1013
5556	993
5557	1003
5558	993
5559	989
5560	1039
5561	1014
5562	1008
5563	980
5564	1020
5565	977
5566	1018
5567	966
5568	970
5569	973
5570	998
5571	936
5572	975
5573	1002
5574	947
5575	985
5576	956
5577	975
5578	912
5579	934
5580	1009
5581	972
5582	974
5583	1052
5584	934
5585	937
5586	917
5587	928
5588	1006
5589	991
5590	923
5591	938
5592	977
5593	930
5594	957
5595	875
5596	952
5597	879
5598	926
5599	932
5600	1024
5601	937
5602	918
5603	968
5604	952
5605	963
5606	962
5607	903
5608	879
5609	915
5610	917
5611	1023
5612	872
5613	943
5614	915
5615	994
5616	905
5617	920
5618	941
5619	835
5620	873
5621	938
5622	977
5623	923
5624	916
5625	893
5626	876
5627	911
5628	909
5629	911
5630	863
5631	793
5632	958
5633	938
5634	897
5635	820
5636	923
5637	904
5638	869
5639	799
5640	948
5641	876
5642	867
5643	869
5644	882
5645	871
5646	847
5647	919
5648	998
5649	845
5650	905
5651	870
5652	884
5653	873
5654	868
5655	822
5656	901
5657	939
5658	793
5659	904
5660	826
5661	922
5662	906
5663	842
5664	825
5665	855
5666	847
5667	842
5668	839
5669	810
5670	797
5671	821
5672	824
5673	837
5674	826
5675	822
5676	809
5677	837
5678	812
5679	843
5680	790
5681	854
5682	831
5683	841
5684	781
5685	920
5686	892
5687	869
5688	834
5689	841
5690	786
5691	845
5692	837
5693	809
5694	859
5695	826
5696	814
5697	884
5698	903
5699	804
5700	856
5701	844
5702	779
5703	861
5704	778
5705	875
5706	827
5707	873
5708	886
5709	915
5710	818
5711	828
5712	855
5713	800
5714	822
5715	818
5716	932
5717	903
5718	877
5719	910
5720	825
5721	828
5722	881
5723	903
5724	869
5725	853
5726	885
5727	806
5728	865
5729	869
5730	858
5731	847
5732	905
5733	861
5734	911
5735	766
5736	796
5737	877
5738	781
5739	885
5740	845
5741	856
5742	816
5743	1005
5744	744
5745	895
5746	866
5747	883
5748	905
5749	855
5750	908
5751	779
5752	792
5753	872
5754	870
5755	880
5756	868
5757	885
5758	948
5759	839
5760	872
5761	864
5762	897
5763	865
5764	915
5765	930
5766	830
5767	869
5768	807
5769	862
5770	884
5771	819
5772	779
5773	899
5774	889
5775	913
5776	886
5777	881
5778	883
5779	976
5780	944
5781	858
5782	956
5783	906
5784	870
5785	969
5786	924
5787	923
5788	924
5789	936
5790	849
5791	1026
5792	860
5793	880
5794	906
5795	870
5796	847
5797	883
5798	914
5799	951
5800	837
5801	877
5802	853
5803	787
5804	835
5805	886
5806	858
5807	859
5808	883
5809	848
5810	874
5811	783
5812	822
5813	805
5814	881
5815	867
5816	815
5817	866
5818	816
5819	884
5820	793
5821	790
5822	914
5823	851
5824	815
5825	821
5826	820
5827	868
5828	830
5829	791
5830	810
5831	802
5832	828
5833	850
5834	860
5835	795
5836	806
5837	855
5838	844
5839	769
5840	805
5841	766
5842	877
5843	758
5844	836
5845	817
5846	823
5847	839
5848	853
5849	829
5850	806
5851	830
5852	786
5853	831
5854	740
5855	749
5856	758
5857	753
5858	784
5859	790
5860	738
5861	783
5862	780
5863	771
5864	781
5865	813
5866	794
5867	797
5868	813
5869	768
5870	802
5871	805
5872	804
5873	743
5874	790
5875	734
5876	810
5877	763
5878	775
5879	760
5880	791
5881	769
5882	805
5883	706
5884	757
5885	832
5886	731
5887	751
5888	747
5889	685
5890	789
5891	694
5892	745
5893	823
5894	703
5895	842
5896	740
5897	735
5898	778
5899	745
5900	713
5901	714
5902	746
5903	765
5904	781
5905	715
5906	739
5907	734
5908	698
5909	737
5910	798
5911	818
5912	743
5913	783
5914	731
5915	770
5916	689
5917	720
5918	705
5919	735
5920	712
5921	667
5922	746
5923	747
5924	691
5925	700
5926	688
5927	748
5928	697
5929	763
5930	733
5931	750
5932	728
5933	713
5934	714
5935	680
5936	695
5937	698
5938	727
5939	689
5940	724
5941	705
5942	758
5943	743
5944	732
5945	745
5946	740
5947	670
5948	688
5949	726
5950	701
5951	725
5952	711
5953	717
5954	704
5955	683
5956	667
5957	705
5958	700
5959	700
5960	665
5961	729
5962	710
5963	746
5964	742
5965	681
5966	710
5967	656
5968	724
5969	751
5970	747
5971	724
5972	649
5973	699
5974	764
5975	689
5976	708
5977	685
5978	686
5979	668
5980	655
5981	695
5982	712
5983	656
5984	743
5985	683
5986	651
5987	765
5988	662
5989	716
5990	672
5991	637
5992	648
5993	709
5994	717
5995	701
5996	637
5997	654
5998	664
5999	642
6000	694
6001	674
6002	671
6003	626
6004	726
6005	712
6006	666
6007	654
6008	727
6009	688
6010	752
6011	633
6012	652
6013	703
6014	704
6015	656
6016	691
6017	688
6018	675
6019	685
6020	646
6021	621
6022	689
6023	676
6024	682
6025	628
6026	674
6027	622
6028	627
6029	692
6030	650
6031	669
6032	644
6033	707
6034	651
6035	652
6036	668
6037	642
6038	699
6039	684
6040	626
6041	748
6042	659
6043	614
6044	661
6045	714
6046	645
6047	649
6048	667
6049	658
6050	651
6051	667
6052	648
6053	665
6054	675
6055	676
6056	604
6057	688
6058	665
6059	635
6060	648
6061	681
6062	696
6063	621
6064	655
6065	604
6066	675
6067	632
6068	707
6069	747
6070	595
6071	659
6072	696
6073	665
6074	697
6075	662
6076	621
6077	685
6078	707
6079	616
6080	710
6081	672
6082	715
6083	655
6084	699
6085	694
6086	685
6087	666
6088	614
6089	672
6090	612
6091	728
6092	684
6093	756
6094	723
6095	669
6096	725
6097	695
6098	751
6099	679
6100	673
6101	675
6102	685
6103	720
6104	687
6105	752
6106	685
6107	673
6108	714
6109	702
6110	725
6111	673
6112	607
6113	701
6114	633
6115	718
6116	662
6117	740
6118	707
6119	688
6120	655
6121	691
6122	703
6123	718
6124	696
6125	712
6126	646
6127	726
6128	744
6129	734
6130	687
6131	700
6132	681
6133	744
6134	696
6135	615
6136	689
6137	706
6138	750
6139	651
6140	697
6141	677
6142	655
6143	703
6144	676
6145	622
6146	698
6147	642
6148	631
6149	687
6150	715
6151	653
6152	613
6153	656
6154	652
6155	627
6156	616
6157	629
6158	622
6159	594
6160	625
6161	631
6162	704
6163	677
6164	652
6165	694
6166	637
6167	619
6168	641
6169	636
6170	680
6171	652
6172	614
6173	667
6174	602
6175	619
6176	577
6177	622
6178	649
6179	583
6180	634
6181	596
6182	600
6183	608
6184	677
6185	574
6186	598
6187	605
6188	659
6189	647
6190	578
6191	561
6192	602
6193	574
6194	564
6195	621
6196	623
6197	625
6198	621
6199	589
6200	601
6201	612
6202	646
6203	575
6204	595
6205	632
6206	636
6207	565
6208	629
6209	617
6210	673
6211	586
6212	621
6213	583
6214	576
6215	614
6216	607
6217	624
6218	600
6219	634
6220	659
6221	578
6222	549
6223	582
6224	651
6225	569
6226	541
6227	622
6228	602
6229	585
6230	622
6231	611
6232	617
6233	653
6234	620
6235	565
6236	605
6237	696
6238	655
6239	630
6240	619
6241	625
6242	663
6243	669
6244	633
6245	617
6246	586
6247	622
6248	641
6249	625
6250	608
6251	678
6252	655
6253	649
6254	656
6255	689
6256	635
6257	636
6258	663
6259	644
6260	698
6261	614
6262	638
6263	675
6264	692
6265	628
6266	651
6267	652
6268	650
6269	639
6270	686
6271	659
6272	694
6273	620
6274	627
6275	694
6276	629
6277	641
6278	699
6279	645
6280	669
6281	628
6282	643
6283	666
6284	712
6285	617
6286	701
6287	642
6288	665
6289	691
6290	649
6291	678
6292	720
6293	695
6294	673
6295	697
6296	668
6297	691
6298	718
6299	630
6300	696
6301	651
6302	639
6303	687
6304	673
6305	716
6306	674
6307	674
6308	703
6309	661
6310	633
6311	685
6312	726
6313	634
6314	654
6315	660
6316	662
6317	693
6318	713
6319	600
6320	674
6321	623
6322	675
6323	699
6324	613
6325	619
6326	656
6327	647
6328	683
6329	688
6330	656
6331	629
6332	657
6333	759
6334	684
6335	660
6336	672
6337	702
6338	641
6339	664
6340	663
6341	652
6342	754
6343	636
6344	639
6345	645
6346	637
6347	651
6348	687
6349	674
6350	682
6351	667
6352	634
6353	696
6354	642
6355	599
6356	663
6357	682
6358	587
6359	623
6360	650
6361	633
6362	702
6363	710
6364	702
6365	708
6366	636
6367	711
6368	588
6369	655
6370	648
6371	651
6372	624
6373	695
6374	630
6375	700
6376	615
6377	579
6378	618
6379	613
6380	588
6381	641
6382	642
6383	599
6384	570
6385	614
6386	619
6387	609
6388	693
6389	644
6390	635
6391	642
6392	627
6393	688
6394	643
6395	636
6396	684
6397	634
6398	620
6399	619
6400	635
6401	652
6402	658
6403	647
6404	670
6405	597
6406	624
6407	632
6408	609
6409	575
6410	654
6411	674
6412	651
6413	636
6414	657
6415	647
6416	617
6417	562
6418	553
6419	623
6420	647
6421	630
6422	669
6423	632
6424	639
6425	600
6426	616
6427	670
6428	604
6429	719
6430	686
6431	645
6432	599
6433	624
6434	657
6435	650
6436	683
6437	634
6438	657
6439	648
6440	603
6441	619
6442	673
6443	643
6444	647
6445	633
6446	659
6447	642
6448	656
6449	704
6450	641
6451	634
6452	603
6453	654
6454	675
6455	627
6456	607
6457	653
6458	657
6459	626
6460	662
6461	636
6462	627
6463	623
6464	674
6465	539
6466	617
6467	615
6468	615
6469	614
6470	638
6471	588
6472	630
6473	668
6474	701
6475	603
6476	622
6477	578
6478	637
6479	606
6480	629
6481	595
6482	633
6483	654
6484	675
6485	594
6486	627
6487	580
6488	639
6489	603
6490	608
6491	575
6492	576
6493	612
6494	617
6495	603
6496	623
6497	617
6498	626
6499	613
6500	610
6501	624
6502	682
6503	625
6504	612
6505	592
6506	623
6507	643
6508	612
6509	622
6510	691
6511	688
6512	643
6513	696
6514	634
6515	606
6516	670
6517	615
6518	629
6519	623
6520	635
6521	634
6522	676
6523	633
6524	670
6525	694
6526	621
6527	626
6528	637
6529	607
6530	673
6531	674
6532	628
6533	577
6534	623
6535	644
6536	660
6537	615
6538	615
6539	643
6540	663
6541	604
6542	637
6543	581
6544	661
6545	610
6546	684
6547	584
6548	599
6549	579
6550	676
6551	599
6552	595
6553	661
6554	678
6555	608
6556	633
6557	599
6558	703
6559	605
6560	599
6561	619
6562	610
6563	582
6564	623
6565	601
6566	687
6567	612
6568	643
6569	633
6570	639
6571	672
6572	638
6573	609
6574	653
6575	666
6576	575
6577	571
6578	582
6579	643
6580	564
6581	571
6582	567
6583	639
6584	559
6585	587
6586	591
6587	590
6588	680
6589	600
6590	581
6591	635
6592	614
6593	608
6594	555
6595	604
6596	566
6597	614
6598	645
6599	599
6600	625
6601	651
6602	594
6603	602
6604	623
6605	615
6606	574
6607	624
6608	602
6609	625
6610	662
6611	559
6612	537
6613	622
6614	563
6615	539
6616	585
6617	579
6618	568
6619	565
6620	643
6621	659
6622	563
6623	603
6624	552
6625	604
6626	493
6627	628
6628	639
6629	647
6630	576
6631	607
6632	561
6633	640
6634	569
6635	608
6636	504
6637	624
6638	556
6639	561
6640	627
6641	593
6642	572
6643	566
6644	620
6645	501
6646	580
6647	572
6648	544
6649	576
6650	541
6651	544
6652	593
6653	550
6654	615
6655	573
6656	499
6657	541
6658	574
6659	597
6660	605
6661	554
6662	602
6663	566
6664	576
6665	582
6666	562
6667	542
6668	549
6669	512
6670	542
6671	627
6672	573
6673	589
6674	587
6675	611
6676	597
6677	538
6678	540
6679	566
6680	603
6681	543
6682	495
6683	529
6684	568
6685	567
6686	608
6687	497
6688	568
6689	578
6690	605
6691	601
6692	558
6693	606
6694	560
6695	547
6696	550
6697	572
6698	587
6699	545
6700	576
6701	560
6702	548
6703	551
6704	618
6705	593
6706	567
6707	573
6708	545
6709	500
6710	568
6711	559
6712	517
6713	528
6714	573
6715	593
6716	546
6717	577
6718	513
6719	553
6720	569
6721	567
6722	561
6723	530
6724	511
6725	560
6726	520
6727	546
6728	544
6729	522
6730	502
6731	539
6732	535
6733	546
6734	573
6735	573
6736	573
6737	532
6738	577
6739	524
6740	549
6741	531
6742	535
6743	599
6744	519
6745	598
6746	517
6747	554
6748	503
6749	517
6750	562
6751	552
6752	574
6753	585
6754	507
6755	551
6756	551
6757	562
6758	549
6759	541
6760	547
6761	557
6762	559
6763	537
6764	535
6765	569
6766	557
6767	568
6768	586
6769	497
6770	576
6771	566
6772	554
6773	548
6774	567
6775	569
6776	549
6777	586
6778	539
6779	502
6780	544
6781	578
6782	532
6783	588
6784	610
6785	633
6786	617
6787	617
6788	572
6789	559
6790	562
6791	559
6792	577
6793	565
6794	624
6795	571
6796	585
6797	588
6798	568
6799	563
6800	504
6801	590
6802	618
6803	577
6804	549
6805	525
6806	562
6807	619
6808	580
6809	559
6810	539
6811	557
6812	542
6813	532
6814	597
6815	592
6816	584
6817	601
6818	549
6819	520
6820	530
6821	549
6822	632
6823	633
6824	595
6825	565
6826	568
6827	540
6828	603
6829	591
6830	623
6831	552
6832	571
6833	536
6834	580
6835	556
6836	575
6837	613
6838	556
6839	596
6840	588
6841	567
6842	589
6843	567
6844	556
6845	673
6846	657
6847	602
6848	557
6849	575
6850	580
6851	617
6852	596
6853	626
6854	555
6855	611
6856	577
6857	533
6858	551
6859	577
6860	574
6861	578
6862	550
6863	584
6864	540
6865	602
6866	530
6867	588
6868	566
6869	603
6870	603
6871	623
6872	644
6873	602
6874	548
6875	590
6876	566
6877	552
6878	549
6879	584
6880	551
6881	596
6882	582
6883	599
6884	622
6885	582
6886	559
6887	581
6888	554
6889	606
6890	575
6891	583
6892	589
6893	575
6894	586
6895	579
6896	599
6897	530
6898	574
6899	610
6900	611
6901	571
6902	637
6903	516
6904	511
6905	597
6906	640
6907	603
6908	593
6909	572
6910	574
6911	606
6912	568
6913	610
6914	577
6915	612
6916	558
6917	580
6918	584
6919	539
6920	587
6921	603
6922	603
6923	625
6924	679
6925	618
6926	563
6927	635
6928	579
6929	549
6930	599
6931	632
6932	543
6933	600
6934	602
6935	554
6936	562
6937	591
6938	588
6939	579
6940	603
6941	550
6942	549
6943	562
6944	541
6945	559
6946	607
6947	564
6948	560
6949	567
6950	545
6951	581
6952	629
6953	527
6954	549
6955	542
6956	522
6957	573
6958	544
6959	573
6960	563
6961	606
6962	566
6963	580
6964	572
6965	563
6966	585
6967	584
6968	599
6969	478
6970	618
6971	603
6972	524
6973	595
6974	522
6975	559
6976	532
6977	548
6978	603
6979	576
6980	570
6981	602
6982	537
6983	504
6984	587
6985	523
6986	588
6987	539
6988	536
6989	531
6990	602
6991	549
6992	597
6993	599
6994	546
6995	574
6996	539
6997	542
6998	603
6999	544
7000	523
7001	600
7002	558
7003	549
7004	564
7005	510
7006	542
7007	552
7008	539
7009	559
7010	533
7011	593
7012	534
7013	570
7014	554
7015	542
7016	559
7017	592
7018	493
7019	537
7020	588
7021	555
7022	515
7023	524
7024	550
7025	569
7026	535
7027	572
7028	491
7029	531
7030	569
7031	512
7032	462
7033	526
7034	513
7035	526
7036	515
7037	502
7038	537
7039	517
7040	570
7041	498
7042	533
7043	565
7044	493
7045	575
7046	481
7047	552
7048	523
7049	493
7050	552
7051	525
7052	522
7053	557
7054	512
7055	470
7056	523
7057	564
7058	524
7059	503
7060	506
7061	529
7062	528
7063	515
7064	540
7065	550
7066	504
7067	506
7068	542
7069	547
7070	510

