## htsjdk.samtools.metrics.StringHeader
# CollectInsertSizeMetrics HISTOGRAM_FILE=/work/ugbogu/pipeline/data/nbl/GSE189367/results/picard/SRR17011001_insert_size_histogram.pdf MINIMUM_PCT=0.5 INPUT=/work/ugbogu/pipeline/data/nbl/GSE189367/results/star/SRR17011001.Aligned.sortedByCoord.out.bam OUTPUT=/work/ugbogu/pipeline/data/nbl/GSE189367/results/picard/SRR17011001_insert_size_metrics.txt    DEVIATIONS=10.0 METRIC_ACCUMULATION_LEVEL=[ALL_READS] INCLUDE_DUPLICATES=false ASSUME_SORTED=true STOP_AFTER=0 VERBOSITY=INFO QUIET=false VALIDATION_STRINGENCY=STRICT COMPRESSION_LEVEL=5 MAX_RECORDS_IN_RAM=500000 CREATE_INDEX=false CREATE_MD5_FILE=false USE_JDK_DEFLATER=false USE_JDK_INFLATER=false
## htsjdk.samtools.metrics.StringHeader
# Started on: Wed Apr 15 05:25:54 UTC 2026

## METRICS CLASS	picard.analysis.InsertSizeMetrics
MEDIAN_INSERT_SIZE	MODE_INSERT_SIZE	MEDIAN_ABSOLUTE_DEVIATION	MIN_INSERT_SIZE	MAX_INSERT_SIZE	MEAN_INSERT_SIZE	STANDARD_DEVIATION	READ_PAIRS	PAIR_ORIENTATION	WIDTH_OF_10_PERCENT	WIDTH_OF_20_PERCENT	WIDTH_OF_30_PERCENT	WIDTH_OF_40_PERCENT	WIDTH_OF_50_PERCENT	WIDTH_OF_60_PERCENT	WIDTH_OF_70_PERCENT	WIDTH_OF_80_PERCENT	WIDTH_OF_90_PERCENT	WIDTH_OF_95_PERCENT	WIDTH_OF_99_PERCENT	SAMPLE	LIBRARY	READ_GROUP
562	124	447	27	3199057	936.415204	1193.402987	26478148	FR	453	667	775	841	895	1379	3587	7965	21799	61545	159725			

## HISTOGRAM	java.lang.Integer
insert_size	All_Reads.fr_count
27	2
28	2
29	4
31	4
32	3
33	9
34	26
35	124
36	151
37	144
38	129
39	185
40	173
41	225
42	214
43	265
44	237
45	282
46	344
47	346
48	431
49	473
50	580
51	639
52	615
53	718
54	740
55	824
56	1000
57	1185
58	1301
59	1579
60	1747
61	2129
62	2312
63	2399
64	2428
65	2664
66	3199
67	3711
68	4242
69	4869
70	5079
71	6059
72	5827
73	7598
74	8173
75	19912
76	11400
77	12025
78	16125
79	13210
80	12999
81	15596
82	15909
83	16600
84	17435
85	18352
86	19473
87	21506
88	23250
89	25180
90	27014
91	29728
92	33453
93	34708
94	37509
95	40782
96	41939
97	46011
98	48738
99	52445
100	53864
101	56940
102	59049
103	61127
104	65631
105	69546
106	71495
107	74058
108	74481
109	78369
110	79546
111	81319
112	82758
113	84078
114	85804
115	87371
116	90100
117	90540
118	93433
119	93036
120	94947
121	96672
122	95855
123	98133
124	99506
125	98156
126	96778
127	97765
128	96873
129	97327
130	98108
131	96619
132	95034
133	97765
134	97829
135	96048
136	96476
137	96294
138	94417
139	94926
140	93896
141	91724
142	91400
143	90076
144	89936
145	89623
146	87225
147	84233
148	86707
149	84629
150	82368
151	85024
152	82070
153	80827
154	81121
155	80802
156	80004
157	78922
158	76570
159	76386
160	74970
161	74378
162	73418
163	72739
164	70741
165	69523
166	69741
167	68951
168	67296
169	67960
170	67248
171	66856
172	65613
173	64179
174	61782
175	62043
176	61682
177	59324
178	59830
179	58425
180	57756
181	56914
182	56687
183	55181
184	54538
185	54173
186	54127
187	53565
188	53239
189	52274
190	51444
191	51160
192	50523
193	50223
194	48933
195	47481
196	47064
197	47051
198	46723
199	45797
200	45415
201	45175
202	45651
203	44686
204	43428
205	42927
206	42963
207	41921
208	42073
209	41070
210	40279
211	40632
212	39836
213	39486
214	38903
215	39010
216	38159
217	37972
218	37206
219	37152
220	37048
221	36763
222	35249
223	35076
224	35551
225	34721
226	34757
227	34149
228	33578
229	34142
230	34017
231	33386
232	32570
233	32374
234	32276
235	32209
236	31441
237	30988
238	30506
239	30340
240	29628
241	29879
242	29684
243	28828
244	28304
245	28286
246	27662
247	27839
248	28022
249	27357
250	27197
251	26863
252	26445
253	25993
254	25595
255	25714
256	25574
257	24985
258	25090
259	24195
260	24290
261	23956
262	23926
263	23847
264	23460
265	23445
266	23066
267	22511
268	22486
269	22686
270	22268
271	21694
272	21214
273	21313
274	21324
275	21180
276	20535
277	20419
278	20568
279	20392
280	19941
281	19500
282	19755
283	19799
284	19247
285	19082
286	18811
287	18603
288	18370
289	18177
290	17925
291	17561
292	17844
293	17183
294	17456
295	17143
296	17229
297	16291
298	16405
299	16472
300	16108
301	16142
302	16017
303	15945
304	15905
305	15641
306	15136
307	15345
308	15477
309	15221
310	14947
311	14849
312	14868
313	14442
314	14290
315	14434
316	14315
317	14149
318	13678
319	13615
320	13905
321	13763
322	13515
323	13322
324	13191
325	13391
326	12996
327	12756
328	12894
329	12832
330	12551
331	12543
332	12518
333	12372
334	12379
335	12093
336	12066
337	12070
338	11703
339	11525
340	11588
341	11655
342	11361
343	11352
344	11403
345	11103
346	11288
347	11136
348	11038
349	10929
350	10662
351	10555
352	10793
353	10872
354	10872
355	10358
356	10222
357	10681
358	10154
359	10083
360	9913
361	10253
362	10088
363	9948
364	10274
365	9687
366	9849
367	9793
368	9562
369	9501
370	9482
371	9266
372	9239
373	9252
374	9400
375	9210
376	9214
377	9102
378	8983
379	8896
380	9199
381	9050
382	8777
383	8779
384	8924
385	8988
386	8744
387	8388
388	8389
389	8194
390	8344
391	8164
392	8209
393	8435
394	8309
395	8323
396	8189
397	8300
398	8120
399	8128
400	7919
401	7902
402	7935
403	7972
404	7843
405	7904
406	7455
407	7502
408	7587
409	7908
410	7604
411	7768
412	7247
413	7365
414	7334
415	7282
416	7397
417	7302
418	7303
419	7293
420	7097
421	7063
422	7023
423	7045
424	7216
425	6966
426	7026
427	7211
428	6907
429	7239
430	7069
431	6893
432	7054
433	7094
434	6793
435	6880
436	6692
437	6665
438	6734
439	6580
440	6847
441	6829
442	6700
443	6655
444	6527
445	6332
446	6526
447	6593
448	6738
449	6638
450	6440
451	6656
452	6479
453	6663
454	6672
455	6664
456	6329
457	6249
458	6258
459	6438
460	6264
461	6402
462	6118
463	6298
464	6245
465	6107
466	6063
467	6273
468	5739
469	5807
470	5955
471	6136
472	5961
473	5992
474	5692
475	5949
476	5965
477	5963
478	5751
479	5885
480	5732
481	5732
482	6096
483	5550
484	5694
485	5823
486	5603
487	5614
488	5733
489	5759
490	5758
491	5574
492	5617
493	5682
494	5729
495	5502
496	5538
497	5607
498	5585
499	5880
500	5686
501	5656
502	5326
503	5685
504	5485
505	5700
506	5356
507	5998
508	5692
509	6055
510	5722
511	5558
512	5790
513	5707
514	5736
515	5782
516	5380
517	5759
518	5808
519	5790
520	5738
521	5810
522	5960
523	5707
524	5626
525	5593
526	5551
527	5617
528	5378
529	5434
530	5366
531	5462
532	5469
533	5530
534	5218
535	5508
536	5663
537	5758
538	5719
539	5656
540	5671
541	5453
542	5338
543	5694
544	5449
545	5459
546	5479
547	5237
548	5066
549	4913
550	5130
551	5321
552	5258
553	5312
554	5220
555	5084
556	5460
557	5170
558	5296
559	5097
560	5151
561	5167
562	5118
563	5346
564	5223
565	5037
566	5291
567	5212
568	5434
569	5109
570	5228
571	5077
572	4964
573	5136
574	4951
575	4966
576	5141
577	4876
578	5106
579	5111
580	4987
581	5170
582	5275
583	5050
584	5048
585	5072
586	5148
587	5016
588	5058
589	4996
590	4957
591	4943
592	4902
593	4896
594	4833
595	5131
596	5070
597	4947
598	5003
599	5022
600	4838
601	4848
602	4692
603	4737
604	4785
605	4966
606	4723
607	4778
608	4795
609	4744
610	4836
611	4752
612	4760
613	4460
614	4779
615	4746
616	4639
617	4835
618	4495
619	4577
620	4667
621	4612
622	4514
623	4568
624	4609
625	4756
626	4646
627	4536
628	4773
629	4651
630	4542
631	4487
632	4660
633	4668
634	4566
635	4821
636	4769
637	4718
638	4532
639	4596
640	4619
641	4545
642	4519
643	4393
644	4525
645	4612
646	4615
647	4709
648	4477
649	4818
650	4376
651	4500
652	4571
653	4516
654	4540
655	4718
656	4381
657	4519
658	4447
659	4622
660	4491
661	4368
662	4348
663	4496
664	4489
665	4609
666	4531
667	4571
668	4584
669	4405
670	4559
671	4676
672	4448
673	4364
674	4529
675	4338
676	4533
677	4363
678	4568
679	4278
680	4578
681	4491
682	4399
683	4406
684	4476
685	4537
686	4392
687	4379
688	4321
689	4392
690	4462
691	4651
692	4477
693	4525
694	4483
695	4507
696	4749
697	4361
698	4620
699	4696
700	4482
701	4614
702	4490
703	4545
704	4373
705	4513
706	4213
707	4258
708	4379
709	4407
710	4403
711	4615
712	4517
713	4496
714	4390
715	4396
716	4395
717	4527
718	4442
719	4309
720	4467
721	4496
722	4311
723	4392
724	4619
725	4352
726	4439
727	4603
728	4438
729	4435
730	4587
731	4395
732	4455
733	4373
734	4584
735	4394
736	4444
737	4354
738	4535
739	4315
740	4395
741	4530
742	4425
743	4450
744	4218
745	4553
746	4180
747	4398
748	4536
749	4299
750	4295
751	4292
752	4161
753	4352
754	4259
755	4222
756	4328
757	4309
758	4352
759	4374
760	4359
761	4211
762	4419
763	4264
764	4199
765	4197
766	4269
767	4141
768	4157
769	4164
770	4263
771	4139
772	4052
773	4391
774	4299
775	4138
776	4244
777	4418
778	4106
779	4249
780	4415
781	4159
782	3991
783	4127
784	4155
785	3987
786	4389
787	4174
788	4190
789	4245
790	4060
791	4187
792	4081
793	4045
794	4183
795	4283
796	4301
797	4156
798	4209
799	4073
800	4155
801	4248
802	4241
803	4268
804	4319
805	4123
806	4307
807	4070
808	3970
809	4098
810	3811
811	3950
812	3989
813	3967
814	4043
815	4158
816	4094
817	4011
818	3993
819	4176
820	3902
821	3876
822	3975
823	3911
824	3984
825	4005
826	3798
827	4027
828	3881
829	3939
830	4055
831	4031
832	4154
833	4164
834	3888
835	3912
836	4078
837	4123
838	3918
839	4199
840	3948
841	4010
842	3878
843	3932
844	4162
845	3889
846	4022
847	3912
848	4040
849	3899
850	3925
851	3874
852	4009
853	4006
854	3897
855	3861
856	3954
857	3833
858	3798
859	4065
860	4105
861	3984
862	3816
863	3753
864	3902
865	3757
866	3636
867	3934
868	3904
869	3848
870	3810
871	3969
872	3912
873	3725
874	3939
875	3815
876	3923
877	3967
878	3912
879	3804
880	3997
881	3944
882	4169
883	3884
884	4090
885	3970
886	4094
887	3678
888	3971
889	3997
890	4086
891	3912
892	3765
893	4047
894	3819
895	3987
896	3731
897	3746
898	3760
899	3758
900	3866
901	3679
902	3771
903	4052
904	3817
905	4020
906	3873
907	3772
908	3699
909	3743
910	3963
911	3697
912	3733
913	3779
914	3760
915	3808
916	3691
917	3753
918	3719
919	3690
920	3858
921	3917
922	3886
923	3760
924	3913
925	3807
926	3886
927	4032
928	3733
929	3878
930	3825
931	3780
932	3962
933	3939
934	3779
935	3695
936	3882
937	3799
938	3718
939	3802
940	3782
941	3746
942	3864
943	3842
944	3795
945	3847
946	3752
947	3761
948	3587
949	3943
950	3874
951	3824
952	3700
953	3668
954	3674
955	3640
956	3679
957	3732
958	3735
959	3654
960	3620
961	3792
962	3674
963	3621
964	3599
965	3698
966	3901
967	3685
968	3592
969	3737
970	3849
971	3653
972	3790
973	3863
974	3739
975	3678
976	3774
977	3635
978	3829
979	3741
980	3725
981	3610
982	3539
983	3615
984	3421
985	3658
986	3591
987	3504
988	3745
989	3535
990	3546
991	3659
992	3759
993	3501
994	3565
995	3540
996	3426
997	3590
998	3565
999	3388
1000	3631
1001	3460
1002	3532
1003	3325
1004	3382
1005	3367
1006	3425
1007	3380
1008	3292
1009	3298
1010	3386
1011	3501
1012	3494
1013	3386
1014	3540
1015	3447
1016	3424
1017	3486
1018	3446
1019	3470
1020	3414
1021	3389
1022	3437
1023	3449
1024	3515
1025	3348
1026	3482
1027	3383
1028	3312
1029	3352
1030	3359
1031	3206
1032	3490
1033	3219
1034	3340
1035	3367
1036	3319
1037	3229
1038	3396
1039	3325
1040	3096
1041	3248
1042	3145
1043	3140
1044	3436
1045	3289
1046	3255
1047	3339
1048	3442
1049	3160
1050	3279
1051	3326
1052	3249
1053	3116
1054	3317
1055	3226
1056	3081
1057	3311
1058	3136
1059	3249
1060	3068
1061	2957
1062	3294
1063	3166
1064	3255
1065	3065
1066	3321
1067	3153
1068	3202
1069	2897
1070	3314
1071	3121
1072	3182
1073	3125
1074	3296
1075	3039
1076	3304
1077	3085
1078	3189
1079	3122
1080	3368
1081	3231
1082	3174
1083	3109
1084	3235
1085	3142
1086	3069
1087	3310
1088	3164
1089	3273
1090	3242
1091	3078
1092	3111
1093	3054
1094	3113
1095	3091
1096	3072
1097	3052
1098	3047
1099	3221
1100	3127
1101	3087
1102	3042
1103	3293
1104	2935
1105	3021
1106	2936
1107	3096
1108	3092
1109	3090
1110	3113
1111	3059
1112	3223
1113	3193
1114	3224
1115	3060
1116	2801
1117	3148
1118	3120
1119	3046
1120	3077
1121	3080
1122	3138
1123	3078
1124	3002
1125	3047
1126	3066
1127	3151
1128	3189
1129	3144
1130	3067
1131	3216
1132	2868
1133	3051
1134	3061
1135	3086
1136	3062
1137	3136
1138	3119
1139	3033
1140	2865
1141	2992
1142	2974
1143	3014
1144	3041
1145	2993
1146	3025
1147	2991
1148	3141
1149	2968
1150	3123
1151	3226
1152	3005
1153	3175
1154	2920
1155	2972
1156	3123
1157	2989
1158	3133
1159	3017
1160	3171
1161	3104
1162	3142
1163	3169
1164	3213
1165	3171
1166	3069
1167	3033
1168	3076
1169	3143
1170	2937
1171	2924
1172	2998
1173	3198
1174	2996
1175	3204
1176	2960
1177	3018
1178	2980
1179	3059
1180	3183
1181	3052
1182	3031
1183	3026
1184	3002
1185	3225
1186	3090
1187	3068
1188	3098
1189	3043
1190	2970
1191	3075
1192	3177
1193	3054
1194	3248
1195	3034
1196	3041
1197	3068
1198	3193
1199	3098
1200	3025
1201	3173
1202	3154
1203	3201
1204	2991
1205	2909
1206	3115
1207	3159
1208	3037
1209	3237
1210	3216
1211	3217
1212	3296
1213	3082
1214	3094
1215	3167
1216	3156
1217	3017
1218	3224
1219	3143
1220	3125
1221	3125
1222	2999
1223	3143
1224	3332
1225	3221
1226	3217
1227	3400
1228	3155
1229	3223
1230	3284
1231	3167
1232	3129
1233	3164
1234	3244
1235	3098
1236	3053
1237	3222
1238	3154
1239	3133
1240	3011
1241	3195
1242	3147
1243	3202
1244	3251
1245	3086
1246	3127
1247	3081
1248	3025
1249	3045
1250	3057
1251	3058
1252	3036
1253	3048
1254	3053
1255	3168
1256	3000
1257	3098
1258	3190
1259	2977
1260	3102
1261	2926
1262	2923
1263	3078
1264	3091
1265	3154
1266	3405
1267	3254
1268	3054
1269	3099
1270	3029
1271	3153
1272	2923
1273	3003
1274	3084
1275	2968
1276	2991
1277	3011
1278	2810
1279	3047
1280	2964
1281	2986
1282	2953
1283	3106
1284	2827
1285	2961
1286	2815
1287	2810
1288	2955
1289	2869
1290	3022
1291	2861
1292	2919
1293	3037
1294	2864
1295	2880
1296	2840
1297	2877
1298	2989
1299	3011
1300	2750
1301	2796
1302	2973
1303	2861
1304	2847
1305	2991
1306	2963
1307	2969
1308	3044
1309	2885
1310	2834
1311	2895
1312	2856
1313	2839
1314	2955
1315	2841
1316	3004
1317	2932
1318	2711
1319	2873
1320	2775
1321	2962
1322	2971
1323	2888
1324	2862
1325	2769
1326	2874
1327	2737
1328	2950
1329	2925
1330	2905
1331	2801
1332	2768
1333	2877
1334	2775
1335	2813
1336	2751
1337	2770
1338	2764
1339	2921
1340	2681
1341	2831
1342	2800
1343	2835
1344	2783
1345	2797
1346	2678
1347	2700
1348	2797
1349	2849
1350	2805
1351	2743
1352	2965
1353	2909
1354	2784
1355	2720
1356	2616
1357	2762
1358	2772
1359	2731
1360	2681
1361	2754
1362	2710
1363	2725
1364	2633
1365	2768
1366	2701
1367	2785
1368	2778
1369	2845
1370	2635
1371	2816
1372	2706
1373	2750
1374	2768
1375	2893
1376	2721
1377	2735
1378	2773
1379	2844
1380	2872
1381	2674
1382	2762
1383	2785
1384	2808
1385	2746
1386	2731
1387	2978
1388	2811
1389	2653
1390	2611
1391	2786
1392	2738
1393	2827
1394	2627
1395	2669
1396	2640
1397	2749
1398	2837
1399	2750
1400	2604
1401	2796
1402	2641
1403	2633
1404	2652
1405	2537
1406	2607
1407	2692
1408	2700
1409	2696
1410	2600
1411	2695
1412	2749
1413	2593
1414	2834
1415	2767
1416	2678
1417	2518
1418	2544
1419	2554
1420	2649
1421	2564
1422	2735
1423	2554
1424	2506
1425	2593
1426	2703
1427	2555
1428	2651
1429	2668
1430	2732
1431	2668
1432	2585
1433	2563
1434	2610
1435	2676
1436	2671
1437	2561
1438	2537
1439	2510
1440	2655
1441	2602
1442	2620
1443	2559
1444	2603
1445	2582
1446	2369
1447	2532
1448	2573
1449	2654
1450	2607
1451	2526
1452	2655
1453	2616
1454	2577
1455	2680
1456	2672
1457	2495
1458	2682
1459	2642
1460	2796
1461	2525
1462	2609
1463	2578
1464	2616
1465	2758
1466	2673
1467	2653
1468	2722
1469	2697
1470	2712
1471	2567
1472	2673
1473	2719
1474	2881
1475	2896
1476	2772
1477	2498
1478	2670
1479	2722
1480	2531
1481	2673
1482	2590
1483	2698
1484	2575
1485	2608
1486	2633
1487	2625
1488	2593
1489	2709
1490	2845
1491	2652
1492	2902
1493	2819
1494	2768
1495	2757
1496	2876
1497	2706
1498	2692
1499	2963
1500	2967
1501	2735
1502	2815
1503	2821
1504	2715
1505	2773
1506	3000
1507	2796
1508	2905
1509	2972
1510	2958
1511	2826
1512	2638
1513	2739
1514	2663
1515	2701
1516	2782
1517	2786
1518	2727
1519	2809
1520	2841
1521	2533
1522	2622
1523	2897
1524	2707
1525	2814
1526	2875
1527	2871
1528	2813
1529	2816
1530	2764
1531	2914
1532	2750
1533	2898
1534	2823
1535	2773
1536	2778
1537	2724
1538	2663
1539	2838
1540	2825
1541	2876
1542	2683
1543	2649
1544	2878
1545	2859
1546	2712
1547	2749
1548	2804
1549	3044
1550	2877
1551	2872
1552	2796
1553	2917
1554	2768
1555	2719
1556	2842
1557	2861
1558	2915
1559	2947
1560	2658
1561	2760
1562	2780
1563	2997
1564	2582
1565	2940
1566	2772
1567	2770
1568	2999
1569	2801
1570	2883
1571	2584
1572	2926
1573	2735
1574	2813
1575	2780
1576	2747
1577	2540
1578	2715
1579	2683
1580	2711
1581	2670
1582	2720
1583	2814
1584	2845
1585	2911
1586	2733
1587	2939
1588	2762
1589	2886
1590	2570
1591	2756
1592	2632
1593	2728
1594	2734
1595	2509
1596	2537
1597	2420
1598	2585
1599	2637
1600	2527
1601	2704
1602	2722
1603	2603
1604	2557
1605	2667
1606	2710
1607	2757
1608	2725
1609	2718
1610	2651
1611	2571
1612	2525
1613	2525
1614	2561
1615	2638
1616	2574
1617	2532
1618	2563
1619	2644
1620	2520
1621	2503
1622	2718
1623	2611
1624	2592
1625	2584
1626	2644
1627	2672
1628	2532
1629	2649
1630	2729
1631	2462
1632	2754
1633	2508
1634	2594
1635	2630
1636	2628
1637	2637
1638	2620
1639	2751
1640	2567
1641	2669
1642	2749
1643	2603
1644	2636
1645	2607
1646	2610
1647	2451
1648	2679
1649	2510
1650	2508
1651	2739
1652	2586
1653	2727
1654	2640
1655	2587
1656	2570
1657	2539
1658	2522
1659	2501
1660	2789
1661	2743
1662	2550
1663	2785
1664	2589
1665	2729
1666	2591
1667	2736
1668	2508
1669	2491
1670	2669
1671	2753
1672	2837
1673	2597
1674	2614
1675	2564
1676	2625
1677	2654
1678	2519
1679	2598
1680	2554
1681	2610
1682	2667
1683	2666
1684	2573
1685	2537
1686	2492
1687	2634
1688	2673
1689	2429
1690	2517
1691	2578
1692	2628
1693	2692
1694	2785
1695	2507
1696	2580
1697	2559
1698	2631
1699	2616
1700	2603
1701	2554
1702	2550
1703	2548
1704	2668
1705	2585
1706	2606
1707	2621
1708	2610
1709	2619
1710	2648
1711	2681
1712	2666
1713	2507
1714	2580
1715	2591
1716	2646
1717	2704
1718	2548
1719	2555
1720	2527
1721	2543
1722	2693
1723	2534
1724	2488
1725	2626
1726	2427
1727	2450
1728	2788
1729	2610
1730	2608
1731	2800
1732	2520
1733	2684
1734	2613
1735	2746
1736	2774
1737	2589
1738	2488
1739	2545
1740	2432
1741	2531
1742	2450
1743	2585
1744	2566
1745	2526
1746	2592
1747	2628
1748	2386
1749	2456
1750	2598
1751	2449
1752	2488
1753	2502
1754	2557
1755	2578
1756	2592
1757	2425
1758	2525
1759	2475
1760	2476
1761	2394
1762	2437
1763	2312
1764	2390
1765	2377
1766	2351
1767	2461
1768	2346
1769	2562
1770	2535
1771	2551
1772	2396
1773	2454
1774	2555
1775	2413
1776	2463
1777	2446
1778	2419
1779	2265
1780	2438
1781	2387
1782	2431
1783	2326
1784	2350
1785	2436
1786	2182
1787	2437
1788	2468
1789	2433
1790	2297
1791	2293
1792	2404
1793	2336
1794	2224
1795	2145
1796	2213
1797	2274
1798	2311
1799	2156
1800	2293
1801	2195
1802	2166
1803	2196
1804	2262
1805	2494
1806	2028
1807	2312
1808	2262
1809	2276
1810	2258
1811	2301
1812	2376
1813	2203
1814	2250
1815	2311
1816	2298
1817	2224
1818	2181
1819	2173
1820	2183
1821	2125
1822	2048
1823	2106
1824	2202
1825	2140
1826	2097
1827	2254
1828	2270
1829	2229
1830	2047
1831	2207
1832	2143
1833	2127
1834	2219
1835	2249
1836	2161
1837	2090
1838	2065
1839	2070
1840	1990
1841	2179
1842	2254
1843	2194
1844	2065
1845	2079
1846	2250
1847	1886
1848	2050
1849	2043
1850	2217
1851	2298
1852	1996
1853	2058
1854	2268
1855	2178
1856	2056
1857	2213
1858	2061
1859	2047
1860	2218
1861	2107
1862	2060
1863	2094
1864	2156
1865	2070
1866	2086
1867	2158
1868	2066
1869	2077
1870	2166
1871	2168
1872	2131
1873	2070
1874	2033
1875	2163
1876	2233
1877	2201
1878	2052
1879	2167
1880	2059
1881	2063
1882	2143
1883	2073
1884	2036
1885	2110
1886	2091
1887	2074
1888	2207
1889	2197
1890	2205
1891	2208
1892	2267
1893	2287
1894	2166
1895	2243
1896	2157
1897	2215
1898	2151
1899	2186
1900	2116
1901	2024
1902	2140
1903	2203
1904	2184
1905	2055
1906	2261
1907	2167
1908	2211
1909	2371
1910	2197
1911	2130
1912	2171
1913	2309
1914	2253
1915	2128
1916	2130
1917	2276
1918	2344
1919	2096
1920	2319
1921	2200
1922	2331
1923	2157
1924	2293
1925	2320
1926	2270
1927	2172
1928	2268
1929	2195
1930	2393
1931	2181
1932	2227
1933	2258
1934	2137
1935	2245
1936	2143
1937	2272
1938	2383
1939	2231
1940	2139
1941	2248
1942	2311
1943	2219
1944	2300
1945	2177
1946	2134
1947	2202
1948	2327
1949	2093
1950	2087
1951	2199
1952	2210
1953	2269
1954	2293
1955	2151
1956	2206
1957	2210
1958	2147
1959	2243
1960	2239
1961	2225
1962	2314
1963	2272
1964	2199
1965	2285
1966	2135
1967	2227
1968	2360
1969	2253
1970	2359
1971	2305
1972	2462
1973	2374
1974	2370
1975	2328
1976	2164
1977	2331
1978	2380
1979	2332
1980	2264
1981	2358
1982	2325
1983	2341
1984	2427
1985	2417
1986	2307
1987	2376
1988	2154
1989	2191
1990	2512
1991	2343
1992	2529
1993	2438
1994	2351
1995	2357
1996	2388
1997	2362
1998	2365
1999	2410
2000	2424
2001	2386
2002	2423
2003	2417
2004	2386
2005	2472
2006	2295
2007	2389
2008	2310
2009	2406
2010	2290
2011	2334
2012	2283
2013	2294
2014	2291
2015	2435
2016	2604
2017	2361
2018	2386
2019	2413
2020	2262
2021	2525
2022	2464
2023	2315
2024	2411
2025	2405
2026	2328
2027	2347
2028	2297
2029	2411
2030	2207
2031	2128
2032	2311
2033	2375
2034	2263
2035	2323
2036	2200
2037	2239
2038	2295
2039	2357
2040	2405
2041	2267
2042	2329
2043	2253
2044	2223
2045	2248
2046	2335
2047	2460
2048	2304
2049	2371
2050	2405
2051	2263
2052	2255
2053	2450
2054	2277
2055	2312
2056	2165
2057	2500
2058	2359
2059	2282
2060	2200
2061	2292
2062	2201
2063	2186
2064	2423
2065	2218
2066	2214
2067	2210
2068	2207
2069	2244
2070	2267
2071	2205
2072	2330
2073	2220
2074	2244
2075	2218
2076	2352
2077	2123
2078	2107
2079	2191
2080	2155
2081	2165
2082	2066
2083	2189
2084	1994
2085	2131
2086	2260
2087	2162
2088	2164
2089	2181
2090	2122
2091	2084
2092	1950
2093	2036
2094	2246
2095	2141
2096	1966
2097	2094
2098	2004
2099	1983
2100	2189
2101	1984
2102	2154
2103	2187
2104	2035
2105	2111
2106	2065
2107	1973
2108	2061
2109	2067
2110	2171
2111	1976
2112	1960
2113	1985
2114	1977
2115	2091
2116	2069
2117	1799
2118	2007
2119	1852
2120	1954
2121	1911
2122	2082
2123	2044
2124	1955
2125	2143
2126	2064
2127	2069
2128	1989
2129	2067
2130	2150
2131	1958
2132	2064
2133	2020
2134	2125
2135	2084
2136	2026
2137	2018
2138	2038
2139	2058
2140	1787
2141	1910
2142	1738
2143	1816
2144	2030
2145	1826
2146	2063
2147	1921
2148	1996
2149	1963
2150	1917
2151	1850
2152	1901
2153	1943
2154	1881
2155	1899
2156	1918
2157	1883
2158	1876
2159	2021
2160	1883
2161	1898
2162	1935
2163	1768
2164	1878
2165	1929
2166	1856
2167	1970
2168	1948
2169	1845
2170	1888
2171	2021
2172	1865
2173	1846
2174	1905
2175	1857
2176	1935
2177	1955
2178	1905
2179	1945
2180	1988
2181	1918
2182	1983
2183	1914
2184	1835
2185	2034
2186	1901
2187	1918
2188	1819
2189	1951
2190	1829
2191	1962
2192	1937
2193	1946
2194	1952
2195	1938
2196	1787
2197	1970
2198	2008
2199	1904
2200	2014
2201	1986
2202	1876
2203	1856
2204	1928
2205	1921
2206	1774
2207	1959
2208	1930
2209	2054
2210	1946
2211	1858
2212	1753
2213	1995
2214	1942
2215	1955
2216	1920
2217	1880
2218	1891
2219	1851
2220	1863
2221	1937
2222	1951
2223	2023
2224	1996
2225	1836
2226	2070
2227	1924
2228	1992
2229	1874
2230	1798
2231	1902
2232	1934
2233	1920
2234	1898
2235	2171
2236	2007
2237	1927
2238	2002
2239	2055
2240	2040
2241	1959
2242	2175
2243	2191
2244	1998
2245	2078
2246	1919
2247	1911
2248	2038
2249	2110
2250	1918
2251	1888
2252	1956
2253	2001
2254	2029
2255	2009
2256	2017
2257	2061
2258	2089
2259	2128
2260	2187
2261	2020
2262	2059
2263	2040
2264	2098
2265	1898
2266	1911
2267	1851
2268	1912
2269	1998
2270	1960
2271	2067
2272	1886
2273	1953
2274	2016
2275	1857
2276	1999
2277	2138
2278	1951
2279	1891
2280	1989
2281	1954
2282	1927
2283	1900
2284	1875
2285	1904
2286	1947
2287	1871
2288	1922
2289	1919
2290	1903
2291	1740
2292	1840
2293	1976
2294	1830
2295	1879
2296	1815
2297	1856
2298	1807
2299	2045
2300	1934
2301	1859
2302	1847
2303	1867
2304	1903
2305	1814
2306	1773
2307	1850
2308	1918
2309	1935
2310	1803
2311	1852
2312	1926
2313	1808
2314	1820
2315	1938
2316	2061
2317	1894
2318	1971
2319	2041
2320	2045
2321	1914
2322	2194
2323	1880
2324	1822
2325	1951
2326	1918
2327	1965
2328	1905
2329	1975
2330	1813
2331	1844
2332	1933
2333	1805
2334	1707
2335	1933
2336	1703
2337	1887
2338	1678
2339	1903
2340	1803
2341	1894
2342	1964
2343	1894
2344	1820
2345	1801
2346	1771
2347	1863
2348	1865
2349	1825
2350	1916
2351	1825
2352	1875
2353	1763
2354	1653
2355	1871
2356	1887
2357	1982
2358	1893
2359	1752
2360	1708
2361	1766
2362	1788
2363	1886
2364	1674
2365	1645
2366	1683
2367	1663
2368	1804
2369	1691
2370	1758
2371	1736
2372	1725
2373	1828
2374	1829
2375	1819
2376	1871
2377	1795
2378	1744
2379	1733
2380	1596
2381	1868
2382	1883
2383	1954
2384	1760
2385	1955
2386	1740
2387	1636
2388	1772
2389	1728
2390	1600
2391	1708
2392	1750
2393	1730
2394	1636
2395	1628
2396	1666
2397	1619
2398	1808
2399	1718
2400	1645
2401	1678
2402	1640
2403	1616
2404	1754
2405	1868
2406	1642
2407	1728
2408	1688
2409	1683
2410	1711
2411	1645
2412	1512
2413	1623
2414	1615
2415	1654
2416	1591
2417	1746
2418	1703
2419	1643
2420	1601
2421	1493
2422	1632
2423	1607
2424	1577
2425	1597
2426	1684
2427	1601
2428	1520
2429	1694
2430	1588
2431	1693
2432	1472
2433	1601
2434	1547
2435	1617
2436	1616
2437	1536
2438	1483
2439	1504
2440	1652
2441	1668
2442	1481
2443	1632
2444	1551
2445	1558
2446	1652
2447	1467
2448	1577
2449	1593
2450	1599
2451	1643
2452	1471
2453	1594
2454	1543
2455	1550
2456	1485
2457	1514
2458	1512
2459	1476
2460	1489
2461	1618
2462	1551
2463	1507
2464	1390
2465	1527
2466	1678
2467	1540
2468	1612
2469	1537
2470	1647
2471	1532
2472	1579
2473	1719
2474	1562
2475	1650
2476	1576
2477	1513
2478	1467
2479	1673
2480	1531
2481	1576
2482	1493
2483	1616
2484	1611
2485	1596
2486	1624
2487	1663
2488	1587
2489	1530
2490	1532
2491	1587
2492	1648
2493	1589
2494	1551
2495	1584
2496	1573
2497	1628
2498	1658
2499	1548
2500	1513
2501	1562
2502	1571
2503	1608
2504	1507
2505	1543
2506	1613
2507	1600
2508	1599
2509	1523
2510	1573
2511	1589
2512	1672
2513	1618
2514	1620
2515	1605
2516	1621
2517	1556
2518	1671
2519	1595
2520	1675
2521	1557
2522	1673
2523	1624
2524	1618
2525	1522
2526	1598
2527	1506
2528	1624
2529	1538
2530	1522
2531	1641
2532	1535
2533	1523
2534	1582
2535	1498
2536	1574
2537	1604
2538	1604
2539	1515
2540	1667
2541	1622
2542	1598
2543	1594
2544	1528
2545	1582
2546	1556
2547	1512
2548	1560
2549	1604
2550	1441
2551	1547
2552	1600
2553	1599
2554	1442
2555	1511
2556	1563
2557	1464
2558	1691
2559	1575
2560	1424
2561	1672
2562	1562
2563	1518
2564	1446
2565	1496
2566	1532
2567	1605
2568	1713
2569	1582
2570	1560
2571	1573
2572	1566
2573	1516
2574	1613
2575	1590
2576	1580
2577	1528
2578	1529
2579	1543
2580	1511
2581	1497
2582	1459
2583	1582
2584	1612
2585	1511
2586	1574
2587	1602
2588	1605
2589	1523
2590	1548
2591	1633
2592	1491
2593	1535
2594	1584
2595	1532
2596	1463
2597	1476
2598	1457
2599	1504
2600	1682
2601	1561
2602	1529
2603	1568
2604	1616
2605	1548
2606	1496
2607	1528
2608	1494
2609	1491
2610	1444
2611	1373
2612	1527
2613	1543
2614	1484
2615	1579
2616	1562
2617	1566
2618	1570
2619	1481
2620	1639
2621	1421
2622	1643
2623	1659
2624	1666
2625	1529
2626	1536
2627	1546
2628	1563
2629	1612
2630	1560
2631	1443
2632	1684
2633	1691
2634	1636
2635	1660
2636	1559
2637	1651
2638	1643
2639	1618
2640	1724
2641	1656
2642	1518
2643	1656
2644	1610
2645	1674
2646	1554
2647	1624
2648	1620
2649	1521
2650	1565
2651	1599
2652	1568
2653	1559
2654	1859
2655	1726
2656	1622
2657	1662
2658	1537
2659	1458
2660	1542
2661	1678
2662	1507
2663	1489
2664	1625
2665	1670
2666	1601
2667	1567
2668	1588
2669	1578
2670	1523
2671	1877
2672	1900
2673	1752
2674	1873
2675	2105
2676	1682
2677	1640
2678	1938
2679	3264
2680	2351
2681	1658
2682	1689
2683	1656
2684	1866
2685	1602
2686	1788
2687	1535
2688	1600
2689	1638
2690	1719
2691	1666
2692	1607
2693	1688
2694	1568
2695	1574
2696	1655
2697	1657
2698	1604
2699	1608
2700	1614
2701	1672
2702	1783
2703	1552
2704	1590
2705	1559
2706	1499
2707	1578
2708	1590
2709	1781
2710	1755
2711	1758
2712	1738
2713	1489
2714	1465
2715	1538
2716	1528
2717	1490
2718	1576
2719	1523
2720	1545
2721	1612
2722	1695
2723	1600
2724	1569
2725	1538
2726	1494
2727	1536
2728	1488
2729	1453
2730	1537
2731	1509
2732	1450
2733	1509
2734	1474
2735	1386
2736	1384
2737	1576
2738	1408
2739	1491
2740	1546
2741	1486
2742	1534
2743	1456
2744	1463
2745	1526
2746	1442
2747	1548
2748	1440
2749	1460
2750	1398
2751	1444
2752	1340
2753	1374
2754	1403
2755	1502
2756	1410
2757	1436
2758	1488
2759	1355
2760	1421
2761	1557
2762	1536
2763	1424
2764	1651
2765	1375
2766	1452
2767	1444
2768	1534
2769	1648
2770	1472
2771	1451
2772	1448
2773	1344
2774	1481
2775	1471
2776	1483
2777	1429
2778	1488
2779	1500
2780	1511
2781	1353
2782	1366
2783	1356
2784	1340
2785	1495
2786	1347
2787	1358
2788	1339
2789	1321
2790	1507
2791	1384
2792	1423
2793	1481
2794	1493
2795	1395
2796	1481
2797	1441
2798	1506
2799	1395
2800	1454
2801	1362
2802	1428
2803	1359
2804	1495
2805	1433
2806	1421
2807	1411
2808	1466
2809	1485
2810	1451
2811	1419
2812	1427
2813	1422
2814	1421
2815	1461
2816	1378
2817	1486
2818	1383
2819	1491
2820	1381
2821	1370
2822	1412
2823	1422
2824	1417
2825	1431
2826	1453
2827	1411
2828	1399
2829	1407
2830	1438
2831	1397
2832	1406
2833	1349
2834	1362
2835	1397
2836	1343
2837	1402
2838	1339
2839	1386
2840	1410
2841	1434
2842	1186
2843	1372
2844	1359
2845	1358
2846	1398
2847	1350
2848	1393
2849	1406
2850	1281
2851	1247
2852	1411
2853	1499
2854	1449
2855	1418
2856	1358
2857	1388
2858	1327
2859	1405
2860	1346
2861	1350
2862	1418
2863	1549
2864	1422
2865	1459
2866	1392
2867	1457
2868	1461
2869	1361
2870	1350
2871	1413
2872	1370
2873	1306
2874	1436
2875	1330
2876	1464
2877	1438
2878	1322
2879	1425
2880	1334
2881	1414
2882	1392
2883	1354
2884	1469
2885	1417
2886	1344
2887	1311
2888	1389
2889	1384
2890	1351
2891	1427
2892	1395
2893	1358
2894	1384
2895	1377
2896	1409
2897	1497
2898	1432
2899	1312
2900	1429
2901	1379
2902	1453
2903	1387
2904	1369
2905	1330
2906	1407
2907	1340
2908	1404
2909	1419
2910	1375
2911	1437
2912	1419
2913	1427
2914	1440
2915	1400
2916	1284
2917	1437
2918	1379
2919	1471
2920	1406
2921	1425
2922	1365
2923	1378
2924	1331
2925	1298
2926	1440
2927	1419
2928	1444
2929	1408
2930	1293
2931	1418
2932	1400
2933	1342
2934	1410
2935	1436
2936	1394
2937	1446
2938	1392
2939	1383
2940	1284
2941	1280
2942	1314
2943	1308
2944	1519
2945	1382
2946	1418
2947	1364
2948	1433
2949	1417
2950	1407
2951	1373
2952	1380
2953	1327
2954	1404
2955	1366
2956	1313
2957	1380
2958	1364
2959	1408
2960	1373
2961	1422
2962	1337
2963	1437
2964	1448
2965	1489
2966	1385
2967	1459
2968	1407
2969	1389
2970	1424
2971	1448
2972	1382
2973	1366
2974	1337
2975	1400
2976	1461
2977	1564
2978	1359
2979	1411
2980	1564
2981	1546
2982	1287
2983	1340
2984	1399
2985	1439
2986	1398
2987	1345
2988	1397
2989	1446
2990	1463
2991	1544
2992	1330
2993	1418
2994	1497
2995	1446
2996	1369
2997	1480
2998	1426
2999	1446
3000	1319
3001	1483
3002	1468
3003	1471
3004	1511
3005	1435
3006	1410
3007	1438
3008	1452
3009	1388
3010	1396
3011	1488
3012	1314
3013	1387
3014	1483
3015	1514
3016	1420
3017	1353
3018	1342
3019	1311
3020	1330
3021	1314
3022	1361
3023	1274
3024	1472
3025	1415
3026	1342
3027	1365
3028	1385
3029	1338
3030	1385
3031	1337
3032	1319
3033	1367
3034	1393
3035	1367
3036	1299
3037	1391
3038	1389
3039	1354
3040	1360
3041	1409
3042	1311
3043	1310
3044	1341
3045	1366
3046	1312
3047	1395
3048	1350
3049	1326
3050	1400
3051	1355
3052	1377
3053	1402
3054	1417
3055	1497
3056	1522
3057	1369
3058	1400
3059	1458
3060	1527
3061	1419
3062	1359
3063	1509
3064	1412
3065	1371
3066	1479
3067	1462
3068	1455
3069	1350
3070	1404
3071	1443
3072	1497
3073	1485
3074	1548
3075	1399
3076	1416
3077	1435
3078	1389
3079	1529
3080	1524
3081	1456
3082	1457
3083	1368
3084	1339
3085	1473
3086	1454
3087	1465
3088	1275
3089	1421
3090	1496
3091	1273
3092	1370
3093	1419
3094	1467
3095	1456
3096	1524
3097	1440
3098	1380
3099	1526
3100	1488
3101	1473
3102	1455
3103	1477
3104	1612
3105	1386
3106	1500
3107	1571
3108	1449
3109	1471
3110	1561
3111	1358
3112	1410
3113	1389
3114	1447
3115	1320
3116	1657
3117	1348
3118	1524
3119	1397
3120	1341
3121	1386
3122	1473
3123	1352
3124	1414
3125	1464
3126	1365
3127	1405
3128	1482
3129	1408
3130	1285
3131	1431
3132	1429
3133	1353
3134	1411
3135	1415
3136	1357
3137	1332
3138	1430
3139	1346
3140	1349
3141	1389
3142	1371
3143	1262
3144	1475
3145	1294
3146	1349
3147	1358
3148	1370
3149	1360
3150	1438
3151	1295
3152	1405
3153	1340
3154	1395
3155	1370
3156	1310
3157	1355
3158	1400
3159	1302
3160	1318
3161	1383
3162	1304
3163	1391
3164	1317
3165	1393
3166	1446
3167	1337
3168	1430
3169	1424
3170	1282
3171	1396
3172	1351
3173	1331
3174	1352
3175	1307
3176	1258
3177	1345
3178	1300
3179	1382
3180	1283
3181	1402
3182	1332
3183	1393
3184	1291
3185	1335
3186	1342
3187	1222
3188	1377
3189	1279
3190	1412
3191	1329
3192	1329
3193	1359
3194	1352
3195	1361
3196	1340
3197	1398
3198	1319
3199	1285
3200	1298
3201	1291
3202	1313
3203	1172
3204	1382
3205	1257
3206	1329
3207	1351
3208	1285
3209	1341
3210	1395
3211	1323
3212	1378
3213	1336
3214	1277
3215	1198
3216	1255
3217	1169
3218	1252
3219	1359
3220	1316
3221	1341
3222	1296
3223	1287
3224	1233
3225	1284
3226	1313
3227	1256
3228	1221
3229	1288
3230	1287
3231	1249
3232	1276
3233	1331
3234	1319
3235	1314
3236	1306
3237	1303
3238	1325
3239	1322
3240	1333
3241	1354
3242	1237
3243	1304
3244	1395
3245	1261
3246	1174
3247	1212
3248	1253
3249	1200
3250	1332
3251	1254
3252	1273
3253	1312
3254	1343
3255	1313
3256	1292
3257	1295
3258	1309
3259	1195
3260	1307
3261	1362
3262	1275
3263	1194
3264	1347
3265	1214
3266	1331
3267	1299
3268	1289
3269	1360
3270	1333
3271	1255
3272	1276
3273	1276
3274	1317
3275	1283
3276	1323
3277	1271
3278	1230
3279	1365
3280	1162
3281	1290
3282	1249
3283	1277
3284	1176
3285	1211
3286	1263
3287	1379
3288	1282
3289	1285
3290	1176
3291	1234
3292	1164
3293	1373
3294	1213
3295	1188
3296	1311
3297	1341
3298	1337
3299	1295
3300	1327
3301	1329
3302	1287
3303	1322
3304	1259
3305	1221
3306	1269
3307	1281
3308	1376
3309	1296
3310	1346
3311	1301
3312	1243
3313	1245
3314	1347
3315	1273
3316	1295
3317	1263
3318	1263
3319	1290
3320	1311
3321	1297
3322	1372
3323	1416
3324	1268
3325	1322
3326	1220
3327	1266
3328	1352
3329	1300
3330	1257
3331	1354
3332	1260
3333	1314
3334	1331
3335	1308
3336	1320
3337	1249
3338	1277
3339	1301
3340	1307
3341	1340
3342	1293
3343	1350
3344	1310
3345	1308
3346	1269
3347	1263
3348	1319
3349	1305
3350	1347
3351	1185
3352	1265
3353	1296
3354	1356
3355	1228
3356	1246
3357	1312
3358	1112
3359	1209
3360	1261
3361	1325
3362	1248
3363	1298
3364	1293
3365	1267
3366	1127
3367	1201
3368	1205
3369	1330
3370	1195
3371	1250
3372	1205
3373	1164
3374	1192
3375	1192
3376	1217
3377	1162
3378	1140
3379	1239
3380	1133
3381	1277
3382	1207
3383	1213
3384	1274
3385	1071
3386	1151
3387	1150
3388	1196
3389	1135
3390	1207
3391	1123
3392	1169
3393	1239
3394	1132
3395	1145
3396	1189
3397	1266
3398	1159
3399	1182
3400	1193
3401	1127
3402	1194
3403	1166
3404	1228
3405	1156
3406	1207
3407	1158
3408	1092
3409	1279
3410	1264
3411	1238
3412	1317
3413	1192
3414	1257
3415	1129
3416	1147
3417	1081
3418	1195
3419	1226
3420	1182
3421	1221
3422	1157
3423	1237
3424	1122
3425	1172
3426	1230
3427	1074
3428	1141
3429	1190
3430	1193
3431	1104
3432	1112
3433	1121
3434	1296
3435	1231
3436	1173
3437	1090
3438	1163
3439	1148
3440	1163
3441	1104
3442	1181
3443	1241
3444	1050
3445	1108
3446	1114
3447	1187
3448	1111
3449	1200
3450	1161
3451	1141
3452	1114
3453	1153
3454	1165
3455	1091
3456	1081
3457	1078
3458	1089
3459	1070
3460	1143
3461	1095
3462	1135
3463	1096
3464	1046
3465	1186
3466	1191
3467	1116
3468	1099
3469	1149
3470	1086
3471	1035
3472	1083
3473	1128
3474	1225
3475	1074
3476	1073
3477	1102
3478	1085
3479	1143
3480	1024
3481	1122
3482	1093
3483	1057
3484	1098
3485	1129
3486	1148
3487	1083
3488	1099
3489	1133
3490	1195
3491	1111
3492	1085
3493	1077
3494	1148
3495	1118
3496	1186
3497	1069
3498	1054
3499	1172
3500	1070
3501	1173
3502	1133
3503	1179
3504	1218
3505	1104
3506	1054
3507	1081
3508	1157
3509	1055
3510	1013
3511	1076
3512	1057
3513	1201
3514	1194
3515	1035
3516	1041
3517	1132
3518	1115
3519	1139
3520	1114
3521	1118
3522	1066
3523	1021
3524	1105
3525	1163
3526	1064
3527	1111
3528	1070
3529	1091
3530	1094
3531	1068
3532	1063
3533	1133
3534	1156
3535	1190
3536	1008
3537	1110
3538	1115
3539	1038
3540	1000
3541	1126
3542	1062
3543	1119
3544	1013
3545	1150
3546	1207
3547	1123
3548	1201
3549	1089
3550	1036
3551	998
3552	1147
3553	1085
3554	1128
3555	1138
3556	1083
3557	1145
3558	1125
3559	1184
3560	1026
3561	1088
3562	1163
3563	1087
3564	1148
3565	1021
3566	1098
3567	1130
3568	1102
3569	1080
3570	1179
3571	1120
3572	1129
3573	1068
3574	1138
3575	1074
3576	1142
3577	1191
3578	1210
3579	1117
3580	1128
3581	1153
3582	1016
3583	994
3584	1178
3585	1161
3586	1196
3587	1181
3588	1122
3589	1084
3590	1085
3591	1162
3592	1054
3593	1044
3594	1253
3595	1172
3596	1076
3597	1109
3598	1113
3599	1226
3600	1075
3601	1073
3602	1101
3603	1169
3604	1162
3605	1081
3606	1091
3607	1049
3608	1118
3609	1136
3610	1148
3611	1081
3612	1039
3613	1062
3614	1070
3615	1203
3616	1128
3617	1077
3618	1147
3619	1223
3620	1179
3621	1154
3622	1086
3623	1152
3624	1148
3625	1042
3626	1086
3627	1070
3628	1166
3629	1111
3630	1045
3631	1119
3632	1105
3633	1143
3634	1132
3635	1011
3636	1154
3637	1104
3638	1185
3639	1159
3640	1110
3641	1080
3642	1049
3643	1103
3644	1180
3645	1126
3646	1091
3647	1151
3648	1143
3649	1055
3650	1030
3651	1032
3652	1124
3653	1096
3654	1104
3655	1186
3656	1154
3657	1163
3658	1082
3659	1081
3660	1121
3661	1032
3662	1081
3663	1050
3664	1177
3665	1045
3666	1103
3667	1060
3668	1071
3669	1062
3670	1016
3671	1140
3672	1117
3673	1067
3674	1073
3675	1227
3676	1161
3677	1198
3678	1199
3679	1108
3680	1151
3681	1197
3682	1177
3683	1142
3684	1005
3685	1076
3686	1252
3687	1061
3688	1100
3689	1063
3690	1157
3691	1188
3692	1080
3693	1184
3694	1081
3695	1020
3696	1201
3697	1147
3698	1215
3699	1210
3700	1137
3701	1263
3702	1275
3703	1235
3704	1148
3705	1190
3706	1320
3707	1144
3708	1141
3709	1219
3710	1075
3711	1146
3712	1217
3713	1082
3714	1230
3715	1205
3716	1107
3717	1236
3718	1263
3719	1242
3720	1103
3721	1215
3722	1249
3723	1084
3724	1242
3725	1142
3726	1189
3727	1249
3728	1194
3729	1153
3730	1209
3731	1133
3732	1257
3733	1135
3734	1124
3735	1214
3736	1219
3737	1267
3738	1220
3739	1173
3740	1132
3741	1085
3742	1055
3743	1222
3744	1214
3745	1141
3746	1099
3747	1090
3748	1132
3749	1155
3750	1116
3751	1174
3752	1284
3753	1186
3754	1262
3755	1179
3756	1139
3757	1162
3758	1176
3759	1135
3760	1093
3761	1085
3762	1136
3763	1108
3764	1107
3765	1118
3766	1082
3767	1160
3768	1189
3769	1156
3770	1126
3771	1143
3772	1129
3773	1012
3774	1093
3775	1106
3776	1074
3777	1051
3778	1036
3779	1103
3780	1123
3781	1090
3782	1080
3783	1024
3784	1154
3785	1100
3786	1157
3787	1138
3788	1164
3789	1069
3790	1015
3791	1054
3792	1074
3793	997
3794	1024
3795	1074
3796	994
3797	1056
3798	1131
3799	1113
3800	1056
3801	1088
3802	1178
3803	1054
3804	1001
3805	1096
3806	1040
3807	994
3808	1040
3809	1046
3810	1096
3811	1030
3812	1049
3813	909
3814	1003
3815	1016
3816	1045
3817	1073
3818	976
3819	1002
3820	970
3821	1005
3822	918
3823	1000
3824	852
3825	965
3826	1050
3827	954
3828	1000
3829	817
3830	1027
3831	881
3832	905
3833	998
3834	1001
3835	1041
3836	875
3837	918
3838	1031
3839	928
3840	917
3841	945
3842	1004
3843	938
3844	967
3845	944
3846	981
3847	1000
3848	917
3849	984
3850	979
3851	991
3852	900
3853	900
3854	963
3855	886
3856	973
3857	1008
3858	970
3859	917
3860	958
3861	978
3862	990
3863	964
3864	916
3865	968
3866	989
3867	960
3868	900
3869	953
3870	942
3871	979
3872	915
3873	949
3874	930
3875	901
3876	992
3877	937
3878	898
3879	979
3880	1042
3881	974
3882	1014
3883	1063
3884	952
3885	997
3886	1039
3887	949
3888	909
3889	1014
3890	1002
3891	1004
3892	973
3893	1031
3894	1017
3895	1040
3896	919
3897	980
3898	974
3899	986
3900	999
3901	1086
3902	914
3903	1008
3904	962
3905	937
3906	968
3907	1008
3908	892
3909	1044
3910	1012
3911	1043
3912	1085
3913	1103
3914	1069
3915	1007
3916	1002
3917	1064
3918	998
3919	1015
3920	1050
3921	1055
3922	1103
3923	999
3924	1049
3925	1061
3926	1075
3927	1022
3928	1065
3929	1084
3930	1022
3931	1162
3932	1106
3933	1136
3934	1000
3935	1042
3936	1125
3937	1069
3938	1052
3939	1086
3940	1058
3941	1051
3942	1085
3943	1018
3944	1061
3945	1021
3946	1065
3947	1130
3948	1094
3949	1051
3950	936
3951	1038
3952	997
3953	1121
3954	1051
3955	1006
3956	1068
3957	1088
3958	1095
3959	955
3960	1108
3961	1048
3962	1071
3963	1024
3964	979
3965	1028
3966	1023
3967	1052
3968	1153
3969	1072
3970	901
3971	1013
3972	1043
3973	1052
3974	1095
3975	1007
3976	1008
3977	1017
3978	915
3979	1111
3980	1062
3981	1054
3982	1082
3983	1044
3984	1091
3985	981
3986	927
3987	995
3988	1031
3989	980
3990	984
3991	1034
3992	1016
3993	1053
3994	1006
3995	946
3996	960
3997	984
3998	972
3999	864
4000	972
4001	999
4002	981
4003	973
4004	964
4005	905
4006	1004
4007	973
4008	1012
4009	1061
4010	986
4011	1046
4012	966
4013	1051
4014	962
4015	1068
4016	947
4017	963
4018	933
4019	1103
4020	1069
4021	1018
4022	975
4023	961
4024	998
4025	1063
4026	1136
4027	1063
4028	1023
4029	954
4030	991
4031	949
4032	1035
4033	1016
4034	1061
4035	1093
4036	976
4037	973
4038	913
4039	962
4040	934
4041	969
4042	971
4043	1006
4044	950
4045	1032
4046	930
4047	995
4048	1074
4049	971
4050	854
4051	989
4052	984
4053	1022
4054	961
4055	1045
4056	976
4057	926
4058	1003
4059	819
4060	992
4061	967
4062	963
4063	929
4064	931
4065	1009
4066	986
4067	923
4068	913
4069	880
4070	1010
4071	1071
4072	1009
4073	966
4074	980
4075	1112
4076	959
4077	933
4078	949
4079	1038
4080	908
4081	916
4082	1068
4083	915
4084	931
4085	939
4086	1067
4087	987
4088	903
4089	885
4090	883
4091	930
4092	989
4093	938
4094	853
4095	992
4096	908
4097	949
4098	1014
4099	1006
4100	846
4101	1035
4102	903
4103	974
4104	987
4105	988
4106	905
4107	938
4108	928
4109	892
4110	962
4111	984
4112	854
4113	965
4114	1043
4115	1045
4116	940
4117	984
4118	981
4119	969
4120	989
4121	924
4122	965
4123	952
4124	928
4125	991
4126	1050
4127	914
4128	928
4129	848
4130	928
4131	975
4132	944
4133	864
4134	872
4135	914
4136	929
4137	944
4138	929
4139	1014
4140	960
4141	874
4142	956
4143	904
4144	916
4145	847
4146	864
4147	872
4148	874
4149	909
4150	1047
4151	971
4152	927
4153	884
4154	885
4155	921
4156	930
4157	832
4158	817
4159	928
4160	910
4161	940
4162	897
4163	881
4164	895
4165	857
4166	852
4167	849
4168	866
4169	884
4170	883
4171	879
4172	942
4173	988
4174	920
4175	882
4176	914
4177	916
4178	965
4179	842
4180	916
4181	826
4182	906
4183	916
4184	927
4185	931
4186	969
4187	920
4188	899
4189	926
4190	940
4191	988
4192	938
4193	848
4194	876
4195	825
4196	873
4197	919
4198	981
4199	866
4200	891
4201	849
4202	939
4203	880
4204	906
4205	936
4206	968
4207	880
4208	891
4209	932
4210	896
4211	881
4212	883
4213	884
4214	881
4215	872
4216	823
4217	879
4218	860
4219	867
4220	862
4221	904
4222	803
4223	817
4224	926
4225	829
4226	858
4227	904
4228	928
4229	960
4230	986
4231	903
4232	850
4233	885
4234	867
4235	892
4236	879
4237	962
4238	896
4239	939
4240	962
4241	919
4242	945
4243	941
4244	903
4245	923
4246	998
4247	873
4248	908
4249	917
4250	901
4251	819
4252	791
4253	897
4254	931
4255	896
4256	838
4257	869
4258	936
4259	892
4260	897
4261	869
4262	879
4263	827
4264	913
4265	954
4266	896
4267	903
4268	859
4269	908
4270	936
4271	921
4272	893
4273	941
4274	892
4275	868
4276	997
4277	930
4278	879
4279	880
4280	956
4281	1013
4282	1033
4283	935
4284	901
4285	880
4286	843
4287	908
4288	930
4289	984
4290	933
4291	893
4292	835
4293	927
4294	897
4295	945
4296	920
4297	951
4298	883
4299	854
4300	858
4301	842
4302	919
4303	818
4304	895
4305	894
4306	845
4307	960
4308	902
4309	900
4310	923
4311	950
4312	885
4313	868
4314	893
4315	932
4316	847
4317	819
4318	826
4319	790
4320	840
4321	845
4322	832
4323	891
4324	861
4325	841
4326	769
4327	769
4328	908
4329	863
4330	853
4331	765
4332	919
4333	880
4334	935
4335	799
4336	853
4337	758
4338	771
4339	847
4340	800
4341	860
4342	884
4343	897
4344	862
4345	754
4346	788
4347	824
4348	854
4349	713
4350	793
4351	872
4352	818
4353	820
4354	869
4355	848
4356	812
4357	809
4358	729
4359	860
4360	818
4361	845
4362	763
4363	873
4364	816
4365	789
4366	798
4367	777
4368	845
4369	774
4370	833
4371	831
4372	806
4373	842
4374	787
4375	773
4376	821
4377	781
4378	822
4379	812
4380	831
4381	767
4382	814
4383	828
4384	728
4385	828
4386	839
4387	752
4388	809
4389	770
4390	881
4391	769
4392	774
4393	841
4394	814
4395	837
4396	808
4397	748
4398	814
4399	864
4400	764
4401	788
4402	771
4403	804
4404	758
4405	812
4406	777
4407	863
4408	822
4409	810
4410	791
4411	803
4412	845
4413	848
4414	776
4415	861
4416	870
4417	809
4418	774
4419	769
4420	653
4421	809
4422	791
4423	782
4424	728
4425	732
4426	709
4427	767
4428	776
4429	790
4430	770
4431	786
4432	785
4433	771
4434	796
4435	787
4436	777
4437	703
4438	738
4439	735
4440	783
4441	735
4442	822
4443	777
4444	747
4445	799
4446	852
4447	772
4448	790
4449	818
4450	720
4451	828
4452	761
4453	806
4454	738
4455	740
4456	743
4457	751
4458	751
4459	741
4460	722
4461	797
4462	793
4463	699
4464	765
4465	710
4466	754
4467	766
4468	789
4469	690
4470	785
4471	702
4472	719
4473	775
4474	811
4475	705
4476	751
4477	859
4478	743
4479	733
4480	743
4481	771
4482	762
4483	742
4484	797
4485	764
4486	757
4487	771
4488	706
4489	722
4490	683
4491	743
4492	726
4493	700
4494	746
4495	721
4496	760
4497	825
4498	778
4499	725
4500	794
4501	743
4502	846
4503	809
4504	731
4505	825
4506	803
4507	716
4508	825
4509	755
4510	837
4511	729
4512	760
4513	810
4514	821
4515	790
4516	762
4517	789
4518	816
4519	874
4520	833
4521	783
4522	758
4523	738
4524	770
4525	789
4526	705
4527	741
4528	830
4529	772
4530	783
4531	699
4532	736
4533	782
4534	770
4535	768
4536	717
4537	754
4538	753
4539	761
4540	792
4541	725
4542	778
4543	777
4544	807
4545	808
4546	676
4547	737
4548	745
4549	768
4550	747
4551	766
4552	678
4553	696
4554	747
4555	650
4556	750
4557	699
4558	804
4559	731
4560	716
4561	621
4562	771
4563	733
4564	691
4565	665
4566	748
4567	668
4568	736
4569	699
4570	717
4571	661
4572	687
4573	719
4574	732
4575	749
4576	713
4577	789
4578	671
4579	736
4580	779
4581	703
4582	818
4583	694
4584	725
4585	674
4586	767
4587	731
4588	809
4589	768
4590	723
4591	761
4592	672
4593	774
4594	683
4595	781
4596	813
4597	749
4598	756
4599	747
4600	771
4601	817
4602	818
4603	728
4604	807
4605	773
4606	757
4607	752
4608	680
4609	814
4610	752
4611	761
4612	779
4613	831
4614	736
4615	806
4616	717
4617	815
4618	761
4619	775
4620	819
4621	749
4622	727
4623	815
4624	846
4625	811
4626	815
4627	841
4628	783
4629	824
4630	746
4631	822
4632	915
4633	780
4634	750
4635	786
4636	887
4637	796
4638	773
4639	774
4640	802
4641	737
4642	765
4643	770
4644	779
4645	724
4646	848
4647	818
4648	790
4649	787
4650	795
4651	902
4652	794
4653	774
4654	825
4655	822
4656	780
4657	837
4658	829
4659	709
4660	823
4661	757
4662	811
4663	836
4664	814
4665	757
4666	776
4667	793
4668	802
4669	824
4670	743
4671	753
4672	746
4673	752
4674	739
4675	799
4676	777
4677	717
4678	831
4679	741
4680	749
4681	768
4682	723
4683	763
4684	844
4685	856
4686	803
4687	712
4688	798
4689	754
4690	693
4691	754
4692	811
4693	745
4694	687
4695	714
4696	741
4697	766
4698	743
4699	824
4700	792
4701	788
4702	705
4703	689
4704	700
4705	755
4706	760
4707	680
4708	727
4709	751
4710	807
4711	771
4712	817
4713	769
4714	735
4715	774
4716	704
4717	684
4718	760
4719	764
4720	723
4721	726
4722	686
4723	753
4724	737
4725	771
4726	660
4727	800
4728	658
4729	772
4730	726
4731	740
4732	739
4733	843
4734	746
4735	733
4736	762
4737	769
4738	741
4739	729
4740	649
4741	759
4742	739
4743	679
4744	735
4745	852
4746	795
4747	724
4748	727
4749	719
4750	803
4751	835
4752	757
4753	766
4754	755
4755	829
4756	740
4757	732
4758	733
4759	807
4760	788
4761	716
4762	813
4763	730
4764	739
4765	698
4766	822
4767	782
4768	765
4769	811
4770	742
4771	695
4772	755
4773	793
4774	713
4775	757
4776	775
4777	809
4778	836
4779	774
4780	835
4781	795
4782	864
4783	787
4784	728
4785	751
4786	691
4787	754
4788	724
4789	693
4790	750
4791	691
4792	691
4793	772
4794	745
4795	791
4796	754
4797	656
4798	787
4799	771
4800	826
4801	746
4802	805
4803	781
4804	799
4805	735
4806	765
4807	803
4808	717
4809	704
4810	758
4811	778
4812	723
4813	744
4814	759
4815	819
4816	789
4817	766
4818	741
4819	749
4820	813
4821	801
4822	827
4823	710
4824	714
4825	897
4826	857
4827	820
4828	804
4829	825
4830	800
4831	769
4832	794
4833	808
4834	762
4835	753
4836	744
4837	743
4838	715
4839	727
4840	809
4841	705
4842	844
4843	906
4844	788
4845	788
4846	849
4847	803
4848	816
4849	894
4850	902
4851	842
4852	870
4853	830
4854	1121
4855	728
4856	649
4857	677
4858	684
4859	715
4860	697
4861	728
4862	715
4863	718
4864	723
4865	790
4866	735
4867	837
4868	691
4869	733
4870	781
4871	755
4872	639
4873	645
4874	719
4875	760
4876	720
4877	745
4878	647
4879	713
4880	799
4881	762
4882	694
4883	680
4884	753
4885	724
4886	714
4887	720
4888	746
4889	673
4890	657
4891	658
4892	701
4893	675
4894	686
4895	739
4896	762
4897	623
4898	634
4899	704
4900	674
4901	661
4902	612
4903	654
4904	764
4905	668
4906	660
4907	686
4908	637
4909	754
4910	702
4911	663
4912	609
4913	711
4914	608
4915	677
4916	765
4917	671
4918	666
4919	744
4920	710
4921	665
4922	685
4923	672
4924	700
4925	632
4926	691
4927	638
4928	718
4929	689
4930	634
4931	670
4932	690
4933	659
4934	632
4935	793
4936	686
4937	746
4938	683
4939	742
4940	715
4941	743
4942	713
4943	758
4944	660
4945	668
4946	687
4947	696
4948	675
4949	723
4950	730
4951	683
4952	740
4953	654
4954	671
4955	652
4956	759
4957	625
4958	663
4959	736
4960	719
4961	660
4962	734
4963	673
4964	657
4965	693
4966	632
4967	700
4968	729
4969	699
4970	643
4971	678
4972	717
4973	742
4974	671
4975	684
4976	623
4977	721
4978	756
4979	735
4980	630
4981	625
4982	598
4983	612
4984	684
4985	727
4986	701
4987	661
4988	646
4989	612
4990	667
4991	708
4992	628
4993	606
4994	677
4995	669
4996	659
4997	703
4998	703
4999	653
5000	761
5001	618
5002	653
5003	643
5004	722
5005	714
5006	700
5007	660
5008	637
5009	572
5010	680
5011	745
5012	605
5013	670
5014	738
5015	656
5016	688
5017	689
5018	555
5019	725
5020	578
5021	549
5022	644
5023	685
5024	682
5025	594
5026	656
5027	656
5028	690
5029	685
5030	718
5031	650
5032	716

